AppID,Genres,total_review_num,total_pos_num,total_neg_num
20200,"Casual,Indie,Sports",8,1,7
655370,"Action,Indie",20,17,3
1732930,"Action,Adventure,Indie,Strategy",0,0,0
1355720,"Adventure,Casual,Indie",0,0,0
1139950,"Adventure,Indie",10,8,2
1469160,"Adventure,Casual,Free to Play,Massively Multiplayer,RPG,Strategy",0,0,0
1659180,"Indie,Strategy",13,10,3
1968760,Casual,0,0,0
1178150,"Adventure,RPG,Simulation,Strategy",19,19,0
320150,"Action,Adventure,Indie",21,15,6
1026420,"Indie,RPG",241,183,58
485000,Strategy,13,8,5
1620060,"Casual,Indie",4,4,0
825930,"Casual,Indie",15,11,4
1454010,"Action,Adventure,Indie,RPG,Strategy,Early Access",5,4,1
22670,Action,125,87,38
1330820,"Action,Casual,Simulation,Sports",13,13,0
346560,"Adventure,Casual,Indie,RPG",574,538,36
1097880,"Casual,Indie",301,244,57
1362670,"Action,Adventure,Casual,Indie,Early Access",3,2,1
290870,"Indie,Strategy",22,8,14
575760,"Action,Adventure,Casual,Indie",10,4,6
434030,"Action,Indie,Racing,Simulation",1117,886,231
810740,"Action,Adventure,Casual,Indie",0,0,0
2073470,"Massively Multiplayer,Racing,Simulation,Sports",648,575,73
589250,"Action,Indie,Simulation",47,28,19
677880,Casual,8,5,3
1294780,Casual,26,26,0
1342850,"Casual,Indie,Simulation,Strategy",18,15,3
1177420,"Adventure,Casual,Indie,RPG,Simulation",280,258,22
793990,"Casual,Indie",6,3,3
1727670,Utilities,2,1,1
955490,"Adventure,Indie",5,3,2
552350,"Adventure,Indie,RPG",17,9,8
42500,"Action,Indie",153,96,57
1195610,"Action,Strategy,Early Access",0,0,0
1095380,Casual,5,3,2
1158910,"Adventure,Casual,Indie",7,5,2
1194940,"Indie,RPG",17,13,4
262150,"Action,Casual,Indie",796,538,258
1192900,"Action,Indie,Early Access",165,137,28
866150,"Adventure,Casual,Indie",3,2,1
231330,"Action,Adventure",494,360,134
1056520,Indie,7,5,2
897820,"Adventure,Indie,RPG",234,167,67
658970,"Casual,Free to Play,Indie,Massively Multiplayer,RPG,Simulation",0,0,0
1777550,"Action,Adventure,Indie",0,0,0
552520,"Action,Adventure",47603,37759,9844
718350,"Adventure,Casual,Indie,Simulation,Strategy",3,0,3
433450,"Action,RPG",46,29,17
1709450,"Adventure,Casual",6,5,1
1431470,"Adventure,Indie",1,1,0
1794920,"Adventure,Indie",6,3,3
1959480,"Action,Adventure,RPG",0,0,0
763550,"Action,Adventure,RPG",3,2,1
1445370,"Action,Indie,Early Access",3,2,1
464230,"Casual,Indie",26,20,6
1293830,Racing,25715,23029,2686
1509640,"Action,Adventure,Indie,RPG",9,0,9
1135380,Indie,2,1,1
1944730,"Adventure,Indie",3,3,0
1144900,"Action,Casual",0,0,0
306350,"Action,Racing,Sports",21,19,2
1684530,Casual,6,4,2
1557480,"Action,Adventure,RPG,Simulation,Strategy,Early Access",173,122,51
1128520,"Indie,Strategy",6,6,0
12140,Action,4752,4157,595
1647430,"Action,Adventure,Indie",0,0,0
1845050,"Adventure,Casual,Indie",11,11,0
1163340,"Simulation,Strategy",121,107,14
1608620,"Action,Casual,Indie,Early Access",0,0,0
541570,"Adventure,Indie",4853,4724,129
1119070,"Action,Indie",0,0,0
1292520,"Adventure,Indie",38,33,5
1467330,"Action,Indie",0,0,0
1624600,"Action,Adventure,Casual,Indie,Racing,Early Access",1,1,0
870000,"Adventure,Casual,Indie,RPG,Strategy",0,0,0
1621490,Action,40,30,10
768060,"Action,Adventure,Indie",17,15,2
1746130,"Adventure,Strategy",1,1,0
1281400,"Action,Casual,Indie,Early Access",24,24,0
372890,"Adventure,Casual,Indie",5,1,4
1023420,"Adventure,Indie,Simulation,Strategy",0,0,0
1141880,"Action,Casual,Indie,Massively Multiplayer",6,5,1
1022840,"Action,Casual,Indie,Strategy",1,1,0
652160,"Action,Indie",1,1,0
968580,"Adventure,Casual,Indie,Simulation,Sports,Strategy",3,1,2
1131550,Adventure,44,33,11
1729790,"Action,Adventure,Free to Play,Indie",18,12,6
368080,"Action,Adventure,Indie,RPG",66,55,11
572510,"Action,Adventure,Casual,Indie",5,5,0
1225870,"Indie,Simulation",25,19,6
1232510,"Free to Play,Massively Multiplayer,RPG,Simulation,Early Access",0,0,0
1066890,"Racing,Simulation,Sports",2078,1853,225
817370,"Free to Play,Simulation,Early Access",0,0,0
1662060,"Adventure,Casual,Indie,Simulation,Strategy",0,0,0
457140,"Indie,Simulation",32419,31073,1346
1774810,"Casual,Indie",1,0,1
1886290,"Casual,Simulation,Sports,Strategy,Early Access",2,2,0
1514360,"Adventure,Casual",100,84,16
1374280,"Adventure,Indie,RPG,Strategy",44,44,0
863490,"Adventure,Casual,Indie",35,23,12
396640,"Action,Adventure,Indie,RPG",191,168,23
726020,"Action,Indie",29,23,6
424060,"RPG,Strategy",12,3,9
1995240,"Adventure,Indie",3,3,0
514870,"Casual,Indie,Strategy",3,3,0
548290,"Free to Play,Massively Multiplayer,RPG",5,4,1
695420,"Casual,Indie",2,2,0
1241110,"Action,Adventure,Casual,Indie",3,2,1
587490,"Action,Adventure,Indie,RPG",18,11,7
546050,"Action,Casual",1898,1696,202
301700,Casual,29,22,7
2004200,"Casual,Indie,Racing",0,0,0
1588070,"Action,Indie",1,0,1
730310,Action,950,526,424
242530,Action,146,103,43
1372570,"Adventure,Indie",13,12,1
1345820,"Casual,Indie,Racing,Sports",1434,1360,74
420270,"Adventure,Indie,RPG,Strategy",38,13,25
435790,"Action,Indie",59,52,7
926310,"Adventure,Casual,Indie",3,3,0
788020,"Action,Casual,Indie,Racing,Simulation,Sports,Strategy",1,0,1
467400,"Action,Indie,Simulation",43,34,9
856730,"Action,Casual,Indie",0,0,0
1106950,"Adventure,Casual,Indie,RPG",0,0,0
1274570,Indie,12802,11841,961
1470790,"Indie,Sports",46,25,21
1087620,"Action,Adventure,Casual,Indie,RPG,Early Access",1,0,1
1348430,"Action,Adventure,Casual,Indie,RPG",2,2,0
1547580,"Action,Adventure,Casual,Indie",0,0,0
1253680,"Casual,Indie,Sports",39,29,10
1881210,"Action,Indie",0,0,0
497670,"Action,Indie",16,13,3
850040,Indie,11,11,0
7940,Action,7647,7053,594
741770,"Action,Adventure,Indie,RPG",5,3,2
110630,"Action,Indie",21,18,3
572330,Adventure,45,31,14
1683240,"Adventure,Indie",8,8,0
567150,Casual,29,21,8
700880,Adventure,1,1,0
1413090,"Action,Indie",17,17,0
1610860,"Action,Casual,Indie,Simulation",9,9,0
1302840,"Adventure,Casual,Indie,Strategy,Education",3,3,0
1305570,"Casual,Indie",11,5,6
1609730,"Action,Early Access",82,79,3
717980,"Adventure,Indie,RPG",0,0,0
1417450,"Action,Casual,Indie,Early Access",0,0,0
778900,"Action,Adventure,Casual,Indie",0,0,0
1004200,"Indie,Racing,Simulation,Sports",4,3,1
1506230,"Action,Adventure,Indie",42,32,10
638230,"Adventure,Indie",7150,6620,530
1839080,"Action,Adventure,Casual,Indie,Racing",13,13,0
907460,"Action,Adventure,Casual,Indie,RPG,Simulation,Sports,Strategy",6,2,4
1307070,Casual,24,24,0
1221640,"Casual,Indie",31,30,1
703120,"Action,Casual,Indie,Simulation",5,3,2
328710,"Action,Adventure,Indie,Early Access",43,22,21
926140,"Adventure,Casual,Indie,RPG,Simulation,Strategy",1065,997,68
1700630,"Adventure,Indie,Simulation,Strategy,Early Access",0,0,0
845290,"Action,Adventure,Casual,Indie",3,1,2
739720,"Action,Adventure,Indie,RPG,Strategy,Early Access",32,30,2
1776800,"Action,Casual,Indie",2,2,0
873970,Simulation,22,10,12
1238130,"Adventure,Casual,Indie,RPG",0,0,0
1593100,"Action,Indie",2,1,1
1365900,"Casual,Indie",7,6,1
962950,Indie,0,0,0
778120,"Action,Indie,Simulation",2,1,1
1187910,"Action,Indie,RPG",0,0,0
763350,"Action,Casual,Indie,Sports",3,3,0
1537410,Racing,1,1,0
761910,"Action,Indie,Strategy",262,233,29
975470,"Adventure,Indie",103,65,38
990900,"Indie,Simulation,Early Access",15,15,0
372770,"Action,Indie,RPG",6,4,2
462580,"Casual,Simulation,Strategy",7,5,2
926870,"Action,Indie,Early Access",0,0,0
848720,"Action,Indie",0,0,0
1343040,"Casual,Free to Play,Sports,Strategy",0,0,0
519140,"Action,Adventure,Free to Play,Indie",18,15,3
1987030,"Adventure,Indie,RPG",2,2,0
821260,"Action,Indie",1,0,1
1565720,"Adventure,Indie,Simulation,Strategy",4,4,0
748490,RPG,1380,1313,67
545000,Strategy,0,0,0
1623720,"Casual,Indie",0,0,0
544220,"Sexual Content,Nudity,Violent,Gore,Action,Adventure,Indie,Early Access",12,4,8
338190,"Action,Adventure,Casual,Indie,Racing",107,94,13
1375270,"Adventure,Indie",6,6,0
551680,"Adventure,Indie",4,3,1
1874510,"Action,Adventure,Casual,Indie,RPG,Early Access",0,0,0
1693780,"Action,Casual,Indie,Strategy",16,7,9
1466930,"Action,Casual,Massively Multiplayer",16,7,9
1748070,"Casual,Indie",0,0,0
1755120,"Action,Adventure,Free to Play,Massively Multiplayer,RPG",0,0,0
964920,"Adventure,Casual,Indie,Simulation,Strategy",2,0,2
1085570,"Action,Adventure,Indie,RPG",1,1,0
1528020,"Action,Adventure,Early Access",35,29,6
1796350,"Action,Massively Multiplayer,Sports,Early Access",1,0,1
1444320,"Action,Adventure,Simulation,Early Access",17,16,1
906050,"Casual,Indie",115,84,31
351910,"Indie,Simulation,Strategy",204,108,96
513480,"Adventure,Indie,Simulation",78,69,9
2010700,"Action,Adventure,Casual,Indie,RPG",22,14,8
1089830,"Racing,Simulation,Sports",514,442,72
403070,"Adventure,Indie",36,30,6
811440,"Adventure,Indie,Strategy",1,1,0
491010,"Action,Adventure,Indie",27,20,7
681290,"Action,Casual,Indie,Racing",3,3,0
1233460,"Action,Casual,Racing",1,1,0
350530,Simulation,46,16,30
2026860,"Design & Illustration,Education",0,0,0
1481840,"Action,Adventure,Casual,Indie,Sports",3,3,0
1444890,"Action,Casual,Indie",8,7,1
1217340,"Casual,Indie,Simulation,Strategy",11,6,5
872340,"Sexual Content,Violent,Action,Adventure,Indie",0,0,0
523680,"Action,Adventure,Indie,Strategy",6,6,0
439460,"Indie,Simulation",64,26,38
1308880,"Action,Adventure,Indie",22,15,7
296650,"Action,Casual,Indie,Strategy",3,3,0
1549420,"Adventure,Indie",3,3,0
418270,"Action,Adventure,Indie",31,22,9
390220,"Indie,Simulation",40,25,15
549860,"Adventure,Casual,Indie,Simulation",318,281,37
612380,"Casual,Indie,Strategy",2,1,1
1559340,"Adventure,Casual,Indie,Strategy",0,0,0
1632640,"Adventure,Casual,Indie,Simulation",4,4,0
350480,"Adventure,Indie",20,14,6
220900,"Action,Casual,Indie,Strategy",18,15,3
1768260,"Action,Casual",0,0,0
539090,"Simulation,Sports",16,12,4
908500,"Adventure,Casual,Indie,Strategy",0,0,0
1852760,"Casual,Indie",1,0,1
809890,"Adventure,RPG",307,222,85
570770,RPG,49,40,9
448500,"Action,Adventure,Casual,Indie",16,15,1
854160,"Adventure,Indie",11,0,11
1359170,"Action,Indie",3,3,0
897010,"Adventure,Casual",1,1,0
1607870,"Action,Casual,Indie",0,0,0
553260,Strategy,365,215,150
453130,"Indie,Strategy",12,9,3
1508890,"Casual,Indie",1,0,1
3010,Racing,142,108,34
1297480,"Action,Casual,Indie,Strategy",0,0,0
1217830,"Adventure,Casual,Indie",85,85,0
628830,"Adventure,Casual,Indie,Simulation,Strategy",15,15,0
686440,"Action,Adventure,Indie,RPG,Simulation",131,113,18
521710,Strategy,0,0,0
1986310,"Adventure,Free to Play,Indie,RPG",0,0,0
1259660,"Adventure,Casual,Indie",0,0,0
108200,"Casual,Indie,Strategy",2044,1847,197
614150,"Action,Casual,Indie,Sports",6,6,0
1570340,"Action,Adventure",0,0,0
304970,"Animation & Modeling,Design & Illustration,Utilities",1,1,0
1630940,"Casual,Indie,Simulation",2,1,1
878520,"Adventure,Casual,Strategy",35,24,11
1927300,"Action,Casual,Indie,Simulation,Early Access",0,0,0
340630,"Action,Casual,Indie",22,8,14
704310,"Action,Indie",8,5,3
619150,"Indie,Simulation",2558,2286,272
1373890,"Action,Casual,Indie,Early Access",0,0,0
1869200,"Casual,Indie,Early Access",2,2,0
392030,"Action,Indie",28,25,3
605850,"Casual,Indie",0,0,0
441670,"Action,Adventure,Casual,Indie",102,73,29
962150,"RPG,Strategy",22,16,6
50990,"Adventure,Casual",58,53,5
648510,"Adventure,Indie,RPG",10,8,2
1071070,"Action,Adventure,Indie,Early Access",0,0,0
2011540,"Adventure,Free to Play,Indie,RPG",0,0,0
1761740,"Adventure,Indie",2,1,1
538700,"Action,Adventure,Casual,Indie,RPG,Sports",1,1,0
1564150,"Action,Adventure,Indie",6,6,0
726870,"Adventure,Indie",35,33,2
1074390,"Action,Adventure,Indie",2,2,0
1554780,"Adventure,Casual,Indie",0,0,0
1065750,"Adventure,Free to Play,Indie",0,0,0
714780,"Adventure,Free to Play",0,0,0
1321040,"Adventure,Casual,Indie",3,3,0
1204930,Casual,9,9,0
1588760,"Casual,Indie,Simulation",37,34,3
924740,"Action,Adventure,Indie,Strategy",7,2,5
416340,"Adventure,Casual,Simulation,Strategy",13,10,3
242610,"Action,Indie,Early Access",8,8,0
1168980,"Action,Adventure,Indie,Early Access",11,3,8
1277340,"Adventure,Racing",0,0,0
1233610,"Adventure,Casual,Indie,Simulation",5,1,4
302610,"Action,Indie",776,731,45
1638730,"Action,Adventure,Casual,Indie",0,0,0
1484150,Casual,1,1,0
922520,"Action,Adventure,Indie",1,1,0
1157200,Indie,2,2,0
1862100,Casual,2,2,0
2022020,"Action,Casual,Indie,Simulation,Strategy",2,1,1
1099400,Game Development,0,0,0
1604610,"Action,Casual,Free to Play,Indie,Massively Multiplayer,Early Access",0,0,0
503060,"Adventure,Casual",7,7,0
1275970,"Adventure,Indie,RPG,Strategy",5,2,3
847490,"Action,Casual,Indie",2,2,0
1101580,Simulation,274,196,78
201010,"Strategy,RPG,Indie",73,70,3
837610,"Sexual Content,Adventure,RPG,Strategy",306,263,43
1029870,"Adventure,Casual,Strategy",19,14,5
205690,"Adventure,Indie",104,81,23
632240,"Casual,Indie,Sports",0,0,0
898910,"Action,Indie,Early Access",11,11,0
1042930,"Action,Indie,Racing",3,3,0
109500,"Action,Indie",70,37,33
539290,Casual,38,18,20
1603600,"Indie,Massively Multiplayer,Simulation,Strategy",1,1,0
489100,"Casual,Indie,Racing,Early Access",7,6,1
1310620,"Action,Adventure,Indie,Strategy",0,0,0
740450,"Action,Adventure,Indie",1,1,0
1646090,"Action,Indie",14,14,0
448670,"Action,Casual,Indie,Simulation",52,31,21
1956110,"Casual,Free to Play,Indie,Simulation",0,0,0
542740,"Action,Casual",1,1,0
687980,"Free to Play,Indie,RPG",0,0,0
612120,"Nudity,Violent,Action,Adventure,Indie",12,7,5
1259000,"Free to Play,Indie,Massively Multiplayer,RPG",0,0,0
1380060,"Casual,Indie,Racing,Sports",2,0,2
814560,"Action,Casual,Indie",1,1,0
701100,"Free to Play,Simulation",0,0,0
1407060,"Adventure,Indie",9,9,0
1495860,"Casual,Indie",189,176,13
1126970,"Indie,Strategy",0,0,0
1639530,"Action,Adventure,Casual,Indie,Strategy",2,0,2
1995420,"Casual,Indie,Simulation",7,7,0
358000,"Action,Adventure,Indie",20,10,10
1856080,"Action,Indie",2,0,2
239430,"Action,Adventure,Indie",475,383,92
961490,Action,211,183,28
363500,"Adventure,Indie",23,20,3
286750,"Casual,Simulation,Strategy",61,40,21
388080,Utilities,1904,1655,249
1565630,"Action,Adventure,Casual,Indie",4,4,0
1751800,"Action,Adventure,Indie",0,0,0
925360,"Casual,Indie,Simulation",4,3,1
482300,"Adventure,Indie,Simulation",251,169,82
964910,"Casual,Free to Play,Indie,RPG",0,0,0
16130,"Casual,Simulation",58,51,7
1716950,"Casual,Indie,Strategy",8,8,0
411530,"Adventure,Casual,Simulation,Strategy",9,8,1
237430,"Indie,RPG,Strategy",637,501,136
485120,Indie,37,35,2
1907570,"Casual,Indie",4,3,1
528670,"Casual,Indie",4,4,0
417540,Utilities,7,6,1
1496530,"Action,Casual",1,1,0
465070,Action,11,11,0
448010,"Casual,Indie",13,11,2
782630,"Action,Casual,Free to Play,Indie",0,0,0
1162170,"Indie,RPG",40,27,13
1941850,"Adventure,Casual,Indie",1,1,0
1467740,"Casual,Free to Play,Indie",0,0,0
1212930,"Action,Adventure,Indie",5,4,1
1580990,Adventure,0,0,0
1975670,"Adventure,Indie,RPG",30,27,3
1808480,"Casual,Indie",1,1,0
818070,"RPG,Early Access",0,0,0
1271190,"Casual,RPG,Simulation",88,50,38
944590,Action,23,22,1
1299400,"Casual,Indie",215,199,16
958090,"Action,Indie",2,2,0
607040,"Adventure,Casual,Indie,RPG,Strategy",16,10,6
1301850,"Casual,Free to Play,Indie,Early Access",0,0,0
299380,"Action,Adventure,Casual,Indie",7,5,2
1626950,"Action,Adventure,Indie",0,0,0
342260,"Adventure,Indie",133,95,38
1684920,"Action,Indie",4,4,0
888010,"Adventure,Indie",28,22,6
538950,"Action,Casual,Free to Play,Indie,RPG",0,0,0
293520,"Indie,Simulation",475,344,131
502940,"Casual,Indie",390,347,43
1395560,"Action,Indie",96,89,7
1038680,"Action,Adventure,Free to Play,Massively Multiplayer",0,0,0
291690,"Adventure,Indie",82,49,33
1246200,"Action,Adventure,Indie",0,0,0
1581010,"Action,Adventure",3,0,3
1690250,"Adventure,Casual,Indie,RPG,Simulation",5,2,3
653210,"Adventure,Indie",5,2,3
267360,Action,216,205,11
1694430,"RPG,Early Access",26,14,12
1886850,"Indie,Simulation",12,8,4
499910,"Adventure,Indie",98,90,8
1863170,"Indie,Simulation,Strategy",1,0,1
1644840,Casual,61,58,3
1422880,"Action,Adventure,Casual,Indie,Sports",10,8,2
12460,Strategy,76,44,32
410320,Action,4265,4105,160
1345440,"Action,Adventure,Indie",34,33,1
757600,Adventure,6,3,3
952000,"Action,Adventure,Indie,RPG,Early Access",0,0,0
1735930,"Action,Adventure,Indie",10,4,6
336670,Free to Play,2,1,1
1828410,"Action,Free to Play,RPG",0,0,0
733420,"Adventure,Indie",0,0,0
1528770,"Action,Adventure,Casual,Indie,Racing,Simulation,Sports",1,0,1
542260,"Casual,Indie",86,72,14
369560,"Action,Adventure,Casual,Indie",33,26,7
1494400,Casual,21,16,5
394850,"Action,Indie",100,81,19
953900,"Adventure,Casual,Indie",55,45,10
299480,"Action,Indie",137,84,53
1696230,"Action,Adventure,Free to Play,Indie",0,0,0
1530670,"Action,Adventure,Casual,Indie",1,0,1
1260220,"Casual,Indie,RPG,Simulation",15,10,5
1503530,"Action,Adventure,Casual,Indie,Racing",123,117,6
750960,"Action,Adventure,Indie",10,10,0
1898130,"Casual,Indie",1,0,1
523210,"Casual,Indie",1018,896,122
1278170,"Action,Sports",26,13,13
950400,"Action,Adventure,Casual,Indie,Simulation,Strategy",30,12,18
766570,"Adventure,Casual,Free to Play,Massively Multiplayer,RPG,Simulation,Sports",0,0,0
1694450,"Action,Casual,Indie,RPG,Simulation",8,7,1
1343220,"Casual,Indie",12,9,3
1672700,"Action,Indie",1,1,0
1860120,"Adventure,Casual,Free to Play",2,2,0
1338020,"Action,Indie",28,26,2
1213420,"Adventure,Casual,Indie,Simulation,Strategy",5,4,1
1385820,"Action,Adventure,Indie",1,1,0
848460,"Action,Casual,Indie",0,0,0
735650,"Indie,Strategy",1,1,0
1048100,"Action,Adventure,Casual,Indie,Massively Multiplayer,RPG,Simulation",872,729,143
345700,"Adventure,Casual,Indie",36,23,13
1873830,"Action,Casual,Indie,Strategy",0,0,0
65600,RPG,197,76,121
674250,"Action,Indie,RPG,Early Access",17,14,3
439250,"Adventure,Indie",126,117,9
1788650,"Action,Adventure,Casual,Indie",1,0,1
1239710,"Simulation,Early Access",0,0,0
1275060,"Casual,Indie,Strategy",6,4,2
940350,"Adventure,Casual,Indie,Simulation",4,1,3
868060,"Action,Adventure,Indie,RPG",33,29,4
1284550,"Action,Casual,Indie",26,24,2
924670,"Adventure,Casual,Indie,Racing,Simulation,Sports",37,24,13
598590,"Action,Adventure,Indie",2,2,0
620050,Utilities,18,10,8
454330,"Adventure,Indie",8,6,2
1723050,"Action,Simulation",0,0,0
763230,"Casual,Free to Play,Indie",0,0,0
959710,Indie,6,6,0
1140060,"Action,Adventure,Indie,RPG,Strategy",0,0,0
1644920,"Adventure,Casual,Indie,RPG",9,8,1
957070,"Casual,Indie,Simulation,Sports,Strategy,Early Access",85,80,5
1270780,"Action,Casual,Indie,Simulation,Strategy",1,1,0
1702210,"Utilities,Web Publishing,Early Access",10,10,0
1302270,Simulation,3,3,0
974930,RPG,0,0,0
1017480,"Casual,Free to Play,Indie,Strategy",0,0,0
676030,"Action,Adventure,Indie,Simulation,Strategy",38,35,3
1728410,"Action,Indie,RPG",0,0,0
1165280,"Casual,Indie",3,1,2
1095120,"Adventure,Indie",68,64,4
818390,"Adventure,Indie",12,8,4
1245470,"Action,Casual,Indie,Simulation,Sports",8,5,3
839770,"RPG,Strategy",1841,1296,545
1874660,"Casual,Indie,Simulation,Early Access",1,0,1
562640,"Adventure,Casual,Indie,RPG",25,17,8
360840,"Adventure,Indie",43,38,5
1007890,"Action,Indie",0,0,0
1030840,"Action,Adventure",12786,11118,1668
1234450,"Action,Adventure,Casual,Indie",26,10,16
890130,"Indie,Strategy",10,10,0
1093880,"Animation & Modeling,Design & Illustration,Utilities",19,11,8
1896980,Casual,0,0,0
368730,"Action,Adventure,Casual,Indie",691,556,135
1041300,Adventure,2,1,1
572620,"Casual,Indie,Simulation",84,70,14
1581500,"Action,Casual,Indie,Early Access",19,19,0
318260,"Casual,Indie,Simulation",67,37,30
821880,"Indie,Simulation,Strategy",894,821,73
886360,Casual,22,13,9
1408480,"Action,Adventure,Indie",7,6,1
696760,Simulation,6,5,1
780210,"Indie,Simulation",830,691,139
1713640,"Action,Casual,Free to Play",0,0,0
451600,"Action,Adventure,Indie",122,112,10
1109350,"Casual,Indie,RPG,Strategy,Early Access",2,2,0
781240,Action,0,0,0
929570,"Adventure,Casual,Indie,Simulation",2,1,1
841830,"Adventure,Casual,Indie",0,0,0
1165460,"Adventure,Casual,Indie,Early Access",1,0,1
485980,"Indie,Strategy",1049,883,166
679400,"Free to Play,Indie,Strategy,Early Access",0,0,0
1514480,"Adventure,Indie",24,19,5
1368750,Casual,4,4,0
1121310,"Casual,Free to Play,Indie,Simulation,Early Access",4,1,3
1453640,"RPG,Simulation,Strategy,Early Access",21,17,4
1389360,"Indie,RPG,Strategy",177,153,24
429480,"Indie,Early Access",2,0,2
1368400,"Action,Indie",6,4,2
1005050,"Adventure,Casual,Strategy",10,9,1
529040,"Casual,Indie,Simulation",8,7,1
694070,"Action,Adventure,Indie,RPG",6,3,3
1311210,"Action,Casual,Free to Play,Indie,RPG,Simulation,Strategy",0,0,0
1453660,"Action,Adventure,Indie,RPG",3,3,0
587580,"Indie,Simulation",198,165,33
294440,"Adventure,Indie",346,305,41
1309290,"Action,Adventure,Indie,RPG,Simulation,Early Access",18,15,3
364980,"Casual,Simulation,Strategy",10,5,5
269250,Indie,312,267,45
1228870,Action,14,11,3
633660,Strategy,3,1,2
1274280,"Action,Adventure,Indie",5,5,0
1791610,"Action,Adventure,Casual,Indie,Strategy,Early Access",0,0,0
1127500,"Casual,Indie,Simulation,Strategy",9300,8935,365
508650,"Action,Adventure,Indie,Strategy,Early Access",6,4,2
358700,Simulation,12,3,9
656740,"Action,Indie,RPG",54,47,7
1047950,"Action,Adventure,Indie,RPG,Early Access",19,15,4
1076100,"Adventure,Casual,RPG,Strategy",1,1,0
648150,"Action,Indie",1,1,0
630900,"RPG,Design & Illustration,Utilities",327,305,22
883160,"Casual,Indie",0,0,0
783840,"Adventure,Indie,RPG",293,232,61
1487140,"Indie,RPG",3,2,1
1696810,"Indie,Simulation,Early Access",1913,1505,408
1178000,"Adventure,Casual,Indie",8,8,0
1138580,"Indie,Simulation,Strategy,Early Access",84,69,15
416090,"Action,Indie,Simulation",2,1,1
595360,"Action,Indie,Simulation,Early Access",23,12,11
1581240,"Adventure,Indie,RPG",5,5,0
1751990,"Action,Adventure,Indie",1,1,0
1445500,"Adventure,Indie",0,0,0
1315240,"Free to Play,Indie",0,0,0
404530,"Action,Indie,Simulation,Strategy",382,332,50
1137650,"Action,Adventure",0,0,0
1408380,"Indie,Simulation",1,0,1
1049690,"Action,Adventure,Indie",4,4,0
612840,"Casual,Indie,Simulation",9,8,1
1463120,"Adventure,Casual,Free to Play,Indie",72,68,4
243890,"Education,Software Training",22,10,12
428410,"Action,Adventure,Indie",5,3,2
988110,Indie,3,3,0
1921760,"Adventure,Casual,Indie,Simulation,Strategy",21,21,0
791370,"Adventure,RPG",2,2,0
622460,"Action,Indie,Strategy",145,106,39
883130,"Indie,Simulation,Sports",156,137,19
913570,"Adventure,Indie,RPG",0,0,0
1930230,"Adventure,Casual,Indie,RPG",1,1,0
351490,"Casual,Indie",366,289,77
378360,"Indie,Simulation,Strategy,Early Access",415,289,126
1273450,"Indie,Simulation,Strategy",26,20,6
1059660,"Casual,Indie,Simulation,Early Access",0,0,0
820830,"Action,Casual,Indie,Simulation",3,2,1
668290,"Action,Indie,Strategy",4,2,2
646100,"Action,Adventure,Indie",8,1,7
1382310,Indie,1,1,0
1944970,"Action,Adventure,Casual,Indie,Simulation",12,11,1
1534240,"Casual,Indie,Simulation",0,0,0
1339310,"Casual,Indie",2,2,0
575800,"Casual,Indie,Strategy",5,4,1
1968280,"Casual,Animation & Modeling,Utilities,Game Development",0,0,0
634120,"Adventure,Indie",78,44,34
1843230,Strategy,0,0,0
1434550,"Adventure,Indie",0,0,0
316260,"Action,Adventure",76,58,18
604040,"Indie,Strategy",7,4,3
1050170,"Casual,Indie,Strategy",1,0,1
1546120,"Action,Indie",2,2,0
762850,Casual,0,0,0
1221560,"Action,Casual,Free to Play,Indie,Simulation",0,0,0
1939600,"Action,Adventure,Indie,RPG,Early Access",2,1,1
1652800,"Casual,Indie",0,0,0
437530,"Action,Adventure,Indie",66,46,20
1583650,"Adventure,Casual,Simulation",14,12,2
526130,"Action,Indie,Sports",18,15,3
1651880,"Adventure,Indie",7,5,2
311120,Action,172,82,90
410670,"Action,Adventure,Indie,RPG",645,585,60
1131410,"Casual,Indie,Simulation",30,30,0
1417890,"Adventure,Casual,Indie",18,18,0
2006770,"Indie,Simulation,Strategy,Early Access",2,2,0
1583840,"Adventure,Indie,RPG",2,2,0
516940,"Action,Casual,Indie,Simulation",33,25,8
1304320,"Action,Adventure,Casual,Indie,RPG,Simulation",0,0,0
1471960,"Casual,Indie,Strategy",84,81,3
1350540,"Action,Simulation",10,8,2
1512910,"Action,Casual",0,0,0
511110,"Action,Indie,Sports,Early Access",0,0,0
1578750,"Action,Casual,Indie,Strategy",1,1,0
1674300,"Action,Casual,Indie,Early Access",0,0,0
465750,Strategy,11,10,1
1053660,"Action,Adventure,Casual,Indie,Simulation",17,9,8
605490,"Action,Casual,Indie",2,1,1
1253320,"Action,Indie,Strategy",0,0,0
448960,"Action,Adventure,Casual,Indie",12,11,1
1457150,"Action,Adventure,Free to Play,Indie,Massively Multiplayer,RPG,Early Access",0,0,0
1129660,Casual,33,25,8
1550750,"Action,Adventure,Casual,Indie,RPG,Simulation",40,29,11
1787520,"Casual,Indie,RPG,Strategy",1,1,0
292180,Simulation,562,386,176
1095140,"Action,Adventure,Casual,Indie,Simulation,Early Access",2,2,0
973410,"Action,Adventure,Indie,RPG",7,7,0
1564660,"Indie,Strategy,Early Access",0,0,0
1563100,"Action,Indie",1,0,1
1853200,"Action,Indie",742,713,29
1953220,"Indie,Strategy",2,1,1
1094250,"Action,Adventure,Indie,RPG,Strategy,Early Access",55,53,2
536660,"Action,Adventure,Indie,Simulation,Early Access",74,29,45
362920,Adventure,37,11,26
1113940,Indie,15,14,1
915760,"Action,Indie",0,0,0
1682030,"Action,Adventure,Indie",2,2,0
416840,Indie,1,0,1
529130,"Casual,Indie,RPG,Strategy",48,31,17
1730670,"Casual,Indie",3,2,1
1535270,Casual,2,2,0
1836310,"Action,Adventure,Indie",0,0,0
1945980,"Action,Adventure,Indie",16,10,6
836440,"Sexual Content,Nudity,Adventure,Free to Play,Indie,RPG",0,0,0
796580,Casual,0,0,0
1830050,"Action,Casual,Indie",2,1,1
691680,"Casual,Indie,Early Access",2,2,0
1798310,Indie,0,0,0
2058120,"Casual,Indie",7,3,4
399670,"Indie,Simulation",1738,1511,227
1410110,"Action,Casual,Free to Play,Early Access",0,0,0
1841060,"Adventure,Casual,Indie",0,0,0
584170,"Casual,Free to Play,Indie",0,0,0
559210,"Adventure,Indie,RPG",2535,2482,53
227160,"Action,Indie,Simulation",1188,203,985
1331390,"Casual,Indie,Early Access",1,1,0
816490,"Casual,Indie",257,228,29
1576880,"Action,Free to Play",0,0,0
1527910,"Action,Free to Play,Indie,Simulation,Strategy,Early Access",0,0,0
1876060,"Action,Indie,Early Access",0,0,0
336230,Indie,7,6,1
1029160,"Adventure,Indie,Strategy",6,5,1
1315070,"Action,Casual,Free to Play,Early Access",0,0,0
1353870,"Action,Casual,Indie",1,0,1
975710,"Adventure,Casual,Indie",1,1,0
980940,"Casual,Simulation,Early Access",475,362,113
800510,"Action,Casual,Indie",6,4,2
1094010,"Action,Adventure,Free to Play,Massively Multiplayer,RPG",0,0,0
1692900,"Action,Indie,Simulation",2,0,2
1730160,"Casual,Indie",2,2,0
34282,Action,9,9,0
714820,"Casual,Indie",14,11,3
1794300,"Action,Indie",16,16,0
1297010,"Action,Adventure,Casual,Indie",15,12,3
40800,Indie,10671,10068,603
371450,"Casual,Indie",112,82,30
2023330,"Action,Indie",4,4,0
1870170,"Action,Adventure,Indie",2,1,1
627690,"Action,Adventure,Free to Play,Indie,Strategy",23,20,3
1348390,Simulation,140,113,27
1436280,"Action,Early Access",2,1,1
1312000,"Casual,Indie",1,1,0
1815550,"Casual,Indie",0,0,0
42920,Strategy,58,23,35
959540,"Adventure,Casual,Indie",4,2,2
1167650,"Casual,Indie",1,0,1
939250,"Adventure,Casual,Indie,RPG,Strategy,Early Access",0,0,0
1600180,Casual,1,1,0
1941400,"Action,Casual,Indie,Racing,Simulation,Strategy",11,9,2
305490,"Adventure,Casual,Indie,Simulation",20,15,5
488360,"Action,Adventure,Simulation",24,10,14
682280,"Casual,Indie",2,2,0
648070,"Violent,Gore,Action,Adventure,Indie,Massively Multiplayer",6,1,5
1875470,Action,2,2,0
810590,"Action,Adventure,Indie,Simulation",13,10,3
791320,"Adventure,Indie",9,5,4
1598810,"Casual,Indie,Simulation",11,11,0
1012390,"Action,Casual,Indie,Strategy",0,0,0
1029650,"Adventure,Indie,RPG",65,65,0
738030,Indie,2,2,0
764630,"Action,Casual,Indie",0,0,0
992990,"Action,Adventure,Indie,Early Access",13,13,0
962070,"Action,Casual,Indie",0,0,0
1365620,"Casual,Indie,Simulation",6,4,2
690610,"Adventure,Free to Play,Indie",1,0,1
905510,"Adventure,Casual,Indie",3,3,0
1710810,"Action,Indie",14,14,0
1386980,"Action,Adventure,Indie,Simulation",32,14,18
539750,"Casual,Indie,Strategy",45,29,16
1601680,"Adventure,RPG,Simulation",406,401,5
1753690,"Adventure,Indie,RPG,Strategy",0,0,0
863230,"Action,Indie,Early Access",28,25,3
1059370,"Action,Casual,Indie",4,4,0
1615560,"Action,Indie",0,0,0
1527140,"Indie,Utilities",0,0,0
661700,"Adventure,Free to Play",0,0,0
486940,"Simulation,Sports",5,5,0
778860,"Casual,Indie",14,12,2
876850,"Adventure,Casual,Indie,RPG,Strategy",3,3,0
482390,"Casual,Indie",2,2,0
676320,"Casual,Indie",2,1,1
1684220,"Action,Indie",3,2,1
946360,"Casual,Indie,Strategy",0,0,0
513330,"Indie,Simulation,Strategy,Early Access",100,40,60
1179010,"Action,Casual,Free to Play,Simulation,Strategy",0,0,0
1367380,RPG,0,0,0
1034120,"Adventure,Casual,Indie,RPG,Simulation,Sports,Strategy",5,3,2
1713530,Strategy,4,2,2
736430,"Action,Adventure,Indie",5,1,4
699510,"Adventure,Casual,Indie",1,0,1
1100180,"Action,Indie",25,24,1
959000,"Adventure,Indie",100,93,7
731180,"Action,Casual,Free to Play,Indie",0,0,0
1481960,Adventure,5,4,1
376410,"Adventure,Indie,RPG,Strategy",26,12,14
723110,"Action,Indie",11,7,4
226620,"Adventure,Casual,Indie,RPG,Strategy",697,606,91
1108750,"Action,Adventure,Indie",40,33,7
788040,"Action,Casual,Indie",0,0,0
1768790,"Action,Indie,Strategy",3,3,0
1471220,"Action,Adventure,Indie",0,0,0
699080,"Adventure,Casual,Indie,Simulation",46,39,7
1068120,"Action,Adventure,Indie",0,0,0
1153040,"Adventure,Indie",4,2,2
1658770,Strategy,1,1,0
1061420,RPG,1,1,0
363180,"Casual,Indie,Strategy",6,4,2
843620,Casual,0,0,0
1384350,"Action,Casual,Indie,Sports",12,10,2
618570,"Action,Adventure,Casual,Indie,Simulation",8,7,1
110600,"Action,Indie",16,12,4
1172470,"Action,Adventure,Free to Play",764,677,87
1471460,"Action,Indie,Early Access",7,7,0
1284700,"Adventure,Casual,Indie",2,1,1
841600,"Action,Adventure,Indie,Early Access",60,57,3
1671180,"Action,Casual,Indie,Strategy",10,10,0
2061060,"Action,Adventure,Casual",1,1,0
1299120,"Casual,RPG",537,514,23
1303170,"Racing,Simulation,Early Access",2,1,1
773530,"Casual,Indie,Strategy",6,6,0
1430100,"Indie,RPG",0,0,0
1514160,"Adventure,Casual,Indie",0,0,0
404730,"Adventure,Indie,RPG,Strategy",950,829,121
945490,"Indie,Strategy",1,1,0
1674730,"Photo Editing,Utilities",1,1,0
301260,"Casual,Simulation,Strategy",8,7,1
1866870,"Action,Casual,Indie,Sports",0,0,0
510710,"Casual,Indie,Strategy",1,0,1
924310,"Action,Indie,Sports",12,9,3
1273430,"Action,Indie",2,1,1
556680,"Action,Indie,Simulation,Early Access",5,1,4
910850,Simulation,1,0,1
1343450,"Casual,Indie",1,1,0
1271620,Action,5,3,2
1492290,"Casual,Indie",2,2,0
1433770,Casual,0,0,0
1804390,"Adventure,Casual,Indie,Strategy",0,0,0
1091350,"Action,Casual,Racing",0,0,0
1836500,"Casual,Indie",0,0,0
813360,"Adventure,RPG",0,0,0
846220,"Adventure,Casual,Indie",2,2,0
223750,"Free to Play,Simulation",266,236,30
1845880,"Casual,Indie",9,9,0
291170,"Casual,Indie,Strategy",64,42,22
1162730,"Casual,Indie",3,0,3
236490,"Action,Indie",19,12,7
1418650,"Action,Indie",0,0,0
1011320,"Action,Indie,Strategy",1,1,0
1895130,"Action,Adventure,Massively Multiplayer,RPG",0,0,0
1002510,"Casual,Indie",17,17,0
346940,"Adventure,Indie,RPG,Strategy",2372,2055,317
40420,"Casual,Indie",73,52,21
1526480,"Casual,Simulation",0,0,0
1914950,"Free to Play,Indie,RPG,Early Access",0,0,0
288790,Adventure,67,35,32
434970,"Action,Indie",2,1,1
1073890,"Action,Free to Play",0,0,0
1811750,Indie,10,2,8
283620,"Casual,Indie,Simulation",370,286,84
1152410,"Casual,Indie",15,13,2
350970,"Action,Adventure,Indie",81,73,8
1582850,"Action,Adventure,Free to Play,Indie",0,0,0
308560,"Adventure,Indie",20,15,5
1807610,"Indie,Strategy",10,10,0
1504570,"Action,Adventure,Indie,RPG,Strategy,Early Access",155,106,49
418650,Action,2175,2075,100
1064920,"Casual,Indie",0,0,0
1088040,"Casual,Indie,Simulation,Sports,Strategy",8,5,3
1418160,"Adventure,Casual,Indie,Strategy",204,182,22
1128420,Casual,2,2,0
313740,Indie,3235,2400,835
960820,"Casual,Indie",2,2,0
1515820,"Adventure,Casual,RPG",5,5,0
237760,"Action,Indie",66,63,3
1022480,"Action,Adventure",60,50,10
532080,"Action,Adventure,Free to Play,Early Access",2,1,1
415780,"Action,Casual,Indie",15,15,0
1166990,"Casual,Indie,Massively Multiplayer,Early Access",72,70,2
407420,"Action,Adventure,Casual,Indie,Simulation",326,154,172
391280,"Adventure,Indie,RPG,Simulation,Strategy",155,95,60
1371730,"Adventure,Indie",1,0,1
471770,"Action,Adventure,Indie",7,5,2
461830,"Adventure,Indie",2,2,0
1376590,"Adventure,Casual,Indie",0,0,0
990840,"Casual,Indie",6,3,3
1788730,Strategy,0,0,0
1412580,"Action,Adventure,Casual,Indie",6,5,1
889280,"Adventure,Indie",29,25,4
1277310,"Free to Play,Indie",0,0,0
1600600,"Adventure,Indie,Simulation",4,0,4
1302460,"Action,Adventure,Free to Play,Indie",0,0,0
869840,"Adventure,Indie",7,6,1
438490,"Action,RPG",1586,1362,224
1187250,"Action,Indie,Strategy",1,1,0
1541450,Indie,0,0,0
656070,"Action,Free to Play,Indie",0,0,0
1495080,Casual,3,3,0
406930,"Action,Casual,Indie",4,2,2
855010,Strategy,0,0,0
312540,"Action,Adventure,RPG",474,425,49
1028340,"Indie,Sports",8,7,1
368570,Indie,72,62,10
270880,"Indie,Simulation",48039,46712,1327
1671200,"Action,Adventure,Free to Play,RPG",0,0,0
959410,"Adventure,Indie,RPG",68,65,3
1273250,"Action,Casual,Indie",63,61,2
913440,Casual,7,6,1
959050,"Action,Adventure,Casual,Indie,Simulation",25,23,2
991230,"Indie,Racing",13,6,7
1580640,"Adventure,Casual,Indie,Strategy",2,1,1
1808860,"Casual,Indie",2,2,0
1338130,"Action,Adventure,Indie",12,10,2
589220,"Action,Adventure,Indie",10,9,1
993750,Indie,7,1,6
903790,"Indie,Strategy",0,0,0
1508980,"Casual,Simulation,Strategy",14,14,0
1208040,"Casual,Indie",0,0,0
408920,"Adventure,Indie,RPG",55,36,19
1217510,"Casual,Free to Play,Strategy",0,0,0
1417190,"Casual,Indie",4,2,2
1386330,"Casual,Indie",3,1,2
1776860,"Casual,Indie",1,1,0
1227000,Indie,10,4,6
1285820,"Casual,Indie",0,0,0
394960,"Action,Adventure,Early Access",2,2,0
747110,"Action,Casual,Indie",0,0,0
733990,"Casual,Simulation",1105,1019,86
1998840,Action,1,1,0
704760,"Action,Indie",8,7,1
528460,"Adventure,Indie,Massively Multiplayer,RPG",99,65,34
1457490,"Casual,Free to Play",0,0,0
12670,Simulation,5,2,3
765860,Adventure,8,7,1
1514580,"Action,Adventure,Indie,Strategy",1,1,0
1431040,"Casual,Sports",34,25,9
1579590,"Action,Adventure,Indie",3,2,1
1553850,"Action,Casual,Indie",0,0,0
1875560,"Adventure,Indie",11,9,2
1143810,"Action,Adventure,Indie,RPG,Early Access",419,365,54
1321220,"Adventure,Casual,Simulation",4,0,4
1500750,"Adventure,Casual,Indie",2,1,1
1819900,"Action,Casual,Indie",0,0,0
1433070,"Adventure,Casual,Indie",0,0,0
45750,"Action,Adventure",1301,876,425
850710,"Action,Casual,Indie,RPG,Simulation,Sports,Strategy",0,0,0
821860,"Action,Casual,Indie",3,1,2
1836970,"Adventure,Casual,Free to Play,Indie,RPG",0,0,0
577850,Simulation,22,18,4
1715970,"Action,Adventure,RPG,Simulation,Early Access",14,5,9
1008000,"Adventure,Free to Play,Indie,Massively Multiplayer,RPG",0,0,0
1006920,"Casual,Indie",4,3,1
1011310,"Action,Indie",0,0,0
536950,"Free to Play,Massively Multiplayer",0,0,0
1669350,"Action,Indie",15,14,1
1436810,"Adventure,Indie",56,51,5
2050890,"Action,Indie",0,0,0
1280780,"Simulation,Strategy",1356,1053,303
994200,"Action,Adventure,Free to Play,Massively Multiplayer",11,9,2
1148680,Strategy,1,1,0
1347390,"Casual,Indie,Racing,Sports",0,0,0
460630,"Action,Indie",56,52,4
562050,"Casual,Indie",19,5,14
613880,Simulation,545,298,247
371710,"Casual,Indie,Simulation,Strategy",40,10,30
1959400,"Action,Adventure,Indie",1,0,1
1420080,"Action,RPG",27,21,6
38160,Casual,1,1,0
1283430,"Action,Early Access",0,0,0
703000,RPG,1,1,0
1071220,"Adventure,Casual,Indie,RPG",59,53,6
536430,"Adventure,Indie",15,13,2
742990,"Free to Play,Strategy",0,0,0
1000040,"Action,Casual,Indie,Simulation",0,0,0
380990,"Action,Indie",29,11,18
565080,"Adventure,Casual,Free to Play,Indie,RPG,Simulation,Strategy",0,0,0
377010,Education,0,0,0
1630760,"Casual,Indie,Racing",1,1,0
612440,"Casual,Free to Play",0,0,0
327980,RPG,26,24,2
266330,"Action,Indie",29,13,16
1436990,"Casual,RPG,Strategy,Early Access",93,73,20
654710,"Action,Adventure,Indie",13,5,8
873250,"Indie,RPG",0,0,0
868570,"Adventure,Indie",22,13,9
1571600,"Adventure,Casual",12,12,0
1605190,"Casual,Indie,Strategy",2,2,0
635900,"Action,Adventure,Indie",20,15,5
1789660,"Action,Adventure,Casual,Indie,RPG",11,10,1
1236700,"Action,Casual,Indie,RPG",105,97,8
590600,"Action,Casual,Indie,Simulation,Early Access",0,0,0
870010,"Indie,Strategy",2,0,2
1192610,"Action,Adventure,Indie,RPG,Simulation",197,160,37
457690,"Casual,Indie,Simulation",11,5,6
371120,"Adventure,Indie",29,16,13
1018950,"Action,Casual,Indie",0,0,0
1786280,Indie,1,1,0
910460,"Adventure,Indie",0,0,0
760520,Animation & Modeling,2,1,1
1251270,"Adventure,Indie,Strategy",0,0,0
226780,"Racing,Sports",54,25,29
251990,"Indie,RPG,Simulation,Strategy",4464,4248,216
1137770,"Animation & Modeling,Audio Production,Utilities,Video Production",4,1,3
543240,Adventure,127,95,32
1822490,"Casual,Indie",0,0,0
764180,"Indie,RPG",7,6,1
1534520,"Adventure,Casual,Indie,Simulation",17,17,0
854190,"Violent,Gore,Action,Adventure,Indie",23,15,8
1375850,"Casual,Indie",0,0,0
984610,"Indie,Simulation,Early Access",74,64,10
1342790,"Action,Massively Multiplayer,Early Access",208,147,61
1285940,"Adventure,Indie",3,2,1
1732210,"Adventure,Casual,Free to Play",0,0,0
1778110,Indie,1,1,0
1123730,"Casual,Indie,RPG",0,0,0
837780,"Casual,Indie,Simulation,Strategy",10,5,5
11370,"Adventure,Indie",130,68,62
1524690,"Casual,Indie,Strategy",19,19,0
1271280,"Indie,RPG,Strategy",619,585,34
898260,"Casual,Indie",12,12,0
426930,"Action,Indie,Early Access",31,24,7
499540,"Adventure,Indie",2,1,1
598620,"Casual,Indie",6,3,3
1102140,"Adventure,Casual,Indie",2,1,1
1143900,"Action,Adventure,Casual,Indie",8,3,5
606230,"Indie,RPG,Strategy",1000,784,216
1601260,"Action,Adventure,Indie,Simulation,Early Access",1,0,1
894090,"Adventure,Casual,Indie",0,0,0
1207390,"Action,Free to Play,Indie",0,0,0
1797590,Indie,2,2,0
508790,"Action,Indie",84,79,5
1084920,"Adventure,Casual",7,7,0
1146350,"Action,Adventure,Indie",0,0,0
654260,"Casual,Indie",5,5,0
828740,"Adventure,Indie",247,210,37
454680,"Violent,Action,Indie,Early Access",11,4,7
449040,"Free to Play,RPG",21,18,3
219830,"Action,Free to Play,Indie",1817,1484,333
1913550,"Action,Indie,Sports",0,0,0
1192500,"Casual,Indie",1,0,1
1554600,"Action,Adventure,Indie",33,25,8
1155230,Utilities,3,2,1
720030,"Adventure,Indie",174,151,23
1086140,"Casual,Indie",1,1,0
1535420,"Casual,Free to Play,Massively Multiplayer",0,0,0
415920,"Indie,RPG,Strategy",180,175,5
1507600,"Action,Adventure,Indie",9,6,3
240340,"Action,Adventure,Casual",75,62,13
1544810,Simulation,0,0,0
793030,"Action,Indie,Early Access",1,1,0
1514730,RPG,2,2,0
1487100,"Action,Adventure,Indie,RPG",3,2,1
726000,"Action,Indie,RPG,Simulation,Strategy",67,58,9
2010540,"Casual,Indie",2,1,1
1871390,"Animation & Modeling,Video Production,Early Access",0,0,0
651670,"Action,Indie,RPG,Simulation,Strategy",1137,950,187
987710,"Casual,Indie",8,8,0
951050,"Action,Adventure,Indie",2,2,0
1550630,"Action,Indie",3,3,0
1711530,"Adventure,RPG,Simulation,Strategy",1,1,0
1011420,"Casual,Indie,Simulation",31,19,12
1411460,"Action,Adventure,Indie,Early Access",5,5,0
680250,"Action,Indie,Early Access",1,1,0
1915740,"Adventure,Casual,Free to Play",1,1,0
1421410,"Free to Play,Indie,Strategy",0,0,0
1275660,"Action,Adventure,Casual,Indie",25,17,8
781520,"Action,Adventure,Casual,Indie,Simulation,Strategy",5,3,2
1559930,"Action,Adventure,Indie,Simulation",0,0,0
1479540,"Action,Indie",4,4,0
1854510,"Casual,Sports",1,1,0
1462560,"Action,Adventure,Casual,Indie",0,0,0
1314290,Casual,19,14,5
1753100,"Casual,Indie,RPG",0,0,0
1554970,"Action,Adventure,Indie,Early Access",39,28,11
612590,"Casual,Free to Play,Indie",0,0,0
700170,Free to Play,0,0,0
798590,"Action,Adventure,Casual,Indie,Simulation",67,29,38
718740,"Adventure,Indie,Racing",0,0,0
481950,"Adventure,Indie",5,5,0
113420,"Free to Play,Massively Multiplayer,RPG",26,10,16
714880,"Action,Adventure,Casual,Indie,Massively Multiplayer,Strategy",0,0,0
328550,"Indie,RPG",26,21,5
429430,"Action,Adventure,Indie,Early Access",3,2,1
1511130,Simulation,0,0,0
454540,"Free to Play,Indie,Massively Multiplayer,RPG,Simulation,Strategy",5,0,5
829260,"Action,Indie",19,16,3
1384990,"Adventure,Indie,RPG",0,0,0
1108020,Casual,0,0,0
781760,"Casual,Indie,Simulation,Strategy",11,6,5
988070,"Action,Indie",1,0,1
1222370,"Action,Adventure",2747,1989,758
533960,Indie,2,2,0
1152200,"Adventure,Casual,Indie",0,0,0
760640,"Indie,Simulation,Sports,Early Access",95,88,7
22380,"Action,RPG",103658,100288,3370
1678450,Indie,2,2,0
1475940,"Action,Casual,Indie",0,0,0
529780,"Adventure,Casual,Free to Play,Indie,Simulation",24,20,4
753090,Free to Play,0,0,0
499230,"Action,Indie,Early Access",47,35,12
1136240,"Free to Play,Indie,Strategy",0,0,0
450390,Free to Play,145,140,5
1907420,"Casual,Indie",11,10,1
1268840,"Action,Casual,Indie,Strategy,Early Access",0,0,0
1050910,"Action,Indie",0,0,0
403100,"Casual,Simulation,Strategy",17,14,3
1245930,"Action,Indie,RPG",4,3,1
1021260,"Casual,Indie",1,1,0
837720,"Indie,Strategy",2,2,0
1548540,"Action,Adventure,Casual,Indie,Simulation",12,9,3
463150,"Action,Indie",246,196,50
514700,"Adventure,Casual",56,44,12
1769630,"Adventure,Casual",11,8,3
1898570,"Action,Casual",0,0,0
1821150,"Casual,Indie",2,1,1
1572220,"Action,Casual,Indie",3,3,0
508710,"Casual,Indie",21,14,7
1347130,"Adventure,Casual,Indie,Racing",10,8,2
1689930,"Casual,Free to Play,Simulation,Sports",4,4,0
910540,"Adventure,Casual,Indie",6,4,2
514920,"Indie,Racing",380,317,63
1286030,"Casual,Indie",0,0,0
574180,"Action,Adventure,Indie,Massively Multiplayer,RPG,Simulation,Early Access",315,248,67
1680530,Indie,3,2,1
550600,"Action,Casual,Indie,Racing,Simulation",2,0,2
1492590,"Casual,Indie",5,3,2
1173870,"Action,Indie",23,22,1
1806430,Adventure,0,0,0
826170,"Action,Indie",3,3,0
643900,"Indie,RPG,Strategy",86,81,5
1222610,"Casual,Indie,Simulation",11,9,2
598030,"Action,Adventure,Indie",11,1,10
352950,"Action,Adventure,Indie",224,63,161
385800,"Casual,Indie",4697,4421,276
1305880,Casual,0,0,0
978460,"Adventure,Casual,Indie,RPG,Simulation",3037,2850,187
1287450,"Casual,Sports,Strategy",3,2,1
1125800,Casual,7,7,0
700520,"Action,Adventure,Indie",16,16,0
1154210,"Casual,Simulation",1,0,1
388010,"Casual,Indie,Strategy",4,3,1
1409190,"Adventure,Casual,Free to Play,Indie",0,0,0
681760,"Violent,Gore,Action,Adventure,Indie,Simulation",2,0,2
1755240,"Action,Indie,Early Access",0,0,0
842770,"Action,Indie",9,9,0
1409600,"Casual,Indie",0,0,0
1455650,"Action,Sports,Early Access",1,0,1
697930,"Action,Indie",14,8,6
1271260,"Adventure,Indie",33,32,1
859610,"Action,Indie",1,1,0
644670,"Violent,Action,Simulation,Early Access",109,67,42
710920,"Action,Adventure",2595,2252,343
1190000,"Racing,Simulation",6740,6451,289
1131750,"Indie,RPG,Simulation",45,42,3
1390340,"Action,Early Access",9,3,6
907190,"Action,Casual,Indie,Racing,Simulation,Sports,Early Access",4,4,0
1362830,"Action,Casual,Free to Play,Indie,Early Access",0,0,0
860590,"Action,Casual,Indie",5,5,0
1358430,"Strategy,Early Access",1,1,0
1617560,Strategy,1,1,0
1455840,"Casual,Indie,Simulation,Strategy",9038,8755,283
1228960,Casual,7,7,0
1124810,"Action,Adventure,Indie,Strategy",0,0,0
1253190,Action,216,173,43
1489600,"Action,Indie",39,35,4
1331530,"Adventure,Free to Play,Indie",0,0,0
1837980,Indie,0,0,0
1241700,"Adventure,Casual,Free to Play,Indie",0,0,0
566250,Action,2,1,1
1715840,"Action,Strategy",0,0,0
747230,"Simulation,Strategy",0,0,0
1571480,"Action,Adventure,Indie,RPG",1,1,0
951440,"Action,Adventure,Indie,Simulation,Early Access",2898,2535,363
1607570,"Casual,Indie",0,0,0
1577450,"Adventure,Free to Play,Indie",0,0,0
1237870,"Action,Indie",28,23,5
491060,"Action,Indie",19,16,3
216210,Adventure,48,28,20
867540,"Adventure,Indie,RPG",4,2,2
1245810,Indie,18,18,0
1361020,"Action,Indie,RPG,Strategy",7,7,0
464340,Adventure,783,366,417
1635550,"Action,Adventure,Casual,Indie,Racing,Simulation",0,0,0
1750740,"Indie,RPG,Strategy,Early Access",1,1,0
1147970,Adventure,90,74,16
912790,"Action,Adventure,Racing,RPG",3,2,1
17100,"Strategy,Simulation",245,203,42
554290,Adventure,45,42,3
485630,"Casual,Indie,Strategy",18,8,10
302750,"Casual,Indie,Strategy",40,39,1
708630,Adventure,4,0,4
948850,"Adventure,Free to Play,Massively Multiplayer,RPG,Strategy",0,0,0
1156200,"Casual,Indie,Sports",2,0,2
1569560,"Adventure,Indie",0,0,0
1213230,"Action,Adventure,Casual,Indie,Simulation",147,142,5
1627920,"Casual,Indie",0,0,0
581100,"Action,Adventure,Indie",5,4,1
789700,"Casual,Indie,Simulation,Early Access",2,1,1
1061090,"Action,Adventure,Indie",3288,3024,264
1171950,"Action,Adventure,Indie,RPG,Strategy",1,0,1
1340860,"Casual,Indie",0,0,0
500940,"Action,Casual,Indie",10,8,2
1579300,"Casual,Indie,Simulation",8,7,1
1672460,"Adventure,Casual,Indie",0,0,0
1444950,"Casual,Indie,Strategy",2,2,0
1112340,"Adventure,Indie",129,116,13
1418320,"Adventure,Casual,Indie",3,3,0
1021770,"Action,Indie",145,142,3
391210,"Action,Indie",1,1,0
420070,"Action,Adventure,Indie",54,33,21
1620920,"Adventure,Indie",6,6,0
1570330,"Casual,Indie,Early Access",54,44,10
922820,"Casual,Indie",5,4,1
1241500,"Action,Casual,Free to Play,Racing,Simulation,Sports",0,0,0
484390,"Action,Indie",9,9,0
494720,"Casual,Indie",199,187,12
1201770,Indie,0,0,0
503620,"Action,Indie,RPG",765,599,166
550200,"Action,Indie",2,2,0
1805040,"Action,Adventure,Indie",32,25,7
1102060,"Action,Indie,Early Access",4,3,1
856270,"Adventure,Indie",5,4,1
701970,"Adventure,Casual,Indie,RPG,Strategy",5,4,1
1114220,"RPG,Early Access",853,781,72
1787600,"Adventure,Indie",6,2,4
1899200,"Action,Casual,Indie,Early Access",4,4,0
490890,"Adventure,Casual",43,33,10
1225920,"Casual,Indie,Strategy",4,1,3
1515990,"Adventure,Free to Play,Indie",0,0,0
908010,"Action,Indie",1,1,0
1060560,"Adventure,Indie",0,0,0
1402580,"Casual,Indie,Simulation,Strategy",16,8,8
1325960,"Indie,Simulation,Strategy",4,0,4
1707650,"RPG,Strategy,Early Access",221,202,19
1604640,"Casual,Indie,Simulation",41,38,3
1459540,"Action,Adventure,Casual,Indie",13,13,0
849740,"Indie,RPG,Simulation",458,428,30
383180,Action,1309,949,360
355530,"Adventure,Casual,Indie,RPG",184,156,28
1543340,"Action,Adventure,Indie,Simulation",13,9,4
458730,RPG,368,306,62
549080,"Simulation,Strategy",176,145,31
1399150,Casual,2,2,0
613420,"Action,Casual,Indie",13,12,1
1177990,"Adventure,Casual,Strategy",13,10,3
1426730,"Simulation,Strategy,Early Access",116,99,17
356190,"Action,Adventure,RPG",22860,19797,3063
1557100,"Action,Casual,Indie,Massively Multiplayer",6,6,0
1925100,"Adventure,Casual,Free to Play,Indie",0,0,0
1439800,"Casual,Indie",13,10,3
775940,"Indie,Strategy",1141,996,145
2024870,"Casual,Indie",0,0,0
392000,"Action,Racing",209,168,41
915770,"Action,Adventure,Casual,Indie",0,0,0
299020,Casual,12,7,5
1001980,"Indie,Simulation,Strategy",41,27,14
1411870,"Casual,Indie",0,0,0
300300,"Casual,Indie,Strategy",166,135,31
471550,"Action,RPG",1055,826,229
1677180,"Casual,Indie,Simulation",13,10,3
1957820,"Casual,Indie",1,0,1
733430,"Indie,Strategy,Early Access",7,1,6
1724910,"Adventure,Casual,Indie,RPG,Strategy",0,0,0
441640,"Action,Adventure,Casual,Indie,Racing,RPG,Simulation,Sports",10,1,9
1843350,"Action,Free to Play,Indie",0,0,0
1150070,"Indie,Early Access",11,7,4
993370,"Action,Adventure,Indie",0,0,0
1534340,"Action,Early Access",67,66,1
913740,"Indie,RPG,Early Access",3713,3533,180
1779710,"Casual,Indie",26,21,5
1470150,"Action,Adventure,Indie",5,4,1
843130,Indie,0,0,0
642830,"Sexual Content,Nudity,Violent,Action,Adventure,Indie",27,12,15
1285630,"Action,Indie",10,9,1
1675410,"Indie,RPG,Strategy",0,0,0
707010,"Action,Free to Play,Indie,Massively Multiplayer,RPG,Early Access",672,475,197
1519900,"Adventure,Indie",9,6,3
1782740,"Action,Adventure,Indie",1,1,0
2026690,"Action,Adventure,Casual",1,1,0
769340,"Action,Indie",8,6,2
1140890,"Action,Adventure,Indie,RPG",177,130,47
1905810,"Action,Casual,Free to Play,Racing,Early Access",0,0,0
1339650,"Casual,Simulation,Strategy",3,1,2
1936030,"Adventure,Casual,Indie",5,4,1
1577320,"Adventure,Indie,Massively Multiplayer",198,171,27
580720,Simulation,534,468,66
1753090,"Action,Adventure,Free to Play",0,0,0
1180520,"Action,Adventure,Free to Play,RPG",0,0,0
889790,"Action,Indie",5,4,1
749920,"Action,Adventure,Indie,RPG",19,16,3
517670,"Action,Adventure,Casual,Indie,Early Access",76,64,12
797450,"Casual,Indie,Strategy",3,3,0
712000,"Indie,Strategy",12,6,6
1294770,"Design & Illustration,Utilities,Game Development",16,12,4
745660,"Action,Indie",10,10,0
421040,"Casual,Indie,Simulation",1436,1209,227
289340,Strategy,148,79,69
1233550,"Action,Sports",515,396,119
525050,"Casual,Indie,RPG,Simulation",10,10,0
1191620,"Action,Adventure",4,3,1
1026940,"Adventure,Indie",3,3,0
365960,"Racing,Simulation,Sports",2429,1918,511
735060,"Action,Adventure,Indie",13,10,3
1143780,"Action,Casual,Indie",3,3,0
683790,"Action,Indie,Racing,Sports",9,6,3
1388650,"Adventure,Indie",11,10,1
1035030,Adventure,17,17,0
729950,"Adventure,Casual",3,3,0
1497140,"Action,Adventure,Casual,Indie,RPG,Simulation",1,0,1
1509420,"Action,Casual,Indie,Simulation,Sports,Strategy,Early Access",0,0,0
223330,RPG,349,200,149
1377280,"Indie,Simulation,Strategy,Early Access",5,2,3
708260,"Action,Casual,Indie",5,5,0
1547990,"Action,Adventure,Indie",0,0,0
1257810,"Indie,Strategy",121,111,10
1260800,"Casual,Indie,Simulation,Early Access",31,24,7
386070,"Action,Indie,Strategy",6263,5414,849
1586120,"Adventure,Casual,Indie",5,2,3
1207650,"Adventure,Indie,RPG",2963,2762,201
511280,"Adventure,Casual,Indie",11,9,2
694060,"Adventure,Indie,RPG",0,0,0
1575580,"Casual,Indie,Strategy",4,4,0
755580,"Action,Adventure,Casual,Indie",1,0,1
1322550,"Action,Adventure,Indie",0,0,0
1236100,"Adventure,Indie",2,2,0
872220,"Action,Indie",1,1,0
795640,"Action,Indie",0,0,0
489720,"Action,Indie",20,18,2
378410,"Action,Adventure,Indie",14,13,1
1622060,"Adventure,Casual,Indie,RPG",17,12,5
1604350,"Action,Adventure,Indie",0,0,0
1414380,Action,0,0,0
686910,Indie,3,2,1
388660,"Indie,Simulation,Strategy",17,7,10
330830,Adventure,8614,8159,455
1315210,"Adventure,Indie",54,45,9
248710,"Action,Indie,RPG",222,43,179
21680,Action,424,304,120
765880,"Adventure,Indie",94,67,27
1358270,Simulation,10,4,6
305960,"Action,Indie,RPG,Simulation,Early Access",548,172,376
744420,"Adventure,Casual,Indie",76,55,21
1236040,"Action,Adventure,Early Access",16,13,3
1567400,"Action,Adventure,Indie,RPG,Strategy",10,10,0
760120,"Action,Adventure,Indie",1,0,1
659560,"Casual,Indie,Strategy",4,4,0
227480,Action,813,520,293
1726280,Free to Play,0,0,0
1888170,"Action,Indie",0,0,0
653190,Indie,14,11,3
594410,"Action,Adventure,Casual",5,4,1
570590,"Adventure,Casual,Indie,RPG,Simulation,Strategy",15,13,2
4000,"Indie,Simulation",377251,365432,11819
1078320,"Indie,RPG",41,36,5
231060,"Free to Play,Massively Multiplayer,RPG",8,5,3
1184530,"Adventure,Casual,Indie,RPG,Strategy",1,1,0
1089630,"Adventure,Indie,Simulation,Strategy",7,6,1
1928650,"Adventure,Indie,Early Access",9,9,0
1050210,"Adventure,Indie,RPG",7,5,2
918740,Indie,2,2,0
1597400,"Action,Adventure,Casual,Indie",26,25,1
1363090,"Action,Adventure,Indie",3,2,1
1169110,"Action,Indie,Early Access",6,6,0
1321350,"Adventure,Indie,RPG,Strategy",1,1,0
1143390,"Action,Indie,Strategy",3,3,0
1640080,"Action,Adventure,Indie",0,0,0
1776940,"Action,Adventure,Early Access",2,0,2
1272830,"Casual,Indie",0,0,0
1502680,"Adventure,Indie,Strategy",11,11,0
628580,"Casual,Indie",5,5,0
1167530,"Action,Adventure,Indie",2,2,0
1776000,Simulation,0,0,0
1592670,Action,100,100,0
1214250,"Utilities,Game Development",1,0,1
727460,"Indie,RPG,Strategy,Early Access",9,5,4
1753170,"Adventure,Indie",0,0,0
513710,"Action,Adventure,Indie,Massively Multiplayer,Early Access",26746,20165,6581
1774390,"Adventure,Casual,Indie,RPG,Strategy",3,3,0
1530,Indie,262,226,36
1366720,"Casual,Free to Play,Indie",0,0,0
644290,"Action,Adventure",480,309,171
1170290,"Casual,Indie,Simulation,Strategy",6,3,3
996080,"Indie,RPG,Simulation,Strategy",39,33,6
1931050,Action,2,2,0
1381530,"Action,Adventure,Casual,Indie,Strategy",15,8,7
1399670,Casual,70,67,3
1072140,"Casual,Strategy",0,0,0
1659270,"Adventure,Simulation",0,0,0
1587290,"Adventure,Casual,Indie,RPG",2,1,1
1008320,"Action,Adventure,Casual,Indie,Simulation,Strategy",7,4,3
1035410,"Adventure,Indie",0,0,0
1069710,"Action,Simulation,Strategy,Early Access",0,0,0
353540,Indie,641,624,17
749800,Action,148,91,57
951110,"Simulation,Sports",2,1,1
915430,"Action,Casual,Indie,Early Access",0,0,0
841680,"Adventure,Casual,Indie",4,4,0
1702260,"Action,Simulation",15,11,4
1495990,"Casual,Indie",8,7,1
916510,"Adventure,Indie,Simulation",6,5,1
933660,Indie,6,3,3
1464380,"Adventure,Indie,RPG,Early Access",105,97,8
1693000,"Indie,Strategy,Early Access",2,1,1
464000,"Action,Casual,Sports",33,25,8
944330,"Action,Adventure,RPG,Early Access",345,289,56
1113680,"Action,Adventure,Casual,Indie,RPG",279,229,50
396820,Action,6,3,3
839180,"Indie,Design & Illustration,Utilities,Game Development",0,0,0
585910,Action,145,123,22
1301830,"Casual,Indie",9,9,0
470220,Casual,19778,14612,5166
681730,"Indie,RPG,Strategy",418,333,85
1689410,"Action,Indie,Early Access",3,2,1
1173120,Indie,8,7,1
1321840,"Adventure,Free to Play",0,0,0
516840,"Adventure,Indie",42,40,2
755920,"Action,Indie",6,6,0
1482420,"Adventure,Indie,Simulation",1,1,0
1966610,"Action,Adventure",1,1,0
501020,"Action,Indie,Racing",27,18,9
1018380,"Adventure,Casual,Indie",0,0,0
1219450,"Action,Adventure,Indie",0,0,0
418290,Software Training,2,1,1
1093330,Indie,383,346,37
589590,"Violent,Gore,Adventure,Indie",4188,4034,154
1069500,"Casual,Indie,Simulation",1,0,1
1374430,Simulation,0,0,0
1036910,Casual,19,13,6
356670,"Action,Adventure,Free to Play,Indie",84,82,2
979310,"Action,Indie,RPG",61,51,10
1085970,Simulation,4,2,2
394690,"Action,Adventure,Casual,Indie,Massively Multiplayer,Racing,Early Access",7867,7177,690
444180,"Action,Indie,Massively Multiplayer,Strategy",47,32,15
758150,"Action,Indie,Early Access",6,4,2
1158320,"Casual,Indie",24,20,4
1640720,"Adventure,Casual,Simulation",254,237,17
338760,"Action,Indie",54,50,4
495030,"Action,Casual,Free to Play,Indie,Simulation,Strategy",1,1,0
1203220,"Action,Adventure,Massively Multiplayer",10268,8345,1923
1666600,"Action,Adventure,Indie,RPG,Early Access",1,0,1
1036000,"Action,Adventure,Casual",1,1,0
241410,"Action,Indie,Strategy",644,562,82
650730,"Adventure,Casual,Indie",11,5,6
933060,"Casual,Indie",46,35,11
1060820,Indie,4,3,1
278440,"Indie,Simulation",101,72,29
1856850,"Action,Indie",2,1,1
666010,"Indie,Strategy",7,5,2
332360,"Animation & Modeling,Design & Illustration,Utilities",99,68,31
448830,Utilities,25,16,9
1224450,"Casual,Indie",27,27,0
1016890,"Action,Adventure,Indie",0,0,0
1542170,"Casual,Indie,Simulation",9,9,0
2002550,"Action,Adventure,Casual,Indie,Strategy",1,1,0
1878530,Indie,0,0,0
1372120,Casual,1,1,0
1506760,"Action,Casual,Indie,Strategy",16,11,5
38140,Casual,7,6,1
1068190,"Adventure,Indie,RPG,Early Access",0,0,0
688680,"Adventure,Indie,RPG",17,12,5
1312160,"Action,Casual,Indie,Racing,Simulation,Sports",1,1,0
1398070,Indie,45,37,8
1062000,"Indie,Simulation,Strategy,Early Access",422,281,141
1129200,"Casual,Indie,Strategy",1,0,1
1344950,"Free to Play,Strategy,Early Access",0,0,0
730010,"Casual,Indie",1,0,1
1956630,"Action,Adventure,Indie",0,0,0
1113090,Casual,7,7,0
770370,"Adventure,Casual,Indie,RPG",9,6,3
795310,"Adventure,Casual,Indie",18,10,8
11040,"Adventure,RPG",173,124,49
1516820,"Indie,RPG,Simulation,Strategy,Early Access",1,1,0
1013670,"Action,Casual,Indie,Simulation",2,2,0
607120,"Simulation,Strategy",50,34,16
601550,Indie,3,0,3
265590,"Action,RPG,Strategy",537,401,136
1357270,"Casual,Indie",1,0,1
1716660,"Adventure,Casual",2,2,0
1440790,"Action,Adventure,Indie,RPG",0,0,0
495140,"Action,Adventure",1348,1027,321
840370,"Adventure,Indie",202,165,37
1983330,"Action,Adventure,Indie,Simulation",4,1,3
393660,"Action,Casual,Indie,Strategy",13,7,6
461340,"Adventure,Casual,Indie,RPG,Strategy",23,21,2
1424140,"Adventure,Casual,Indie",1,0,1
768630,"Action,Indie,Early Access",0,0,0
860900,"Action,Indie",19,2,17
1126430,"Action,Adventure,Indie,Racing,RPG,Early Access",0,0,0
572350,"Design & Illustration,Early Access",3,2,1
1132540,"Action,Adventure,Indie,RPG,Simulation",5,2,3
473450,"Adventure,Indie",86,65,21
1508750,RPG,4,4,0
1447900,"Action,Adventure,Casual,Indie,Simulation",3,0,3
1345280,"Racing,Sports",6,6,0
378750,"Action,Indie",74,71,3
1410840,Action,0,0,0
1177300,"Action,Casual,Indie",0,0,0
388750,Action,772,730,42
340450,Indie,25,19,6
1149090,"Action,Indie",4,2,2
1446130,"Action,Adventure,Indie",1,0,1
335790,"Action,Adventure,Casual,Indie",292,234,58
302790,"Action,Indie",539,499,40
527230,"Adventure,Indie,RPG,Strategy",8089,7217,872
958230,"Action,Adventure,Indie,RPG,Early Access",8,0,8
1626710,"Casual,Indie,Simulation",0,0,0
680930,"Casual,Indie",7,5,2
800390,"Casual,Early Access",25,23,2
1103770,"Action,Adventure,Casual,Indie,Racing,Sports",46,44,2
1032270,"Casual,Indie",2,0,2
1714010,"Adventure,Indie",1,1,0
1568330,"Casual,Simulation,Strategy",13,11,2
1342330,"Casual,Indie,Simulation,Strategy,Early Access",818,767,51
1148080,Casual,4,3,1
1785750,"Indie,Simulation,Early Access",0,0,0
1651360,"Action,Casual,Indie",3,3,0
805870,"Adventure,Indie",58,48,10
1257190,"Casual,Indie,Sports",3,2,1
1081710,"Action,Casual,Indie,Simulation,Sports",8,6,2
1152690,"Adventure,Indie,RPG,Strategy",0,0,0
999890,"Adventure,Casual,Indie",0,0,0
1269500,"Adventure,Indie",20,17,3
1643530,"Action,Adventure,Indie,Racing,RPG,Simulation",3,1,2
900010,"Casual,Indie,RPG,Simulation,Strategy",381,236,145
776930,"Action,Indie",6,1,5
279070,"Action,Adventure,Indie,RPG",97,79,18
1872200,"Action,Strategy",4,2,2
1001010,"Indie,RPG",1,1,0
511740,"Action,Adventure",893,795,98
1954010,"Action,Indie,RPG",1,1,0
1774560,"Action,Adventure,Simulation",0,0,0
1299150,Indie,0,0,0
431740,"Action,Adventure,Indie",3,2,1
1836240,"Action,Free to Play,Indie,Sports",0,0,0
260040,"Casual,Indie",20,16,4
270030,"Action,Casual,Indie,Simulation,Sports",10,9,1
1406340,"Action,Casual,Indie,Strategy",3,2,1
296770,Sports,324,186,138
849680,"Action,Indie",15,15,0
34272,Action,6,6,0
1122310,Indie,5,5,0
1388330,"Adventure,Casual,Strategy",2,2,0
513960,"Action,Indie",3,3,0
726620,"Action,Casual,Simulation",13,7,6
1189780,"Action,Indie",57,41,16
1778720,"Action,Casual,Indie,Sports",14,14,0
363360,"Action,Indie,Simulation",816,576,240
1837160,"Action,Casual,Indie",3,3,0
388440,"Indie,RPG,Strategy",8,2,6
623180,Casual,15,11,4
1716230,Casual,1,1,0
1332630,"Action,Indie,Early Access",2,2,0
1316390,"Casual,Indie,Strategy",110,106,4
779450,"Action,Indie,Racing",13,7,6
462620,"Adventure,Indie",40,38,2
940070,RPG,1,1,0
1749300,Casual,13,11,2
922880,Strategy,0,0,0
1772720,"Action,Adventure,Indie",12,11,1
461730,"Action,Adventure,Casual,Indie",80,59,21
1389550,"Adventure,RPG,Simulation,Strategy",343,298,45
1393870,"Casual,Indie",0,0,0
1527250,"Animation & Modeling,Design & Illustration,Photo Editing,Utilities,Game Development,Early Access",0,0,0
619000,"Action,Indie,Simulation",1,0,1
266490,"Adventure,Indie,RPG",593,518,75
1517050,RPG,0,0,0
94200,"Action,Indie",475,449,26
1687100,"Action,Sports,Early Access",30,20,10
1776260,"Indie,Racing,Simulation",1,1,0
793000,"Action,Casual,Indie",2,2,0
1069820,"Adventure,Indie,RPG",11,7,4
1122690,"Adventure,Indie",47,31,16
745650,"Casual,Indie,Strategy",6,5,1
1465200,"Casual,Indie,Simulation",1,0,1
2062940,"Action,Adventure,Early Access",2,2,0
913250,Indie,4,0,4
817640,"Adventure,Casual,Simulation",5,1,4
536890,"Simulation,Strategy",291,243,48
765030,"Action,Adventure,Casual,Indie,RPG,Early Access",1,1,0
1146940,"Action,Adventure,Casual,Indie,Massively Multiplayer,RPG",113,87,26
577940,Action,1625,1492,133
1787960,"Action,Indie,Simulation",14,11,3
1903640,Racing,0,0,0
1566620,"Casual,Indie,Strategy",16,11,5
371900,"Adventure,Indie",8,7,1
71165,Action,8,8,0
1663170,"Casual,Indie,Simulation,Strategy",3,2,1
319320,"Adventure,Casual",96,76,20
422760,"Adventure,Casual,Indie",72,57,15
1544730,"Simulation,Sports",0,0,0
1457840,"Action,Indie",11,11,0
1397140,"Action,Adventure,Casual,Indie",0,0,0
1383650,"Indie,Racing,Simulation",5,4,1
1742140,"Action,Casual,Racing,Simulation",2,0,2
756190,"Casual,Indie",1,0,1
1581050,"Action,Indie",2,2,0
754270,"Action,Casual,Indie",4,4,0
1893490,"Action,Casual,Indie",1,1,0
1641010,Casual,16,11,5
1379840,Indie,9,8,1
1304790,"Casual,Indie,RPG",0,0,0
408000,Indie,96,73,23
841980,"Casual,Indie",14,11,3
1241380,"Action,Adventure,Casual,Free to Play,Indie,Massively Multiplayer,Simulation,Early Access",0,0,0
708250,"Adventure,Casual,Indie",0,0,0
1377800,"Casual,Massively Multiplayer",1,0,1
1246950,"Casual,Strategy",58,44,14
423610,"Action,Adventure,Casual,Indie,Racing,Simulation",45,32,13
1389540,RPG,0,0,0
1258920,"Adventure,Indie,Early Access",0,0,0
899970,"Casual,Indie",775,750,25
1316800,"Action,Indie,RPG",70,67,3
1381500,"Action,Casual,Indie",6,6,0
623080,"Adventure,Casual,Simulation",63,61,2
586230,"Adventure,Casual",8,8,0
575030,"Adventure,Indie",1,0,1
821640,"Action,Casual,Indie,Sports",35,33,2
986400,"Action,Casual",1,0,1
497590,"Action,Adventure,Casual,Indie",2,1,1
498450,Indie,5,3,2
251650,"Action,Adventure,Indie,Strategy",25,17,8
1264640,Utilities,3,1,2
1662680,"Action,Adventure,Free to Play,Early Access",0,0,0
1925930,"Action,Adventure,Indie",3,2,1
1791990,Utilities,0,0,0
315130,"Adventure,Indie",15,8,7
763890,"Indie,RPG,Strategy",8684,8309,375
589780,"Adventure,Indie",2500,2280,220
1262540,"Action,Adventure,Racing,Simulation",3036,2031,1005
1728660,"Indie,Racing,Simulation,Sports",47,45,2
757870,"Action,Adventure,Casual,Indie",3,2,1
490230,"Action,Free to Play,Indie",23,22,1
628890,Simulation,73,45,28
1652700,"Adventure,Indie,RPG,Early Access",0,0,0
1283720,"Casual,Indie",1,0,1
941410,"Action,Casual,Indie",2,2,0
1345200,"Action,Adventure,Casual,Indie",2,2,0
885640,"Free to Play,Indie,Simulation",0,0,0
1037090,"Action,Adventure,Indie,Strategy",2,2,0
1111620,"Adventure,Casual",70,63,7
393320,Education,14,11,3
512420,"Action,Indie,RPG,Early Access",10,8,2
581660,"Action,Adventure,Indie",269,140,129
1487440,"Action,Adventure,Casual,Indie,Strategy",4,2,2
1310510,"Indie,Early Access",332,301,31
1197280,"Action,Adventure,Casual,Indie",25,19,6
1201640,"Casual,Indie,Simulation",0,0,0
1632880,"Adventure,Free to Play,Indie,RPG",0,0,0
1157260,"Adventure,Casual,Indie",14,10,4
871100,"Action,Adventure,Casual,Free to Play,Indie,Massively Multiplayer,RPG",6,6,0
279260,"Adventure,Indie",220,165,55
705060,"Action,Adventure,Indie",15,11,4
31290,Adventure,795,709,86
1287180,"Casual,Strategy",1,1,0
1366520,"Indie,RPG",0,0,0
716920,Casual,4,2,2
1139130,"Action,Adventure,Indie",3,1,2
1109170,"Indie,Strategy,Early Access",2,2,0
382180,"Action,Indie",35,25,10
678850,Indie,27,20,7
1162440,Indie,7,5,2
1146910,"Action,Adventure,Casual,Indie",3,3,0
1068860,"Adventure,Indie,RPG",0,0,0
1560510,Action,5,2,3
780760,"Action,Indie",6,5,1
1665990,"Action,Adventure,Indie",0,0,0
1145220,Casual,2,2,0
1788850,"Adventure,Casual,Indie,RPG,Strategy",0,0,0
766680,"Adventure,RPG",25,14,11
1282200,"Adventure,Casual,Indie,RPG,Simulation",4627,4534,93
1097160,Casual,2,2,0
1887150,"Action,Adventure,Casual,Indie,Simulation,Strategy",0,0,0
793460,"Indie,Simulation,Strategy",1220,1078,142
1182670,"Adventure,Casual",13,10,3
485660,"Action,Adventure,Casual,Indie",9,4,5
1236860,"Adventure,Casual,Indie",7,6,1
1479840,"Casual,Strategy",5,5,0
1015940,"Adventure,Indie",105,102,3
204300,"Action,Free to Play,Indie,Strategy",6891,5854,1037
1679170,"Adventure,Casual,Indie,Early Access",0,0,0
775860,"Action,Indie,Early Access",12,6,6
1854250,"Casual,Indie,RPG,Simulation",66,54,12
688420,"Action,Indie,Simulation",2693,2505,188
1586510,"Indie,Strategy",0,0,0
874640,"Adventure,Casual,Indie,Simulation",5,1,4
1607970,"Adventure,Indie,RPG",0,0,0
323020,"Casual,Indie",4,4,0
973690,"Action,Adventure,Casual,Indie",0,0,0
562690,"Action,Adventure,Casual,Indie",6,4,2
552330,Indie,3,3,0
1136900,"Indie,Simulation,Strategy",0,0,0
814380,"Action,Adventure",44500,41314,3186
388540,"Casual,Indie",3,2,1
671260,"Action,RPG",29,20,9
6120,"Action,Indie",711,611,100
1024570,"Adventure,Casual,Indie,RPG,Simulation",3,3,0
774131,Adventure,8,4,4
1617880,"Action,Adventure,Indie",0,0,0
1426950,"Casual,Indie,RPG",0,0,0
1236530,"Simulation,Sports,Strategy",19,13,6
1048740,"Adventure,Indie,RPG,Simulation",120,112,8
410390,"Violent,Gore,Action,Free to Play",11,9,2
818050,"Adventure,Indie",19,19,0
509420,"Action,Free to Play,Racing,Sports",6,1,5
611020,"Action,Free to Play,Massively Multiplayer",0,0,0
1916250,"Action,Casual,Indie,Strategy",0,0,0
1755420,"Action,Indie,Simulation",4,3,1
933900,"Adventure,Indie",1,0,1
660280,"Casual,Indie",1,0,1
251470,"Action,Indie",1451,1371,80
2063400,"Action,Adventure,Strategy",1,1,0
1427800,"Action,Free to Play,Indie",3,3,0
2004490,Action,48,46,2
1741620,Casual,0,0,0
1555110,Adventure,131,126,5
1176890,"Casual,Simulation",8,7,1
1543790,"Action,Indie,Strategy",0,0,0
1389000,"Action,Indie,Sports",0,0,0
893570,"Adventure,Indie,Simulation",0,0,0
204120,Adventure,675,588,87
1935580,"Action,Indie",13,11,2
1175830,"Action,RPG",388,319,69
1359980,Action,1728,1669,59
1024460,"Action,Indie,Simulation",59,46,13
1725430,"Action,Adventure,Indie",13,13,0
1300670,"Action,Indie",3,3,0
458370,"Indie,Sports",17,11,6
960940,Sports,0,0,0
527350,"Design & Illustration,Photo Editing",15,10,5
877190,"Adventure,Casual,Indie,RPG",7,3,4
1720090,"Adventure,Casual,Indie",33,29,4
1727000,Action,70,67,3
1876150,"Action,Adventure,Indie",12,11,1
912260,Casual,0,0,0
1987590,"Casual,Indie",18,18,0
1269120,Casual,8,4,4
444430,"Action,Casual",13,10,3
513930,"Casual,Indie,Racing,Simulation",25,7,18
822680,"Action,Adventure,Casual,Indie",9,3,6
2002510,"Action,Adventure,Casual,Indie,Strategy,Early Access",4,2,2
1334650,"Adventure,Indie,RPG,Strategy,Early Access",13,12,1
464020,"Casual,Simulation,Strategy",5,2,3
357690,"Action,Indie,Strategy",17,11,6
660830,"Action,Free to Play,Massively Multiplayer,Strategy,Early Access",0,0,0
951450,"Action,Indie,Simulation,Sports",4,2,2
1647110,"Casual,Indie",0,0,0
1275850,"Action,Adventure,Indie,Simulation",1,1,0
1561880,Casual,4,4,0
462770,"Action,Indie,RPG",4678,4229,449
421060,"Action,Casual,Indie,Strategy",24,13,11
332830,"Casual,Indie",51,47,4
1956140,"Action,Indie",1,1,0
761600,Action,704,670,34
1014560,"Action,Adventure,Indie",12,7,5
758250,Strategy,20,13,7
844140,"Action,Casual,Simulation",13,9,4
1604280,Action,14,11,3
356520,"Adventure,Indie",10,10,0
1440750,"Action,Adventure,Free to Play,Indie",0,0,0
463250,"Free to Play,Strategy,Early Access",1,1,0
661190,"Action,Adventure,Casual,Indie",1,0,1
1222300,"Action,Casual,Indie,Simulation,Early Access",424,398,26
548760,"Design & Illustration,Photo Editing,Utilities",27,12,15
1222930,"Action,Casual,Indie,Early Access",10,6,4
483820,"Action,Adventure,Indie,RPG,Strategy",1,1,0
1134200,"Action,Casual,Indie",19,15,4
1488960,"Action,Casual,Indie",0,0,0
1811640,"Casual,Indie",1,1,0
515700,"Action,Early Access",2,1,1
1049850,"RPG,Strategy",60,40,20
726600,"Indie,Racing,Sports",10,5,5
1997560,"Casual,Indie",4,3,1
1325970,"Casual,Indie,Simulation",20,18,2
1358180,"Casual,Strategy",0,0,0
1610470,"Racing,Simulation,Sports",111,78,33
1028520,"Adventure,RPG",9,7,2
1282930,"Action,Indie,Simulation,Strategy",18,13,5
1394580,"Adventure,Casual,Indie,Racing",0,0,0
1306780,"Adventure,Indie,RPG,Simulation",77,50,27
1485940,Adventure,1,1,0
1876690,"Casual,Indie",0,0,0
1508360,"Adventure,Indie,RPG,Strategy",0,0,0
2077180,"Action,Adventure,Free to Play,Indie,Simulation,Strategy,Early Access",0,0,0
1669490,"Adventure,Casual,Free to Play,Indie",0,0,0
1107920,"Action,Adventure,Casual,Indie",2,2,0
755410,"Action,Adventure,Indie,RPG",202,190,12
720380,Strategy,0,0,0
312210,"Action,Adventure,Indie,Early Access",617,231,386
1484740,"Action,Casual,Indie,Simulation",2,2,0
1057720,"Free to Play,Indie",0,0,0
290440,"Action,Indie",23,11,12
1112360,"Adventure,Indie",1,1,0
399880,Casual,5,5,0
501620,"Audio Production,Education,Software Training,Utilities,Video Production",12,7,5
851650,"Casual,Free to Play,Indie,Strategy",0,0,0
389470,Adventure,26,20,6
376150,"Simulation,Strategy,Early Access",18,6,12
461780,"Indie,RPG,Simulation",72,21,51
929690,"Adventure,Casual,Indie",0,0,0
830520,"Action,Casual,Indie",3,3,0
1042030,"Casual,Indie",7,6,1
2074780,"Casual,Free to Play,Indie",0,0,0
1475780,"Action,Adventure,Indie,Massively Multiplayer,Strategy",3,3,0
1846890,"Adventure,Casual",18,18,0
1848660,Indie,2,1,1
273820,Simulation,32,6,26
670490,"Indie,Simulation,Strategy,Early Access",72,13,59
1540740,"Indie,RPG,Strategy",1,0,1
1057090,Action,21431,20789,642
1785680,"Casual,RPG,Simulation,Strategy",21,13,8
745090,"Action,Indie,RPG",25,22,3
1160800,"Action,Indie",2,1,1
622700,"Indie,Strategy",9,5,4
1680660,"Casual,Indie",3,3,0
324310,Simulation,658,403,255
657320,"Adventure,Indie,RPG",2,1,1
828250,"Action,Casual",0,0,0
1393740,"Action,Adventure,Indie",0,0,0
653100,"Action,Casual,Indie",1,1,0
932940,"Casual,Indie,Simulation",11,6,5
1641210,"Adventure,Indie,RPG",0,0,0
1129080,Simulation,3,1,2
1084520,"Casual,Free to Play,Early Access",0,0,0
1020470,"Action,Adventure,Casual,Indie,RPG",390,299,91
1466570,Casual,2,1,1
1067110,"Casual,Free to Play,Indie,Strategy",0,0,0
1631790,"Action,Adventure,Casual,Simulation",20,10,10
265810,"Casual,Indie,Simulation,Strategy",329,179,150
581200,"Indie,Racing",30,17,13
1820560,"Action,Adventure,Casual,Indie,Early Access",15,12,3
1713290,"Free to Play,Indie,Early Access",0,0,0
652140,"Action,Adventure,Casual,Indie,Early Access",0,0,0
1383120,"Action,Casual,Indie,Racing",0,0,0
772610,"Action,Adventure,Indie",61,57,4
915730,"Action,Adventure,Casual,Indie,Simulation",5,5,0
670240,"Action,Casual,Indie",3,2,1
766250,"Action,Simulation,Sports,Early Access",0,0,0
1057850,"Action,Free to Play,Indie",0,0,0
302010,"Action,Indie",56,36,20
1360670,"Casual,Indie,Simulation,Strategy,Early Access",15,14,1
577740,"Adventure,Casual,Indie",35,21,14
992210,"Indie,Strategy,Early Access",9,9,0
797310,"Casual,Indie,Strategy",2,2,0
281820,"Action,Adventure,Casual,Indie",25,18,7
1202660,Indie,5,4,1
214970,"Action,Indie",566,521,45
264690,"Indie,RPG",138,127,11
1340300,"Action,Simulation,Sports,Early Access",30,28,2
1332370,Adventure,6,5,1
885320,"Indie,Strategy,Early Access",7,2,5
776390,"Action,Casual,Indie,Sports",0,0,0
897440,"Adventure,Indie,RPG",49,33,16
826390,"Adventure,Casual",1,1,0
949820,Indie,5,5,0
581910,"Action,Adventure,Casual,Indie,Strategy,Early Access",13,10,3
1926170,"Adventure,Indie",12,11,1
445840,"Action,Adventure,Casual,Indie",1,1,0
1083490,"Adventure,Casual,Indie,RPG,Simulation",7,4,3
874130,"Action,Adventure,Casual,Indie,Racing,Simulation,Sports,Strategy",1,0,1
1512520,"Casual,Indie",0,0,0
557700,"Adventure,Indie,RPG",16,11,5
28000,Action,2032,1318,714
979260,"Action,Indie",0,0,0
783450,"Action,Indie",25,9,16
338540,"Action,Free to Play,Massively Multiplayer,RPG,Simulation,Strategy",3,0,3
1030830,"Action,Adventure",3379,2424,955
1408720,"Action,Casual,Free to Play",0,0,0
1687430,"Action,Adventure",2,1,1
1249510,"Indie,Strategy",18,18,0
1423830,"Action,Indie",3,3,0
1622470,"Adventure,Casual,Free to Play,Indie",4,4,0
341570,"Action,Indie,RPG,Strategy,Early Access",13,11,2
1567440,"Casual,Indie",45,44,1
1530120,Indie,2,0,2
1389270,"Action,Adventure,Casual,Indie,Strategy",57,55,2
563170,"Action,Indie,Sports",4,4,0
1042170,"Action,Adventure,Casual,Indie,RPG",15,9,6
844620,"Violent,Indie,Early Access",1,1,0
1945810,"Adventure,Free to Play,Indie",0,0,0
1351070,"Casual,Indie,Simulation,Strategy",6,2,4
1383060,"Action,Indie",0,0,0
1127390,"Casual,Indie",32,23,9
1862960,"Action,Adventure,Indie",0,0,0
1626040,"Adventure,Casual,Indie,Simulation",7,6,1
1811520,"Action,Casual,Indie",0,0,0
876160,"Casual,Free to Play,Indie,Massively Multiplayer,Simulation",0,0,0
566170,"Action,Adventure,Casual",1,0,1
1863980,"Action,Casual",0,0,0
1812820,Free to Play,0,0,0
2001000,"Indie,Simulation,Strategy,Early Access",1,1,0
847810,"Action,Casual,Indie",1,1,0
1193930,"Action,Indie,Sports",2,2,0
1288670,"Adventure,Indie",4,2,2
1559430,"Adventure,Indie,RPG",77,76,1
1485630,Simulation,6,6,0
340830,"Action,Indie,RPG",166,129,37
1198900,"Action,Adventure,Indie,Racing,RPG,Strategy,Early Access",4,4,0
1560760,Indie,0,0,0
1096330,Indie,0,0,0
1885530,"Adventure,Casual",0,0,0
742120,RPG,4541,3849,692
665350,Action,5,5,0
704690,"Casual,Indie",40,31,9
820170,"Action,Casual,Indie",1,1,0
489610,"Action,Casual,Indie,RPG",170,148,22
815860,"Action,Indie",8,5,3
463010,Casual,5,2,3
473140,"Action,Casual,Indie",8,6,2
586620,"Casual,Indie",10,3,7
1992120,"Adventure,Free to Play,Indie",0,0,0
441680,Adventure,29,16,13
528900,"Indie,Racing,Simulation,Sports",6,2,4
1237040,Casual,61,55,6
1823380,"Adventure,Indie,Early Access",122,71,51
702680,"Adventure,Casual,Indie",203,172,31
933450,Indie,39,26,13
782160,"Violent,Gore,Casual,Indie,RPG,Simulation,Early Access",3,1,2
943030,"Action,Indie,RPG",1,0,1
665650,"Action,Indie",5,5,0
994030,Casual,0,0,0
965730,"Action,Adventure,Casual,Indie",1,0,1
2004290,"Free to Play,Massively Multiplayer,Strategy",0,0,0
1003890,Adventure,1111,896,215
1286830,"Free to Play,Massively Multiplayer,RPG",221,188,33
1373250,"Casual,Indie,Strategy,Early Access",1,1,0
1558630,"Adventure,Casual,Indie,RPG,Simulation,Strategy",0,0,0
622480,"Action,Adventure,Indie",5,4,1
1356670,"Action,Indie",796,756,40
1951540,"Action,Adventure,Sports",15,4,11
704350,"Action,Casual",0,0,0
1551910,"Indie,Racing,Sports",0,0,0
1006680,"Indie,Massively Multiplayer,Strategy",1,0,1
80300,"Adventure,Indie",48,41,7
700050,"Action,Casual,Indie",0,0,0
312560,"Action,RPG",257,236,21
809200,"Action,Indie,Early Access",4,3,1
742230,"Indie,RPG,Simulation",4,1,3
1484620,"Adventure,Indie",59,56,3
1525370,"Action,Adventure,Casual,Indie,Early Access",2,2,0
581320,Action,45507,39780,5727
260570,"Adventure,Casual",301,275,26
850450,"Adventure,Casual,Indie",150,90,60
72900,"Adventure,Indie,RPG",113,73,40
1435610,"Casual,Indie,Strategy,Early Access",0,0,0
272620,"Action,Indie",173,142,31
1311190,"Casual,Indie,RPG,Simulation",10,3,7
1669820,"Adventure,Casual",4,4,0
17470,"Action,Adventure",9097,8193,904
34286,"Casual,Strategy",5,5,0
1349740,"Casual,Indie",3,0,3
1756500,"Action,Adventure,Indie",0,0,0
1956400,Action,10,7,3
1271930,"Action,Adventure,Casual,Indie,Strategy",0,0,0
487160,"Adventure,Indie",45,42,3
1991470,"Casual,Indie",10,10,0
1617360,"Action,Indie,Massively Multiplayer,Early Access",2,1,1
1710590,"Action,Casual,Indie",2,2,0
465130,"Action,Indie",25,22,3
23490,"Simulation,Strategy",409,367,42
1098040,"Free to Play,RPG",0,0,0
682530,"Indie,Strategy",383,295,88
993220,"Casual,Indie,Strategy",0,0,0
1180030,"Adventure,Indie,Simulation",2,1,1
645260,"Free to Play,Simulation,Sports",0,0,0
491800,"Free to Play,Indie,Simulation",5,1,4
1647730,"Action,Adventure",66,65,1
1504310,"Action,Adventure,Casual,Indie,RPG",15,13,2
1764000,"Casual,Indie",0,0,0
249610,"Action,Casual,Indie",12,8,4
1866250,"Casual,Indie",0,0,0
733550,"Strategy,Early Access",4,1,3
1910260,Casual,22,22,0
1155910,"Indie,Strategy",2,1,1
1625260,"Casual,Indie",0,0,0
1672350,"Action,Adventure",1,1,0
1674370,"Action,Casual,Indie,Strategy",0,0,0
1948740,"Casual,Indie,Strategy",7,7,0
1818690,"Casual,Indie,Strategy",38,35,3
1092510,"Adventure,Casual,Indie",4,3,1
1896160,Strategy,8,8,0
279500,Adventure,22,10,12
395250,"Adventure,Indie",45,32,13
857130,Casual,0,0,0
756530,Action,272,170,102
1282700,"Adventure,Casual,Indie,RPG",2,2,0
1421200,"Action,Adventure,Casual",0,0,0
746240,"Action,Indie,Simulation",6,2,4
1501340,"Racing,Sports",2,1,1
276730,"Action,Indie",14,9,5
1541250,"Action,Free to Play,Indie",0,0,0
372820,"Action,Free to Play,Indie,Early Access",3,2,1
314770,"Indie,Simulation",11,7,4
1682920,"Adventure,Indie",1,0,1
400660,"Action,Adventure,RPG,Strategy",307,274,33
1470820,"Casual,Indie,Racing",3,2,1
1376520,"Action,Indie",6,6,0
722890,"Adventure,Casual,Indie",6,6,0
1188590,"Action,Adventure,Indie,RPG,Early Access",0,0,0
549900,Action,6,5,1
1081350,Indie,0,0,0
1897720,"Casual,Indie",2,2,0
1094320,"Casual,Indie,RPG",6,2,4
1356460,"Action,Adventure,Indie,Simulation",0,0,0
1649900,Casual,1,1,0
940650,Adventure,21,14,7
1401990,"Adventure,Indie",1,1,0
1159680,"Action,Indie,RPG,Simulation",55,46,9
745890,"Action,Adventure,Casual,Indie",3,3,0
623880,"Action,Massively Multiplayer,Racing,Simulation",171,113,58
618850,"Casual,Indie,RPG,Simulation",276,231,45
1675940,"Action,Adventure,Casual,Indie,RPG,Strategy",0,0,0
281580,Simulation,65,35,30
200980,"Strategy,RPG,Indie",47,46,1
1488810,"Action,Adventure,Indie,Early Access",18,12,6
1274140,"Free to Play,Indie",0,0,0
1467870,"Adventure,Casual",5,3,2
1883580,"Casual,Indie,Simulation",84,76,8
1937620,"Indie,Racing,Simulation,Sports,Strategy",17,12,5
1568540,"Casual,Free to Play,Indie",0,0,0
1302090,"Action,Adventure,Indie",1,0,1
409390,"Action,Adventure,Casual,Indie",32,19,13
828760,"Adventure,Indie",0,0,0
1433340,"Action,Adventure,Indie,Simulation",496,467,29
1284790,"Casual,Indie",33,27,6
1352200,"Adventure,Indie",56,55,1
1553800,"Action,Adventure,Casual,Indie",0,0,0
737670,"Action,Adventure,Indie",3,2,1
628130,Strategy,4,2,2
1746120,Casual,2,1,1
1245260,Strategy,18,12,6
497710,"Action,Adventure,Indie",7,5,2
1005930,"Indie,RPG,Simulation,Strategy,Early Access",137,121,16
1996000,"Casual,Indie,Strategy",1,1,0
1293120,"Adventure,Indie,RPG,Strategy",35,20,15
740090,"Adventure,Casual",41,31,10
493080,"Indie,RPG,Strategy",190,167,23
359870,RPG,6770,6191,579
1158980,"Adventure,Casual,Free to Play,Indie,Strategy",0,0,0
553430,"Indie,Early Access",5,3,2
2008230,"Casual,Indie",0,0,0
551060,"Action,Indie,RPG",6,5,1
811850,"Action,Indie",0,0,0
1058410,Simulation,0,0,0
951330,"Casual,Indie,Simulation",42,28,14
1249850,"Casual,Indie",7,5,2
594000,"Adventure,Casual,Indie,RPG,Strategy",10,7,3
264320,"Adventure,Casual",51,30,21
668650,"Action,Casual,Indie",5,5,0
856760,"Nudity,Adventure,Casual,Indie",5,2,3
15500,"Casual,Indie",408,316,92
2061270,"Action,Indie",1,1,0
1376420,"Adventure,Casual,Free to Play,Indie",0,0,0
1472060,"Action,Adventure,RPG,Strategy,Early Access",5,5,0
1802500,Racing,2,2,0
571180,Simulation,2,2,0
1814050,"Action,Adventure,Indie,RPG,Strategy",0,0,0
1347690,"Action,Casual,Indie,Sports",0,0,0
1018810,"Action,Casual,Indie,Sports",1,1,0
542050,"Action,Adventure,Casual,Indie",561,506,55
243060,Action,83,53,30
504810,"Racing,Simulation,Sports",23,16,7
361330,"Action,Adventure,Indie,RPG,Early Access",24,5,19
1169030,Indie,3,1,2
1508670,"Casual,RPG",0,0,0
747810,"Casual,Indie,Simulation,Strategy",1,1,0
1665650,"Casual,Indie,RPG,Simulation,Early Access",0,0,0
822510,"Action,Adventure,Massively Multiplayer,Simulation",7,4,3
1238620,"Casual,Indie,Simulation",0,0,0
1900680,Casual,0,0,0
425460,"Adventure,RPG,Strategy",28,19,9
770020,"Action,Casual,Indie,Simulation,Strategy",5,4,1
282620,"Action,Indie,Simulation",46,30,16
789610,"Action,Adventure,Casual,Indie,Racing",0,0,0
1578900,"Casual,Indie,Sports",2,1,1
394970,"Action,Indie",2522,2415,107
1585500,"Casual,Indie,Strategy",0,0,0
1289990,Simulation,43,28,15
1262580,"Action,Adventure,Racing,Sports,Strategy",2270,1995,275
1720060,Simulation,2,1,1
650980,"Adventure,Casual,Indie,Sports,Early Access",4,2,2
1783090,"Adventure,Indie",2,2,0
705870,"Adventure,Casual,Indie",51,45,6
950130,Indie,4,3,1
1639340,"Action,Adventure,Casual,Indie,RPG,Simulation",12,7,5
99410,"Action,Indie",38,11,27
980440,"Action,Adventure,Casual,Indie,RPG,Early Access",2,1,1
836080,"Action,Indie",22,17,5
840160,"Utilities,Video Production",9,9,0
586080,"Action,Adventure,RPG",17,6,11
501440,"Casual,Indie,Simulation",9,3,6
802810,"Action,Adventure,Casual,Indie,Simulation",23,14,9
1412560,"Action,Adventure,Indie,RPG",10,9,1
637110,"Casual,Indie",1,1,0
612930,"Action,Indie",330,278,52
1330460,"Indie,Strategy,Early Access",1850,1552,298
1236780,"Action,RPG",35,24,11
1890000,Indie,0,0,0
495520,Sports,1,1,0
320330,"Adventure,Casual,Indie",69,52,17
1309910,"Adventure,Casual",2,2,0
889240,Simulation,0,0,0
1493410,"Action,Racing,Sports",4,3,1
1620890,"Casual,Indie",15,12,3
413540,"Adventure,Casual,Indie",11,11,0
624120,"Simulation,Sports",64,39,25
932500,"Adventure,Indie,RPG",96,94,2
438020,"Action,Indie,Strategy",76,17,59
818480,"Action,Adventure,Casual,Indie",14,6,8
1813570,"Casual,Indie,Strategy",0,0,0
237550,"Adventure,Indie,RPG",114,48,66
1985250,"Casual,Indie",0,0,0
292990,Strategy,43,34,9
1051270,"Indie,Simulation",4,0,4
1479100,Indie,0,0,0
1160560,"Indie,RPG",0,0,0
667240,Indie,3,3,0
1160190,"Indie,Early Access",1,1,0
1349830,"Action,Adventure,Indie,RPG",31,25,6
1714680,Indie,3,3,0
373630,"Action,Indie",15,13,2
286200,"Adventure,Casual,Indie,RPG,Strategy",28,20,8
1341900,"Action,Adventure,Indie",27,26,1
1187410,"Action,Casual,Indie,RPG",0,0,0
364810,"Action,Adventure,Simulation",80,64,16
955530,"Action,Adventure,Indie,RPG,Simulation",0,0,0
1012510,Education,0,0,0
273620,Action,207,162,45
225160,Action,1496,1342,154
1635790,"Casual,Strategy",10,9,1
724750,"Adventure,Indie",0,0,0
715240,"Casual,Simulation,Strategy",4,4,0
801210,Indie,37,23,14
1252480,"Action,Adventure,Casual,Early Access",4,1,3
869060,"Indie,Simulation,Sports,Strategy",86,32,54
759940,Indie,9,9,0
1590270,Casual,17,14,3
856300,"Casual,Free to Play,Indie,Simulation,Sports,Strategy,Early Access",0,0,0
1063330,"Casual,Free to Play,Indie,Racing,Simulation,Sports,Strategy",0,0,0
1300560,"Casual,Indie",0,0,0
545180,"Action,Indie,Simulation,Early Access",62,52,10
1323470,"Action,Indie",207,178,29
1476760,"Casual,Indie,Early Access",19,19,0
301560,Adventure,115,80,35
1485760,"Indie,Racing",0,0,0
761700,"Adventure,Indie",17,12,5
603340,"Violent,Gore,Action,Adventure,Indie",1,1,0
1148100,Indie,8,5,3
659500,"Free to Play,Indie,Simulation,Early Access",0,0,0
1553480,"Casual,Indie,Early Access",0,0,0
1999140,"Action,Indie,Early Access",16,16,0
1299000,"Action,Racing",0,0,0
817150,"Action,Casual,Indie,Strategy",3,2,1
1306900,"Action,Adventure,Casual,Early Access",5,5,0
826660,"Casual,Indie",11,8,3
663920,"Adventure,Casual,Indie",7,6,1
1572790,"Action,Adventure,Indie,RPG",1,0,1
1121120,"Action,Indie",0,0,0
1239030,"Action,Adventure,RPG",2,1,1
359630,"Action,Simulation",50,34,16
1457070,"Action,Indie,Strategy",4,3,1
1361810,"Adventure,Casual,Free to Play,Indie,RPG,Simulation",0,0,0
312280,"Casual,Free to Play,Indie,Strategy",44,36,8
706370,"Casual,Indie,Strategy",6,5,1
1062120,"Casual,Indie",1,1,0
929010,"Adventure,Indie,RPG,Simulation,Strategy",862,402,460
514520,Indie,3,2,1
1460910,"Action,Adventure,Indie",1,1,0
1269450,"Indie,Simulation",0,0,0
1089660,"Adventure,Casual",41,32,9
836470,"Action,Indie,Strategy",3,1,2
1670320,"Design & Illustration,Utilities,Game Development",16,11,5
1412980,RPG,8,8,0
329690,"Adventure,Indie,Sports",53,41,12
423730,"Action,Indie,Early Access",4,3,1
1097130,"Action,Casual,Indie,Racing,Simulation,Sports",844,741,103
1604790,"Adventure,Indie",0,0,0
25800,Strategy,851,741,110
1253110,"Action,Casual,Indie",10,9,1
2018990,"Action,Adventure,Free to Play,Indie,Massively Multiplayer,RPG",0,0,0
1069080,"Action,Adventure,Casual,Strategy",0,0,0
689130,"Action,Adventure,Indie",0,0,0
592350,Animation & Modeling,19,17,2
968350,"Adventure,Indie",43,43,0
1605230,"Action,Adventure",0,0,0
1547220,"Adventure,Casual",1,1,0
1341630,"Adventure,Casual,Indie",6,6,0
503770,"Action,Adventure,Indie,Simulation,Early Access",378,320,58
1120410,"Casual,Simulation",0,0,0
1087070,"Casual,Indie",1,0,1
1370370,"Indie,RPG,Strategy",14,9,5
1401940,"Action,Adventure,Casual,Indie,RPG",0,0,0
1418090,"Casual,Indie,Simulation",12,10,2
1014730,Simulation,113,69,44
1192550,"Free to Play,Strategy,Early Access",0,0,0
317060,Action,29,17,12
1244830,Strategy,0,0,0
1766830,"Adventure,RPG",1,1,0
245470,"Indie,Simulation,Strategy",4649,3472,1177
1262930,"Indie,Simulation,Sports,Strategy",10,8,2
1002920,Free to Play,0,0,0
1333460,"Casual,Indie,Strategy",30,27,3
1868710,"Casual,Indie,Strategy",8,8,0
532170,"Action,Adventure,Indie,Racing",58,51,7
1363360,"Action,Adventure,Indie,Massively Multiplayer,Early Access",43,37,6
522240,"Action,Adventure,Sports",61,47,14
1151930,"Action,Casual,Indie",20,20,0
445350,"Action,Simulation,Strategy,Early Access",8,2,6
951010,"Action,Adventure,Indie",4,3,1
1235400,"Casual,Indie",3,3,0
1345770,Adventure,4,2,2
1595950,"Adventure,Casual",5,4,1
410770,"Adventure,Casual,Simulation,Strategy",21,18,3
1285080,"Adventure,Indie",176,159,17
330100,"Action,Indie,RPG,Simulation",142,107,35
1181520,Action,21,17,4
674940,"Action,Casual,Indie",43316,40910,2406
1383270,"Action,Casual,Simulation",0,0,0
446550,"Casual,Indie,Sports",56,38,18
1627740,"Casual,Indie,Simulation",0,0,0
434150,"Adventure,Indie",19,8,11
361100,"Action,Indie",17,16,1
1232010,"Action,Adventure,Indie",28,28,0
557400,"Adventure,Casual,Free to Play,Indie,RPG",162,138,24
288100,Action,7,4,3
1050190,Racing,0,0,0
463850,Casual,181,143,38
906600,"Action,Indie",35,34,1
496990,"Action,Adventure,Casual,Indie",8,5,3
1147490,"Indie,Simulation,Strategy",24,21,3
1581760,"Casual,RPG,Simulation",0,0,0
263400,"Adventure,Indie,Strategy",235,217,18
1841740,"Action,Casual,Racing,Simulation,Sports",1,0,1
804850,"Indie,Strategy",229,130,99
1019550,"Action,Indie,Simulation",604,427,177
564050,"Action,Adventure,Indie",254,220,34
1336600,"Adventure,Indie,Simulation",245,234,11
924090,"Violent,Gore,Action,Adventure,Indie,Massively Multiplayer",7,5,2
903760,"Adventure,Free to Play",0,0,0
648020,"Adventure,Indie,RPG",11,7,4
758090,Adventure,23,20,3
857500,"Action,Indie",41,40,1
748980,"Casual,Indie",3,3,0
1025410,"Action,Adventure,Indie",171,138,33
1032730,"Action,Adventure,Casual,Indie",81,73,8
1031660,"Indie,Simulation,Strategy",2,0,2
1729370,Casual,3,3,0
1239470,"Casual,Indie",3,3,0
651990,"Violent,Casual,Indie,Strategy",0,0,0
710880,"Indie,Strategy",1,0,1
1134630,"Adventure,Indie,RPG",19,15,4
865630,"Action,Indie",3,3,0
1023560,"Action,Adventure,Indie",8,8,0
896240,"Adventure,Casual,Indie,Simulation",2,0,2
1160580,"Casual,Indie",12,7,5
1571060,Casual,0,0,0
1597790,"Free to Play,Indie,Strategy",0,0,0
1273120,"Adventure,Casual,Indie",0,0,0
48800,Simulation,868,424,444
426040,Indie,12,7,5
1980260,"Action,Casual,Free to Play,Indie,Early Access",0,0,0
939740,"Action,Adventure,Indie,RPG,Early Access",0,0,0
1962530,"Adventure,Free to Play,Indie,RPG",0,0,0
1829960,"Action,Adventure,Casual,Indie,Early Access",2,1,1
1093670,"Action,Casual",13,12,1
746710,Indie,269,244,25
1300950,"Casual,Indie",0,0,0
1945250,"Action,Casual,Simulation,Sports,Early Access",0,0,0
1694120,Casual,1,0,1
252030,"Action,Indie,RPG",1559,1291,268
960690,"Action,Adventure,Indie,Strategy",2999,2857,142
677230,"Casual,Indie",4,1,3
241760,"Action,Adventure,Indie",98,65,33
1316200,"Adventure,Casual,Indie,Simulation",23,22,1
805850,"Action,Free to Play,Massively Multiplayer,Racing,Sports,Strategy",0,0,0
1539970,"Adventure,Casual,Indie",1,0,1
1078670,"Action,Adventure,Indie",2,1,1
213390,"Indie,Casual",0,0,0
856560,"Action,Adventure,Casual,Indie,RPG",1,1,0
896400,"Action,Casual,Indie,Simulation",8,7,1
692610,"Action,Casual,Indie",1,1,0
1593080,Indie,8,8,0
1644080,"Adventure,Indie",5,5,0
1490610,"Action,Indie",130,116,14
517370,"Indie,RPG,Simulation,Strategy",106,81,25
1336120,Simulation,38,28,10
1057540,"Indie,RPG",154,135,19
672720,Casual,5,4,1
235520,"Indie,Strategy",112,86,26
432540,"Action,Adventure,Indie,RPG",0,0,0
409660,"Action,Adventure,Indie",478,446,32
1016010,"Indie,Simulation",6,3,3
662830,"Action,RPG,Strategy",0,0,0
1124860,"Action,Adventure,Indie",3,3,0
1634290,"Action,Indie",2,2,0
1413480,RPG,1307,1181,126
115800,"Action,Adventure,Indie",2073,1822,251
499450,RPG,0,0,0
1483060,Indie,8,7,1
1411630,Action,0,0,0
1903850,"Action,Adventure,Casual",0,0,0
1694380,"Adventure,Indie",3,3,0
386840,"Indie,Strategy",25,21,4
1927950,"Action,Adventure,Casual,Free to Play,Indie",0,0,0
1381640,Action,8,8,0
2320,Action,1852,1691,161
1285490,"Action,Adventure,Casual,Indie",0,0,0
1162570,"Action,Indie,RPG,Strategy",3,0,3
1005300,"Casual,Indie",1624,1555,69
415200,"Racing,Simulation,Sports,Strategy",4239,3832,407
1842390,"Action,Casual,Free to Play,Indie",0,0,0
1011670,"Action,Adventure,Casual,Indie,Racing,Simulation",215,166,49
243970,"Action,Indie,Strategy",3108,2841,267
1846830,Strategy,3,2,1
671180,"Action,Strategy",4,2,2
714510,"Action,Adventure,Indie",3,2,1
39530,Action,465,400,65
1938180,"Adventure,Indie",14,14,0
386510,"Action,Casual,Indie",2,1,1
1813650,Casual,5,2,3
320410,"Action,Strategy",5,2,3
1114660,Indie,0,0,0
1671290,"Adventure,Casual",0,0,0
1059430,Adventure,95,78,17
1937250,"Casual,Strategy",0,0,0
990180,"Adventure,Indie",21,21,0
1276820,"Action,Adventure,Casual,Indie,RPG,Simulation,Strategy",0,0,0
1164010,Utilities,30,23,7
1999680,"Action,Adventure,Free to Play,Indie",0,0,0
1046070,"Action,Adventure,Indie",3,2,1
758190,"Adventure,Casual,Indie,RPG,Simulation,Strategy",840,724,116
1425770,"Adventure,Casual,Indie,Strategy,Early Access",1,0,1
471400,"Action,Adventure,Indie,Early Access",3,3,0
797020,"Indie,Simulation,Strategy",2,2,0
1432390,"Adventure,Indie",20,18,2
1278150,"Adventure,Indie",34,21,13
969420,Strategy,0,0,0
1602460,Casual,0,0,0
302570,"Action,Adventure,Indie,RPG,Simulation,Strategy",15,7,8
1135450,"Adventure,Indie,RPG",9,8,1
409870,RPG,279,248,31
1297430,"Action,Strategy",12,6,6
840430,"Action,Indie",31,26,5
1555230,"Adventure,Casual,Indie,RPG,Simulation",3,1,2
980560,"Casual,Indie",2,0,2
1470060,"Action,Adventure,Indie,Massively Multiplayer",6,2,4
794180,"Casual,Simulation,Sports",5,1,4
1282080,"Indie,Simulation,Strategy",14,10,4
1217900,"Indie,Strategy",9,7,2
664060,Adventure,6,5,1
1553080,"Adventure,Casual,Indie,RPG",9,8,1
1617030,"Adventure,Indie",26,20,6
377710,"Adventure,Casual",52,50,2
1741230,"RPG,Animation & Modeling,Utilities,Game Development",3,3,0
625560,"Adventure,Indie",7,5,2
581370,"Adventure,Casual,Indie,Simulation",79,48,31
1035270,"Action,Adventure,Casual,Indie",3,1,2
1182370,"Free to Play,Indie,Strategy",0,0,0
880870,"Action,Indie",1,1,0
1513500,"Casual,Strategy",4,3,1
775580,"Action,Adventure,Indie",131,124,7
410040,"Action,Adventure,Casual,Indie",1,0,1
1261790,"Casual,Indie,Strategy",1,0,1
729130,"Casual,Indie",1,1,0
341090,"Action,Adventure,Casual,Indie",57,54,3
338070,RPG,2,2,0
589940,"Action,Adventure,Indie",161,155,6
849200,"Action,Adventure",0,0,0
746680,"Adventure,Indie",2,1,1
524220,"Action,RPG",34607,30666,3941
285840,"Action,Indie",81,66,15
24780,"Simulation,Strategy",3929,3144,785
1189820,"Action,Indie,Early Access",0,0,0
423900,"Action,Adventure,Casual,Indie,RPG",19,11,8
1306910,"Action,Adventure,Indie,Massively Multiplayer",0,0,0
1387590,"Adventure,Indie,RPG,Strategy",0,0,0
514930,"Action,Casual,Indie",3,2,1
1964840,"Action,Casual,Massively Multiplayer,Early Access",0,0,0
1968420,"Casual,Indie",0,0,0
1517320,"Action,Casual,Indie",0,0,0
758440,"Adventure,Indie,RPG",8,6,2
1110200,"Action,Casual",2,1,1
936600,"Action,Indie",1,1,0
973100,"Casual,Indie,Racing,Simulation,Sports",7,7,0
697550,"Action,Indie,RPG",893,766,127
771070,"Action,Indie",27,27,0
556830,"Action,Adventure,Casual,Simulation",3,3,0
1139200,"Action,Adventure,Casual,Indie,RPG",0,0,0
562010,"Action,Free to Play,Massively Multiplayer",6,4,2
1887200,Action,16,15,1
1171250,"Action,Adventure,Simulation,Early Access",0,0,0
1425300,"Indie,Simulation,Strategy,Early Access",5,2,3
890220,"Casual,Indie,Strategy",47,41,6
1532770,"Casual,Indie,Strategy",268,246,22
1222180,"Casual,Indie,Racing,Simulation,Sports",11,7,4
251430,"Adventure,Indie",308,272,36
399130,"Action,Casual,Indie",52,29,23
545980,"Action,Adventure",285,260,25
868710,"Adventure,Indie,Simulation,Strategy",11,1,10
830490,RPG,19,11,8
247370,"Action,Indie",183,136,47
898490,"Adventure,Casual,Indie",7,3,4
1837020,"Animation & Modeling,Game Development,Early Access",1,1,0
562160,"Adventure,Casual,Indie",28,20,8
1273690,"Adventure,Indie",22,14,8
1133770,"Adventure,Casual,Indie,Simulation",73,56,17
1558480,"Casual,Simulation,Strategy",2,1,1
256576,Simulation,0,0,0
687850,"Action,Casual,Free to Play,Indie,Massively Multiplayer,Simulation,Sports",8,5,3
656940,"Adventure,Casual,Indie",7,3,4
445230,Free to Play,8,5,3
1767570,"Racing,Simulation,Sports,Strategy",16,10,6
1148650,"Adventure,Indie,Strategy",3277,2589,688
1174810,"Action,Adventure,Casual,Indie,RPG",2,0,2
1572330,"Adventure,Indie,RPG",2,0,2
1174320,"Adventure,Strategy",5,5,0
1592020,"Adventure,Indie,Simulation,Strategy,Early Access",5,4,1
1500580,"Action,Strategy,Early Access",1,1,0
496930,"Adventure,Casual,Indie",22,14,8
1457180,Indie,2,2,0
275390,"Action,Adventure,Indie",1010,933,77
415010,"Violent,Action,Indie,Early Access",40,19,21
402330,"Action,Indie",1029,916,113
365430,Indie,8,7,1
1183300,"Adventure,Casual,Indie,RPG",7,5,2
1550280,"Action,Casual,Indie,Simulation,Early Access",5,3,2
1429100,Indie,0,0,0
1827450,"Casual,Early Access",11,9,2
1013340,"Action,Casual,Free to Play",0,0,0
1570320,"Action,Adventure,Casual,Indie",7,7,0
789290,Simulation,11,6,5
372390,"Audio Production,Software Training,Utilities,Video Production",209,163,46
787710,"Casual,Indie,Strategy",20,17,3
1600930,"Adventure,Casual,Indie,RPG",13,12,1
403780,"Action,Indie",13,10,3
1577530,"Indie,Strategy",13,11,2
32460,Adventure,1078,1017,61
359340,"Casual,Indie,Simulation,Sports,Strategy",17,13,4
1203750,"Adventure,Indie,RPG",37,25,12
898390,Action,33,22,11
898320,"Casual,Indie",4,0,4
603320,"Indie,Strategy,Early Access",172,137,35
1518190,"RPG,Strategy,Early Access",1,0,1
1280070,"Casual,Free to Play,Indie,Early Access",0,0,0
1738520,"Adventure,RPG",12,9,3
664180,"Casual,Indie",77,75,2
1015140,"Action,Indie,Strategy",421,301,120
868930,RPG,12,10,2
1928620,"Indie,Early Access",0,0,0
312510,"Action,Indie",39,32,7
367110,"Adventure,Indie,RPG",90,71,19
387860,"Adventure,Free to Play,Indie,RPG",40,33,7
969190,"Action,Adventure,Casual,Indie",0,0,0
330270,"Action,Indie,RPG",117,61,56
605040,"Action,Adventure,Indie",1,0,1
1667100,"Action,Adventure,Strategy",2,1,1
466860,"Indie,RPG,Simulation,Strategy",19,13,6
508580,"Casual,Indie,Simulation,Sports,Strategy",24,17,7
558990,"Indie,Simulation",2215,2150,65
1800290,"Action,Casual,Indie",1,1,0
1330080,Adventure,0,0,0
689300,"Action,Casual,Indie",0,0,0
1335890,"Action,Adventure,Indie,Strategy",0,0,0
37960,Casual,27,23,4
818790,"Indie,Racing,Simulation,Sports",2,1,1
851240,"Action,Adventure,RPG,Early Access",0,0,0
769080,Action,5,2,3
428940,"Action,Indie,Massively Multiplayer",2,0,2
362140,"Adventure,Casual,Indie,RPG",15,5,10
662940,"Action,Indie",0,0,0
1285010,"Casual,Indie,Strategy",6,6,0
505290,"Action,Indie",2,2,0
368650,"Adventure,Indie",271,249,22
538840,"Action,Adventure,Casual,Indie,Simulation,Sports",108,75,33
1060020,"Action,Indie",0,0,0
300,Action,5577,5042,535
1381270,"Casual,Indie,Strategy",0,0,0
749960,"Casual,Indie,Simulation,Strategy",163,124,39
1224840,"Adventure,Casual,Indie,Simulation",0,0,0
1285100,Indie,0,0,0
961710,"Action,Casual,Indie",0,0,0
428230,"Action,Indie",3,2,1
1684880,"Indie,Early Access",0,0,0
1518090,"Adventure,Casual,Indie,Simulation",0,0,0
1824740,"Action,Adventure,RPG,Strategy",0,0,0
1293850,Adventure,3,0,3
230330,Massively Multiplayer,213,190,23
1018590,"Education,Software Training,Utilities",4,3,1
1340820,"Action,Indie",0,0,0
407680,"Casual,Indie,Simulation",18,10,8
473520,"Casual,Indie,Strategy",23,13,10
1153730,"Action,Casual,Indie,Strategy",2,0,2
868730,"Casual,Strategy,Early Access",2,2,0
298110,"Action,Adventure",15908,12690,3218
454750,"Action,Indie",5,5,0
1820180,"Adventure,Casual,Indie,RPG,Simulation,Sports,Strategy",0,0,0
1489120,"Action,Casual,Racing",42,41,1
1298280,Adventure,13,13,0
1756550,"Indie,Early Access",0,0,0
1385320,Strategy,5,4,1
601320,"Casual,Indie,Simulation,Early Access",3,2,1
1739150,"Adventure,Casual,Indie",4,4,0
782100,"Casual,Indie,Simulation",13,8,5
1731870,"Casual,Indie",2,2,0
1067600,"Action,Free to Play,Strategy",0,0,0
1744620,Casual,1,1,0
347670,"Action,Indie,RPG,Sports",353,294,59
1036600,"Action,Adventure,Casual,Indie",11,7,4
1538620,"Adventure,Indie,Simulation",10,8,2
270070,"Action,Adventure,Indie,RPG",25,15,10
1495100,Casual,1,1,0
1386950,"Adventure,Casual,Free to Play,RPG",0,0,0
338530,"Action,Casual,Indie",77,47,30
1446090,Indie,2,2,0
1201230,"Action,Casual,RPG,Simulation,Early Access",200,189,11
1642600,"Action,Casual,Indie",0,0,0
95700,"Free to Play,Indie",10,10,0
977500,"Action,Adventure,Indie,RPG",2,2,0
1761130,Casual,0,0,0
238750,RPG,1515,962,553
1783110,"Adventure,Casual,Indie,Early Access",235,223,12
466430,"Adventure,Indie,RPG",61,59,2
1254630,Indie,7,4,3
91900,"Action,Racing",306,257,49
965860,"Adventure,Casual,Indie",6,6,0
1716250,Casual,2,2,0
1349000,Casual,8,6,2
1691510,"Action,Adventure,Indie,RPG,Strategy",0,0,0
1526330,Indie,7,6,1
2050480,"Casual,Indie",10,10,0
1135060,"Casual,Indie,Massively Multiplayer,Strategy",8,6,2
393220,"Action,Adventure,Indie",35,33,2
839730,"Casual,Indie",5,2,3
976070,"Adventure,Indie,RPG",1,0,1
674220,"Casual,Indie",18,7,11
719070,Action,2,2,0
801280,"Adventure,Casual,Indie",2,1,1
1854740,Adventure,10,9,1
1303660,"Action,Casual,Indie",141,122,19
1246620,"Action,Indie",3,3,0
1522630,"Adventure,Casual,Indie,RPG",27,20,7
822070,"Violent,Gore,Action,Adventure,Indie",2,1,1
1422670,"Action,Adventure,Casual,Indie",0,0,0
2053280,"Adventure,Free to Play,RPG,Simulation",0,0,0
1299930,"Simulation,Strategy,Early Access",11,5,6
1291280,"Action,Casual,Indie",1,1,0
1458650,"Casual,Indie,Simulation,Strategy,Early Access",0,0,0
319740,"Indie,Strategy",173,127,46
727070,Indie,11,9,2
1552080,"Indie,RPG,Strategy,Early Access",44,31,13
891950,"Free to Play,Indie,Strategy",0,0,0
1137490,"Action,Adventure,Indie,Simulation,Early Access",76,46,30
2013990,Strategy,0,0,0
1620860,"Adventure,Indie,Strategy",12,9,3
314330,"Adventure,Indie,Strategy",67,58,9
422500,"Action,Adventure,Indie,RPG",36,27,9
971680,"Casual,Indie",431,416,15
583010,Utilities,596,572,24
703910,Simulation,0,0,0
953990,"Indie,Massively Multiplayer,Strategy",18,12,6
1804290,"Action,Adventure,Indie",1,0,1
447700,"Action,Casual",62,50,12
848520,"Action,Indie",22,21,1
497000,"Action,Adventure,Indie,Strategy",5,2,3
315920,"Action,Indie",49,30,19
595270,Indie,14,14,0
442760,"Action,Indie",3,0,3
1232580,"Adventure,Indie,RPG,Strategy,Early Access",150,128,22
1446420,"Adventure,Casual,Indie,Simulation",6,5,1
1055610,"Action,Indie,Strategy",257,221,36
571520,"Action,Adventure,Indie",16,11,5
2024030,"Action,Indie",0,0,0
1085940,"Action,Indie,Simulation,Strategy,Early Access",2,0,2
497820,Free to Play,6,6,0
514740,"Adventure,Casual",4,4,0
1798140,"Free to Play,Massively Multiplayer,RPG,Simulation,Strategy",0,0,0
702210,"Sexual Content,Nudity,Adventure,RPG",20,11,9
1127400,Strategy,5581,5367,214
1957100,"Adventure,Indie,RPG,Early Access",1,1,0
341950,"Indie,Strategy",123,104,19
686940,"Casual,Strategy,Early Access",0,0,0
450440,"Adventure,Indie,RPG",120,107,13
499890,"Action,Indie",102,90,12
1290880,"Casual,Indie",17,14,3
1806200,"Casual,Indie",2,2,0
837260,"Action,Adventure,Indie,Simulation",4,3,1
1570120,"Action,Adventure,Indie",6,4,2
2027290,"Adventure,Casual,Indie,Racing,Simulation,Sports",1,0,1
1830170,"Adventure,Indie",0,0,0
1622920,"Adventure,Casual,Indie,Early Access",6,6,0
1510150,"Casual,Indie,Strategy,Early Access",3,1,2
1008820,"Casual,Indie",0,0,0
925100,"Massively Multiplayer,RPG",231,185,46
1857140,"Casual,Indie,Massively Multiplayer,Racing,Simulation,Sports,Early Access",18,15,3
1366750,"Casual,Indie",4,3,1
1579310,"Action,Indie",0,0,0
1758370,"Simulation,Strategy",9,6,3
1017240,"Action,Indie",2,2,0
1500400,"Casual,Indie,Strategy",1,1,0
1578660,"Casual,Indie,Sports",7,5,2
440760,"Action,Indie",195,154,41
1116600,"Action,Indie,Massively Multiplayer,Simulation",3,0,3
1363960,"Casual,Indie,Strategy",0,0,0
1114230,"Adventure,Casual,Indie,Early Access",4,3,1
1852530,"Action,Adventure,Casual,Indie",1,1,0
6250,"Action,Strategy",348,277,71
1456260,"Action,Adventure,Indie",2,2,0
428550,"Action,Adventure,Indie",3470,3248,222
904820,"Casual,Simulation,Sports",0,0,0
502750,Adventure,233,222,11
237850,"Adventure,Indie",1775,1434,341
1338360,"Casual,Indie",0,0,0
1755870,"Indie,Strategy,Early Access",32,27,5
1028460,"Adventure,RPG",3,3,0
1079830,"Action,Adventure,RPG",95,66,29
1074610,"Action,Indie",33,22,11
646010,"Adventure,Indie",13,7,6
543050,"Action,Adventure,Indie",6,3,3
1080240,"Action,Casual,Indie",1,1,0
2059630,"Action,Adventure,Indie",0,0,0
1490870,"Action,Adventure",9,9,0
1276170,"Action,Indie",1,1,0
1397300,"Indie,RPG,Simulation,Early Access",0,0,0
1777210,"Casual,Indie",0,0,0
1082860,"Adventure,RPG",4,4,0
1862180,"Simulation,Early Access",5,1,4
2010390,Indie,14,12,2
770270,"Action,Early Access",2,0,2
1161440,"Action,Adventure,Indie,Simulation",3,1,2
341290,"Casual,Indie",11,9,2
849630,"Action,Indie,Sports",5,5,0
1373670,"Free to Play,Indie,Strategy",0,0,0
690460,"Action,Massively Multiplayer",7,2,5
1208490,"Action,Indie",6,4,2
1582570,"Adventure,Free to Play,Indie",0,0,0
1301000,"Adventure,Casual",1,1,0
1269300,"Action,Casual,Indie,Strategy,Early Access",135,119,16
1588600,"Indie,Strategy",3,2,1
717300,"Free to Play,Indie,Strategy",0,0,0
514160,Simulation,52,50,2
1058550,"Adventure,Casual,Indie",7,7,0
1218770,"Casual,Strategy",6,2,4
1464520,"Action,Casual",1,1,0
1744200,"Adventure,Casual",1,1,0
906650,"Action,Indie",3,3,0
1950520,"Adventure,Casual,Indie",0,0,0
1081810,"Action,Adventure,Free to Play,Indie,Massively Multiplayer,RPG,Strategy",0,0,0
1183480,"Indie,Simulation,Strategy",3,3,0
1231120,"Casual,Indie,Strategy",2,2,0
1255420,Adventure,0,0,0
641910,"Action,Casual,Indie,Racing,Simulation",21,10,11
263180,"Adventure,Casual,Indie",5,3,2
1004310,"Casual,Indie,Strategy",3,3,0
1010100,"Action,Indie",81,74,7
763520,"Action,Adventure,Casual,Indie",6,2,4
467960,"Adventure,Casual,Indie,RPG,Simulation,Strategy",203,109,94
613400,"Adventure,RPG",4,3,1
1606610,"Action,Adventure,Casual,Indie,Strategy",1,0,1
1486870,"Adventure,Casual,Indie",5,1,4
1019190,"Action,Adventure,Indie",0,0,0
727030,"Education,Early Access",0,0,0
1077090,Indie,10,8,2
880380,"Indie,Simulation,Sports,Strategy",115,63,52
1991570,"Casual,Free to Play",0,0,0
1330960,"Casual,Indie,Simulation,Strategy",18,12,6
1926110,"Simulation,Sports",0,0,0
1007950,"Free to Play,Indie,Simulation,Early Access",2,1,1
377430,"Casual,Indie,RPG,Simulation",4,4,0
955740,"Action,Casual,Indie,RPG,Early Access",708,695,13
1974040,"Action,Indie,RPG,Early Access",3,2,1
436500,"Adventure,Casual,Indie,RPG,Simulation",452,356,96
648120,"Casual,Indie",30,27,3
619500,"Adventure,Indie,Early Access",572,532,40
678940,RPG,0,0,0
415030,"Action,Indie,RPG",226,167,59
699170,"Indie,RPG,Strategy",2733,2485,248
471720,"Adventure,Casual,Indie",2,2,0
2012420,"Action,Casual,Indie",0,0,0
1306260,"Casual,Indie",26,24,2
887800,"Indie,Simulation,Sports",283,186,97
1102930,"Casual,Indie,RPG,Simulation,Early Access",182,158,24
497720,Simulation,24,11,13
673820,"Adventure,Casual,Indie",3,0,3
354770,"Adventure,Indie,RPG",8,6,2
840090,"Violent,Action,Indie,Simulation",2,0,2
433480,"Adventure,Strategy",5,4,1
508690,"Indie,Animation & Modeling",10,6,4
991600,"Action,Casual,Indie",152,138,14
1765700,"Action,Casual,Indie,Sports",10,10,0
527750,"Action,Indie",36,13,23
604000,"Adventure,Indie",53,47,6
1019270,"Casual,Indie,RPG",3,3,0
1540250,"Simulation,Strategy",0,0,0
1727520,"Casual,Indie,Strategy",34,34,0
2006300,Casual,0,0,0
755240,"Action,Casual,Indie",1,0,1
1117480,"Indie,RPG,Strategy",16,14,2
855650,"Action,Racing",4,3,1
375510,"Adventure,Indie,RPG,Early Access",427,184,243
1744050,"Casual,Indie",5,5,0
1848840,"Adventure,Free to Play,Indie,RPG",0,0,0
1307490,"Action,Adventure,Casual,Free to Play,Indie",0,0,0
657180,"Massively Multiplayer,RPG,Utilities,Early Access",2,2,0
1020840,"Indie,Simulation,Strategy",1,1,0
1597560,"Casual,Indie",1,1,0
523770,"Action,Indie",92,78,14
1678980,"Action,Casual,Indie",0,0,0
619600,"Action,Free to Play",0,0,0
500420,"Action,Indie,Early Access",31,24,7
441510,"Adventure,Indie,Strategy",6,5,1
1444730,"Adventure,Casual,Indie",10,9,1
833670,"Adventure,Indie",3,2,1
1658620,"Free to Play,RPG,Simulation",0,0,0
980760,"Animation & Modeling,Design & Illustration,Photo Editing,Utilities,Video Production,Web Publishing,Game Development",1,1,0
623040,Indie,6,4,2
1622970,"Indie,Simulation,Strategy,Early Access",16,13,3
1032520,"Casual,Free to Play,Indie",0,0,0
1531290,"Action,Indie",1,1,0
720270,"Indie,Simulation,Strategy",22,12,10
805270,"Action,Indie,Massively Multiplayer,Simulation,Early Access",0,0,0
1315620,Indie,0,0,0
457490,"Casual,Indie,RPG,Simulation",66,56,10
434580,"Action,Adventure,Indie,Early Access",0,0,0
992790,"Action,Casual",0,0,0
1953510,"Adventure,Free to Play,Racing",0,0,0
596990,"Action,Casual,Indie",3,2,1
1227150,"Action,Adventure,Casual,Indie",0,0,0
447930,"Action,Indie",2,2,0
385020,"Casual,Indie,Massively Multiplayer,Strategy",9,3,6
1318280,"Action,Indie,Massively Multiplayer,Racing,Strategy",4,4,0
351100,"Action,Adventure,Indie,RPG,Simulation",411,281,130
1428100,"Action,Casual,Indie,Simulation,Strategy,Early Access",355,347,8
771370,"Action,Indie,RPG",3,0,3
19030,"Action,Adventure",80,56,24
500340,"Action,Indie",13,11,2
1417200,"Casual,Indie",2,2,0
1876220,"Casual,Indie,Strategy",0,0,0
354050,"Action,Indie,Strategy",21,11,10
493480,"Action,RPG,Early Access",0,0,0
851850,"Action,RPG",10803,9941,862
1642330,"Adventure,Casual",3,1,2
893470,"Casual,Indie",11,11,0
760530,"Casual,Indie,Early Access",1,0,1
1365930,"Adventure,Casual,Indie",28,27,1
1309550,"Adventure,Casual,Free to Play,Indie,Simulation",0,0,0
1931090,"Indie,Strategy",15,8,7
310890,"Action,Indie,RPG,Strategy",398,206,192
1221330,Action,2,2,0
586150,Strategy,8,2,6
892560,"Adventure,Free to Play,Indie",0,0,0
732950,"Free to Play,Indie,Simulation",0,0,0
1904160,Simulation,7,5,2
302130,"Adventure,Casual",97,87,10
808980,"Adventure,Indie",15,13,2
1715460,"Action,Adventure,Free to Play",1,1,0
403840,"Action,Indie,Simulation",9,7,2
1479890,"Adventure,Indie",11,9,2
825380,Massively Multiplayer,0,0,0
681520,"Casual,Indie",31,21,10
514640,"Action,Casual,Indie",5,4,1
346810,"Indie,Simulation,Strategy",274,211,63
1791650,"Action,Adventure,RPG,Early Access",0,0,0
691190,"Animation & Modeling,Audio Production,Utilities",24,14,10
847790,"Indie,Simulation",0,0,0
708150,"Casual,Strategy",32,27,5
1222170,"Adventure,Indie",14,10,4
1922870,"Casual,Indie",10,9,1
779550,"Adventure,Casual,RPG",1,1,0
675490,"Action,Indie,RPG",27,23,4
341150,"Indie,RPG,Strategy",190,158,32
341490,"Action,Casual,Indie,RPG,Early Access",4,3,1
1297800,"Action,Indie",17,15,2
1063130,"Casual,Indie,Simulation",36,30,6
388450,Casual,144,141,3
924960,Action,2,1,1
1034400,Casual,10,8,2
958750,"Free to Play,Indie,Strategy,Early Access",0,0,0
1014570,"Action,Adventure,Casual",25,23,2
909110,"Action,Free to Play,Indie",0,0,0
439260,Casual,28,26,2
263820,"Action,Adventure,Indie,RPG",359,324,35
512410,"Action,Adventure,Casual,Indie,Simulation",11,3,8
864940,"Adventure,Casual,Indie",20,7,13
856310,"Adventure,Indie,RPG",0,0,0
1755460,"Action,Indie,Simulation,Strategy",17,14,3
420,Action,11400,11038,362
640050,"Action,Adventure,Indie",12,1,11
2071530,"Free to Play,Indie,Simulation,Strategy",0,0,0
751870,"Action,Simulation",2,0,2
673310,"Violent,Gore,Action,Adventure",3,0,3
1026390,"Casual,Indie",8,6,2
603230,"Violent,Gore,Action,Indie",17,16,1
1894450,"Action,Casual,Indie",0,0,0
1091720,"Adventure,Indie,RPG",1,1,0
19200,"Action,Indie",193,144,49
816350,"Adventure,Casual,Free to Play,Indie",0,0,0
1559790,"Action,Casual,Indie,Sports",1,1,0
874700,"Action,Indie",5,5,0
977630,"Adventure,Casual,Indie",187,92,95
698320,"Action,Casual,Indie",0,0,0
1558210,"Adventure,Casual,Indie",16,15,1
529160,"Indie,RPG,Strategy",107,91,16
1090440,"Action,Indie",82,53,29
903560,"Action,Casual,Indie",0,0,0
1814170,Adventure,1,1,0
1829030,"Action,Free to Play,Indie,Massively Multiplayer,RPG,Simulation,Sports",0,0,0
1165170,"Adventure,Casual,Free to Play,Indie",0,0,0
645750,"Adventure,Casual,Indie,RPG,Simulation,Sports",19,18,1
1498940,"Action,Adventure,Casual,Indie",14,13,1
1070550,"Adventure,Indie",170,169,1
1657350,"Action,Indie,Racing,Simulation",5,3,2
1854810,Adventure,17,14,3
1223110,"Action,Adventure,Casual,Indie",7,7,0
760580,"Action,Adventure,Indie",3,1,2
1055280,"Action,Indie",1,1,0
1301480,Casual,16,11,5
1037840,"Action,Casual,Indie",4,2,2
596280,"Indie,Simulation,Strategy,Early Access",29,6,23
2058060,"Adventure,Free to Play,Indie",0,0,0
1472330,Action,1,0,1
1838900,"Action,Indie",2,2,0
656580,"Action,Adventure,Indie",6,3,3
958670,"Action,Free to Play,Indie,Early Access",0,0,0
1251320,"Action,Adventure,Casual,Indie,Strategy",0,0,0
668210,"Action,Adventure,Casual,Indie",795,720,75
1851300,"Action,Adventure",1,1,0
386640,"Free to Play,Massively Multiplayer,Strategy",1,1,0
934220,"Indie,Simulation,Strategy",9,4,5
1327020,"Adventure,Indie,RPG",0,0,0
679390,"Action,Indie,Early Access",2,1,1
1715330,"Adventure,Casual,Indie,Racing,Strategy",1,1,0
1887420,"Adventure,Casual,Indie",2,2,0
457130,"Action,Adventure,Indie",36,30,6
1593350,"Indie,Early Access",496,440,56
1576590,"Casual,Indie",14,7,7
348670,"Action,Adventure,Indie,Massively Multiplayer,RPG",209,114,95
12900,Indie,5711,5466,245
1145450,"Adventure,Casual",14,13,1
1904030,"Action,Adventure,Indie,RPG,Early Access",0,0,0
988330,"Action,Indie",1,0,1
1038410,"Action,Adventure,Indie",0,0,0
445220,"Action,Indie,Simulation",6004,5402,602
921570,RPG,2910,2558,352
1809770,Adventure,9,8,1
906870,"Adventure,Casual,Free to Play,Indie,Strategy",0,0,0
754020,"Casual,Indie,Simulation,Early Access",4,3,1
943230,"Action,Adventure,Indie,Simulation",5,3,2
1813990,Indie,0,0,0
1411840,"Adventure,Indie,RPG,Strategy",3,1,2
371220,"Adventure,Indie,RPG",52,30,22
1592420,"Adventure,Indie",2,2,0
1665050,Casual,1,1,0
698330,"Adventure,Casual,Indie,Racing",28,21,7
525540,"Action,Free to Play,Indie",0,0,0
650760,"Adventure,RPG,Strategy",129,101,28
919730,"Adventure,Casual,Indie",0,0,0
409670,"Action,Free to Play,Indie",4,3,1
1949750,"Action,Free to Play,Indie",0,0,0
397340,"Indie,Simulation",5559,5176,383
1108090,"Action,Indie,Simulation",62,55,7
1565480,"Adventure,Casual,Indie",5,4,1
1413780,"Action,Indie",1,1,0
870730,"Action,Indie,Strategy",35,31,4
606960,"Action,Adventure,Indie,Simulation",114,53,61
1158220,"Adventure,Casual,Indie,RPG",135,129,6
1503350,"Action,Adventure,Indie",2,0,2
1161680,Indie,6,6,0
1032590,"Action,Adventure,Indie,RPG",59,51,8
654470,"Action,Indie,Strategy",54,31,23
922400,"Casual,Indie",203,196,7
1657170,"Adventure,Casual,Indie,Simulation",0,0,0
1682380,"Action,Adventure,Casual,Indie,Early Access",13,8,5
1119570,"Education,Software Training,Utilities,Web Publishing,Early Access",86,66,20
974180,"RPG,Strategy",12,9,3
1195140,"Action,Casual",2,2,0
1718400,"Action,Adventure,Indie",1,0,1
1033120,"Adventure,Simulation",21,7,14
1239900,"Action,Adventure,Indie,RPG",0,0,0
2009920,"Casual,Indie,Simulation,Sports",1,1,0
1159070,"Action,Casual,Indie",0,0,0
1088590,"Casual,Indie,RPG,Strategy",22,13,9
1030770,"Action,Indie,Massively Multiplayer,Simulation,Early Access",0,0,0
904800,"Free to Play,Indie,RPG",0,0,0
978190,"Action,Indie",24,17,7
1303270,"Action,Adventure,RPG",0,0,0
1593280,"Action,Indie,RPG",48,42,6
11340,"Action,Indie",239,182,57
430300,Action,8,5,3
1824250,"Casual,Simulation,Early Access",23,18,5
610460,"Adventure,Indie",0,0,0
458820,"Indie,Simulation,Strategy",2,0,2
356400,"Action,Indie",2477,2285,192
1837780,Action,2,2,0
1081370,"Action,Indie,Design & Illustration",1,1,0
230070,"Indie,RPG",1885,1489,396
1427320,"Adventure,Indie",9,5,4
1335030,"Action,Adventure,Free to Play,Indie",0,0,0
491650,Indie,29,16,13
669750,"Casual,Indie",5,4,1
890030,"Action,Adventure",0,0,0
647670,"Animation & Modeling,Video Production",0,0,0
808090,"Adventure,Indie,Simulation",34,23,11
613210,"Casual,Indie,Strategy",5,5,0
1380250,"Action,Adventure,Indie,Simulation",1,0,1
1571440,"Action,Adventure,Indie",4385,3838,547
1102500,"Action,Adventure,Casual,Indie,Simulation",16,11,5
1430720,Strategy,0,0,0
761170,"Casual,Indie,RPG,Strategy",43,37,6
1565740,Casual,2,2,0
302830,"Action,Free to Play,Early Access",92,45,47
824830,Indie,115,97,18
334480,"Adventure,Casual",2,2,0
1257300,"Casual,Indie,Simulation",1,1,0
921920,"Casual,Indie",0,0,0
906010,"Adventure,Casual,Indie",9,5,4
1041320,"Massively Multiplayer,RPG,Strategy",0,0,0
955360,"Adventure,Indie,RPG",13,8,5
1500380,"Adventure,Casual,Free to Play,Indie",0,0,0
922650,"Action,Adventure",6,6,0
827540,"Adventure,Casual,Indie",0,0,0
1783960,"Adventure,Casual,Simulation",107,69,38
1901900,"Casual,Indie",2,1,1
1425030,"Action,Indie,Strategy",0,0,0
498000,"Action,Indie",7,5,2
1411360,"Action,Indie",0,0,0
1393320,Indie,26,25,1
488821,Action,2,0,2
1175800,"Indie,Strategy,Early Access",10,7,3
321260,"Action,Indie",184,82,102
1391790,"Casual,Indie,Sports",10,6,4
504260,"Casual,Indie",5,3,2
936010,"Casual,Indie",5,3,2
1290670,"Action,Casual,Indie",4,4,0
1704170,"Action,Casual,Indie,Massively Multiplayer,Strategy",0,0,0
778980,"Casual,Indie,Racing,Simulation,Strategy",0,0,0
851350,Simulation,9,4,5
555890,"Action,Adventure,Indie,RPG",5,4,1
1503580,"Casual,Indie,Simulation,Strategy",12,10,2
1683730,"Adventure,Indie,Simulation",10,4,6
1031910,"Action,Adventure,Indie",1,1,0
526160,"Action,Adventure,Indie,RPG,Simulation",1550,1123,427
1006760,"Action,Indie",3,3,0
1235800,"Action,Indie,Strategy",28,27,1
391780,"Action,Casual,Free to Play,Indie",6,6,0
1298480,"Casual,Indie,Simulation,Strategy",146,110,36
1867450,"Casual,Indie",17,16,1
544990,Strategy,0,0,0
355860,"Action,Adventure,Indie",216,154,62
386710,"Adventure,Casual,Indie,RPG",17,13,4
1874400,"Casual,Indie,Simulation,Sports,Strategy",2,0,2
371100,"Action,Adventure,Indie,RPG,Simulation,Strategy",120,97,23
529730,"Adventure,Casual,Indie,Simulation",2,2,0
1240130,"Action,Indie",52,50,2
1806130,"Casual,RPG,Simulation",0,0,0
1820170,"Casual,Free to Play,Indie,Strategy",0,0,0
1183030,"Adventure,Indie",99,73,26
774661,"Casual,Indie,Racing,Early Access",9,5,4
771420,"Action,Adventure,Indie",121,108,13
1676700,"Indie,Racing,Sports",0,0,0
610730,"Action,Adventure,Indie",16,12,4
301360,"Action,Indie",24,12,12
551130,"Action,Casual,Indie",1,1,0
957150,"Adventure,Indie,RPG",0,0,0
951190,"Adventure,Indie,Strategy",3,3,0
1443190,"Indie,Strategy",0,0,0
474020,"Adventure,Casual,Indie,RPG,Simulation,Strategy",371,249,122
1834950,"Action,Indie",2,1,1
805940,"Action,Adventure,Indie,Massively Multiplayer,RPG",811,663,148
448560,Indie,50,23,27
712870,"Action,Casual,Indie",1,0,1
1208510,RPG,0,0,0
1779040,"Casual,Indie",0,0,0
1099110,"Adventure,Casual,Free to Play,Indie,RPG",0,0,0
748730,"Adventure,Indie",0,0,0
1979280,"Casual,Indie",1,1,0
1533980,"Adventure,Casual,Indie,Strategy",1,1,0
996380,"Indie,Simulation,Strategy",626,327,299
1344810,"Action,Adventure,Free to Play",0,0,0
1490980,"Action,Adventure,Indie",32,31,1
821320,"Casual,Indie,Strategy",90,84,6
21110,Action,284,237,47
1111090,"Casual,Indie,RPG,Simulation,Strategy,Early Access",15,15,0
295670,"Action,Indie",156,111,45
602430,"Adventure,Indie",64,58,6
587070,"Action,Adventure,Casual,Indie,Strategy",8,5,3
409710,"Action,RPG",17234,13669,3565
1332840,"Action,Free to Play,Indie,Sports",0,0,0
1351180,"Adventure,Casual,Indie",1,1,0
1127840,"Adventure,Indie,RPG,Simulation,Early Access",655,591,64
695460,Indie,0,0,0
416600,"Action,Adventure,Indie,RPG",815,743,72
1975570,"Simulation,Sports,Strategy",13,7,6
302290,"Casual,Indie,Simulation",14,4,10
460910,"Action,Indie",14,11,3
283640,"Action,Indie,RPG",5628,4975,653
1055620,"Action,Casual,Indie",22,19,3
1452670,Action,8,5,3
866960,"Adventure,Casual,Indie,RPG,Early Access",0,0,0
1825880,"Adventure,Casual,RPG,Simulation,Strategy,Early Access",0,0,0
693880,"Action,Casual,Indie,Simulation,Strategy",21,8,13
260230,Adventure,6219,5826,393
466720,"Casual,Free to Play",0,0,0
811250,"Casual,Simulation",10,5,5
698830,"Casual,Indie,Simulation",32,19,13
643620,Action,108,89,19
1830480,"Casual,Free to Play,Indie,Simulation,Strategy,Early Access",0,0,0
297120,"Action,Indie",915,751,164
1448600,"Casual,Free to Play,Indie",0,0,0
431390,"Casual,Indie,Simulation",17,13,4
1623000,"Action,Indie",21,20,1
1510900,"Action,Indie",1,1,0
1826920,"Casual,Indie,Simulation",8,8,0
1047860,"Action,Adventure,Indie,RPG",8,3,5
1505700,"Action,Adventure,Casual,Indie,RPG,Sports,Strategy",32,31,1
1483800,"Adventure,Casual,Indie",5,5,0
1221600,"Adventure,Casual,Indie,Strategy",1,1,0
623050,"Casual,Simulation,Sports",1,1,0
1222940,"Free to Play,Racing,Sports",0,0,0
1262720,"Action,Adventure,Indie,RPG,Strategy",22,16,6
470270,"Action,Adventure,Indie",65,47,18
848610,"Casual,Indie,Simulation,Early Access",2,0,2
1031650,"Action,Casual,Indie,Simulation,Early Access",5,3,2
1003190,"Action,Indie",5,5,0
629730,"Action,Adventure,Indie,RPG,Simulation,Early Access",28587,27689,898
346210,"Casual,Strategy",12,10,2
1405360,"Action,Adventure,Indie",2,0,2
919290,"Casual,Free to Play,Massively Multiplayer,RPG,Simulation",0,0,0
1046530,"Action,Indie",4,3,1
786580,"Action,Adventure,Casual,Indie,RPG,Simulation",210,144,66
434820,"Casual,Indie",37,32,5
334850,"Casual,Indie,RPG,Simulation",113,78,35
963980,"Action,Adventure,Strategy",0,0,0
1915210,"Action,Adventure,Indie",26,24,2
1947110,"Action,Casual,Indie",0,0,0
267340,"Casual,Indie,Strategy",85,64,21
1002600,"Action,Adventure,Casual,Simulation",0,0,0
1670310,"Adventure,Strategy",0,0,0
1727140,"Action,Indie",2,2,0
1132860,Action,0,0,0
46350,Strategy,28,12,16
720150,"Action,Casual,Indie",54,47,7
399790,"Adventure,Indie,RPG",361,119,242
1936630,"Casual,Indie,Simulation,Early Access",0,0,0
416800,"Action,Casual,Strategy",21,14,7
987800,"Adventure,Casual",2,1,1
1541860,"Action,Adventure,Indie",2,0,2
1826030,Simulation,1,1,0
757350,"Casual,Indie",15,7,8
836870,Adventure,17,3,14
784150,"Indie,Simulation,Strategy,Early Access",3217,2947,270
849178,"Action,Adventure",0,0,0
1838830,"Casual,Indie",4,3,1
1121400,"Action,Adventure,Indie",2,2,0
1298260,"Casual,Indie,Simulation,Sports",20,18,2
725080,"Casual,Indie",12,8,4
1778190,Indie,3,2,1
301500,"Action,Adventure,Indie,Simulation",53,37,16
861230,Indie,6,4,2
838760,"Adventure,Casual",2,1,1
911880,"Adventure,Casual,Indie",2,0,2
1798810,"Action,Adventure,Casual,Indie",4,4,0
425720,"Casual,Sports",266,225,41
619590,"Casual,Indie,Simulation",0,0,0
1203460,"Casual,Indie",11,10,1
652880,"Casual,Indie,Strategy",9,8,1
1106180,"Animation & Modeling,Design & Illustration,Game Development",38,22,16
6200,Strategy,849,758,91
360010,"Casual,Indie,RPG",16,14,2
508530,"Action,Indie,Sports",25,25,0
663670,"Action,Casual,Sports,Strategy",388,361,27
1832080,Strategy,0,0,0
801180,"Action,Casual,Indie,Sports,Strategy",4,1,3
1584340,"Action,Casual,Indie,Racing,Simulation,Sports",0,0,0
372800,"Adventure,Free to Play,Indie,Massively Multiplayer,RPG,Early Access",40,32,8
298630,"Action,Adventure,Indie,Simulation,Strategy",8901,8007,894
1914700,"Action,Adventure,Indie,RPG,Strategy,Early Access",1,1,0
734920,"Action,Adventure,Casual,Indie",147,139,8
1046650,"Casual,Indie,Simulation",0,0,0
1161570,"Adventure,Casual",17,14,3
1879570,Casual,2,2,0
801490,"Action,Indie",4,0,4
1904430,"Casual,Indie",1,1,0
1225660,"Casual,Indie",1,1,0
1740990,"Adventure,Casual,Indie",1,1,0
1464840,"Action,Indie",3,3,0
1259600,"Adventure,Casual,Indie",19,18,1
1398730,"Casual,Indie",5,5,0
1379050,"Action,Adventure,Casual,Indie,Early Access",0,0,0
1124660,"Action,Adventure,Casual,Indie,Massively Multiplayer,RPG,Simulation,Strategy",270,228,42
1193280,"Adventure,Indie,RPG",0,0,0
834170,"Education,Software Training,Utilities",7,4,3
567380,"Action,Adventure,Indie,RPG,Early Access",729,703,26
555510,"Indie,Simulation,Strategy",302,166,136
774411,"Casual,Indie,Early Access",7,5,2
42710,Action,893,821,72
742360,"Action,RPG",0,0,0
3330,Casual,967,904,63
315260,"Action,Indie,RPG",95,45,50
1197110,"Action,Adventure,Casual,Indie,Simulation,Strategy",6,1,5
609150,"Action,RPG",706,500,206
462670,"Action,Casual,Indie",3,3,0
496290,"Action,Indie,RPG",12,8,4
533050,"Action,Indie",14,11,3
1375690,"Action,Adventure,Indie",2,2,0
1280500,"Action,Adventure,Simulation,Strategy",10,5,5
1253270,"Action,Indie",26,26,0
940180,"Casual,Simulation",1,1,0
598500,"Action,Indie",7,3,4
1440330,Action,2,2,0
219150,"Action,Indie",29357,28519,838
543650,"Violent,Gore,Action,Adventure,Free to Play,Indie,RPG,Early Access",7,2,5
620210,"Adventure,Casual,Indie",222,212,10
576410,"Violent,Adventure,Casual,Indie,Simulation",37,30,7
397750,"Casual,Indie,Early Access",91,72,19
1413500,Strategy,6,6,0
1495120,Casual,1,1,0
1953060,"Action,Adventure,Free to Play,Indie",0,0,0
1379900,"RPG,Strategy",1,1,0
1094020,"Adventure,Indie,RPG",0,0,0
1157040,"Action,Indie",3,2,1
954610,"Casual,Indie,Simulation",250,187,63
1233120,"Action,Indie,Racing,Simulation,Sports",1,0,1
1674980,"Adventure,Casual,Indie,Strategy",4,4,0
1466110,"Action,Casual,Indie",4,4,0
494850,"Casual,Simulation,Sports",2,0,2
1386700,"Action,Indie",1,1,0
1154340,Indie,4,4,0
1455420,"Casual,Indie",1,1,0
365800,"Indie,Simulation,Strategy",34,14,20
541670,"Action,Adventure",382,331,51
1146370,Strategy,375,366,9
598990,"Simulation,Strategy",21,20,1
1681080,"Adventure,Casual,Indie",4,4,0
1463350,"Indie,Strategy",4,3,1
609850,"Action,Casual,Indie,Simulation",16,13,3
927080,"Adventure,Indie,RPG",3,3,0
1501850,"Adventure,Casual,Indie,Simulation,Strategy,Education,Utilities,Web Publishing",1,0,1
1172450,"Adventure,Casual,Indie,RPG",797,767,30
956560,"Action,Indie",20,18,2
1561500,Casual,1,1,0
279440,"Adventure,Indie,RPG",264,194,70
656030,"Action,Adventure,Indie",78,57,21
1684750,"Indie,Simulation",4,4,0
1070940,"Action,Indie",126,88,38
870780,"Action,Adventure",13179,11945,1234
936700,"Casual,Indie",18,18,0
854680,"Adventure,Indie",2,1,1
1296720,"Casual,Indie",0,0,0
1868870,"Casual,RPG",3,2,1
821890,"Action,Adventure,Indie,RPG",456,405,51
1143750,"Utilities,Early Access",37,35,2
1201950,Adventure,4,3,1
1169510,"Adventure,Indie",2,1,1
1289170,"Casual,Strategy,Early Access",4,4,0
1458810,Indie,17,12,5
873490,"Casual,Indie,Strategy",1,1,0
1483980,"Adventure,Casual,Free to Play",0,0,0
836110,"Adventure,Indie,Simulation",19,10,9
577160,"Action,Casual,Indie",4,2,2
1757250,"Action,Adventure,Indie",0,0,0
1377790,"Action,Adventure,Indie,RPG",0,0,0
1562470,Adventure,0,0,0
1768300,"Casual,Simulation,Strategy",27,21,6
1169050,"Action,Casual,Indie",1,1,0
1008700,"Casual,Indie,Simulation,Sports",16,11,5
833440,"Action,Adventure,Indie",0,0,0
796940,Casual,92,87,5
1120090,"Action,Casual,Free to Play,Indie",0,0,0
1386900,"Adventure,Indie",549,483,66
1357190,"Casual,Indie,Strategy",0,0,0
693190,"Casual,Indie,Racing",5,2,3
1345980,"Action,Adventure,Free to Play",1,1,0
1181030,"Casual,Simulation",32,29,3
787260,"Casual,Indie",0,0,0
429330,"Action,Indie,Sports",89,80,9
1645950,"Casual,Indie,Strategy",4,4,0
1164020,"Action,Indie",0,0,0
836450,Indie,307,284,23
742030,"Casual,Indie,Simulation",12,8,4
1070430,"Casual,Indie",0,0,0
269030,"Indie,RPG",963,804,159
845050,"Indie,Strategy",45,41,4
798190,"Action,Casual,Indie",0,0,0
1240530,"Action,Adventure,Indie,RPG,Early Access",0,0,0
545850,"Adventure,Casual,Indie,RPG",11,10,1
622380,"Adventure,Casual,Free to Play,RPG",0,0,0
499120,"Adventure,Casual",24,22,2
1174460,"Casual,Indie,Simulation,Sports,Strategy",100,47,53
200230,"Racing,Simulation",242,160,82
514750,"Adventure,Casual",16,15,1
788490,"Simulation,Strategy,Early Access",14,5,9
814580,"Action,Adventure,Simulation,Strategy",2,2,0
1508900,"Casual,Indie,Strategy",3,1,2
1782880,"Casual,Indie,Strategy",19,17,2
1600450,"Adventure,Casual",3,1,2
794760,"Action,Indie",14,11,3
730430,"Adventure,Simulation,Strategy",96,67,29
1791640,"Casual,Indie",3,3,0
1415580,Indie,0,0,0
223430,"Action,Adventure,Indie,RPG,Simulation",184,55,129
329020,"Free to Play,Indie,RPG",1,1,0
1471730,"Casual,Indie",1,1,0
1528860,"Action,Adventure,Free to Play,Indie,RPG,Early Access",0,0,0
1854970,"Adventure,Casual,Indie,RPG",14,14,0
1585910,"Casual,Indie,Simulation,Strategy",257,238,19
1171990,"Action,Indie",0,0,0
387890,"Casual,Indie",1,0,1
1103390,"Adventure,Indie,Simulation",1,1,0
1026610,"Action,Adventure,Indie",8,8,0
1207540,"Casual,Indie",7,7,0
667340,"Adventure,Indie",5,2,3
230190,"Indie,Simulation,Strategy",3469,3005,464
1801950,"Adventure,Indie",1,1,0
1338390,Strategy,13,12,1
1054150,"Action,Adventure,Casual,Indie,Early Access",1,1,0
305480,"Adventure,Casual,Indie",17,9,8
1627730,"Action,Adventure,Casual,Indie,RPG,Simulation",0,0,0
1871160,"Indie,RPG,Strategy",1,1,0
1131620,"Strategy,Early Access",1,1,0
1174970,"Adventure,Indie",0,0,0
377570,Indie,13,10,3
1360140,"Action,Early Access",2,2,0
959090,"Action,Indie",2,2,0
567280,"Action,Casual,Indie",221,182,39
314000,"Casual,Free to Play,Indie,Simulation,Sports,Strategy",198,153,45
1009460,"Casual,Simulation",30,29,1
1484050,"Adventure,RPG",10,7,3
991780,"Action,Adventure,Casual,Indie,Massively Multiplayer,Racing,RPG,Strategy,Early Access",41,22,19
1193510,Free to Play,0,0,0
726810,"Action,Casual,Indie",1,1,0
415980,"Adventure,Indie",3,2,1
1331330,"Action,Simulation",28,21,7
1912700,"Action,Adventure,Casual,Indie,Simulation",11,7,4
1840870,"Casual,Sports",1,0,1
981430,"Adventure,Indie,RPG,Strategy",1322,1201,121
801610,"Casual,Free to Play,Simulation",0,0,0
1143570,"Action,Adventure,Indie",10,10,0
705710,"Action,Indie",51,13,38
1379560,"Action,Adventure,RPG",132,125,7
620790,"Action,Adventure,Indie,Racing",1,1,0
383840,"Action,Indie,Simulation",1019,840,179
793490,"Action,Casual,Free to Play,Indie,Massively Multiplayer,RPG,Simulation,Strategy",0,0,0
2061530,Action,3,0,3
1111340,"Action,Adventure,Casual,Indie,Strategy",0,0,0
294060,"Action,Adventure,Indie",24,16,8
783310,"Action,Adventure,Indie,Simulation",15,4,11
785990,Utilities,0,0,0
308400,"Action,Casual",1,1,0
1107860,"Action,Indie,Strategy",3,3,0
1468810,"Action,Adventure,Indie,RPG,Simulation,Early Access",2388,1777,611
1299900,"Casual,Free to Play,Massively Multiplayer",0,0,0
664240,"Action,Indie,Early Access",8,8,0
799260,"Action,Casual,Indie,Simulation",18,13,5
437000,Action,106,77,29
339700,"Action,Adventure,Indie,RPG",33,16,17
1120950,"Casual,Indie",19,18,1
67370,Action,2707,2399,308
1833960,"Adventure,Free to Play,Indie",0,0,0
1083190,"Adventure,Casual,Indie,RPG",115,102,13
1276850,"Casual,Indie",0,0,0
1500940,"Action,Adventure,Early Access",24,17,7
1304870,"Action,Adventure,Indie",3,1,2
716940,"Casual,Indie,Racing",12,8,4
699750,"Casual,Indie,Racing",8,5,3
1015790,"Indie,RPG",42,27,15
816330,"Action,Adventure,Indie",24,15,9
976500,"Action,Adventure,Indie",128,109,19
838750,"Adventure,Casual",4,4,0
950730,"Adventure,Casual,Indie,RPG",0,0,0
1183210,"Adventure,Indie",2,2,0
418640,Action,14,8,6
2003320,"Casual,Indie,RPG,Simulation,Strategy",1,0,1
865150,Adventure,0,0,0
1375420,Action,0,0,0
1431840,Casual,3,3,0
1185870,"Action,Adventure,Indie",16,12,4
1366100,"Action,Adventure,Indie",17,17,0
891710,Casual,4,4,0
1629570,"Action,Indie",0,0,0
652890,"Action,Adventure,Indie",21,19,2
679030,Action,3,3,0
1218520,"Casual,Indie,Strategy",50,46,4
1673320,"Action,Adventure,Indie",4,3,1
1807980,"Action,Indie",2,1,1
506590,"Casual,Indie,Racing,Simulation",25,18,7
920450,"Action,Adventure,Indie",0,0,0
386340,"Action,Adventure,Indie,Early Access",52,33,19
1029790,"Casual,Early Access",2,2,0
293160,"Adventure,Indie,RPG,Strategy",105,63,42
1330890,Action,176,174,2
1183740,"Free to Play,RPG",0,0,0
812580,"Casual,Indie",9,7,2
497090,Indie,0,0,0
745030,"Casual,Indie",19,18,1
1575270,"Action,Casual,Racing",0,0,0
681150,"Action,Adventure,Casual,Indie,Racing,Sports",10,5,5
939560,"Casual,Indie,Strategy",2,2,0
1292240,"Casual,Indie,Simulation,Sports,Strategy,Early Access",20,20,0
1131400,"Action,Indie,RPG",62,39,23
1533420,"Action,Adventure,Indie",4321,4267,54
525660,"Action,Adventure,Indie",7,3,4
1506260,"Action,Adventure,Casual,Indie,RPG",20,20,0
1558530,"Action,Indie",1,1,0
22362,"Action,Free to Play",0,0,0
1956300,"Casual,Indie",3,2,1
816550,"Action,Adventure,Casual,Indie",2,1,1
406720,"Action,Adventure",96,54,42
1569820,"Action,Adventure,Free to Play,Indie,Early Access",0,0,0
392970,"Adventure,Casual",128,116,12
1689250,"Adventure,Indie,RPG,Simulation,Strategy",21,19,2
1807750,"Adventure,Casual,Indie,RPG,Strategy",0,0,0
1453080,"Simulation,Early Access",0,0,0
1764730,"Action,Adventure,Indie",2,2,0
1679270,"Casual,Indie",0,0,0
847680,Casual,15,15,0
1184010,"Casual,Indie,Simulation",7,7,0
1140970,"Simulation,Software Training,Game Development",8,2,6
1920810,"Casual,Indie",1,1,0
869440,"Action,Adventure,Indie",4,4,0
1634130,"Casual,Indie",0,0,0
655580,Education,3,3,0
1730100,"Casual,Indie",13,11,2
821370,"Action,Sports",24,17,7
292620,Indie,87,34,53
245730,"Action,Adventure,RPG",187,96,91
1240460,"Adventure,Indie",1,0,1
1183230,"Adventure,Casual,Indie,RPG",6,5,1
427550,"Adventure,Casual",39,27,12
711600,"Action,Casual,Indie,Strategy",0,0,0
1130430,"Adventure,Casual,Indie",2,2,0
1134500,"Adventure,Casual,Indie",3,0,3
1732310,"Indie,RPG,Simulation,Strategy",1,1,0
1979300,"Action,Early Access",0,0,0
1839420,"Casual,Indie,RPG",4,3,1
322170,"Action,Indie",83802,78136,5666
1367330,Strategy,7,2,5
707030,"Action,Adventure",4439,3467,972
1365800,"Casual,Indie,RPG,Early Access",0,0,0
1540780,"Action,Adventure,Indie,Massively Multiplayer,RPG,Strategy",0,0,0
720940,"Adventure,Indie",42,37,5
253330,"Action,Adventure,Indie",733,539,194
425580,"Adventure,Indie",7282,7113,169
1270840,"Adventure,Indie,Simulation,Strategy,Early Access",2,0,2
1060350,"Action,Early Access",0,0,0
1168740,"Action,Adventure,Indie,Simulation",0,0,0
1019150,"Action,Casual,Indie",0,0,0
34273,Action,4,4,0
1816900,"Casual,Indie",6,5,1
1161810,"Action,Casual,Indie",0,0,0
954350,Utilities,0,0,0
392410,"Action,Adventure,Indie",51,41,10
498660,"Casual,Indie,Sports",78,64,14
512700,"Action,Adventure,Indie",1,0,1
818440,"Adventure,Casual,Indie",24,9,15
1896450,"Indie,Early Access",0,0,0
1188990,Adventure,11,8,3
1579000,"Action,Indie",9,9,0
476240,"Casual,Indie,Strategy",333,317,16
1433500,"Action,Adventure",2,2,0
1398080,"Casual,Indie,Simulation,Strategy",7,6,1
1903880,"Casual,Indie",0,0,0
766560,"Indie,RPG",14,11,3
697650,Adventure,134,122,12
715270,Strategy,7,7,0
679700,"Action,Adventure,Casual,Indie",0,0,0
1837130,"Action,Adventure,Casual,Indie",0,0,0
612160,Action,9,9,0
1626370,"Action,Adventure,Indie",5,5,0
1947120,Action,2,2,0
557520,Adventure,109,69,40
1804180,"Free to Play,Education",0,0,0
737390,"Action,Indie,Massively Multiplayer,Early Access",3,2,1
404200,"RPG,Strategy",258,197,61
1229260,"Indie,RPG",13,13,0
428660,"Action,Adventure,Indie",1970,1710,260
1268370,"Action,Casual,Indie",44,40,4
1415200,"Action,Adventure,Casual,Indie,Strategy",0,0,0
1698520,"Adventure,Indie,Simulation",72,66,6
898500,"Casual,Indie,Strategy,Early Access",2,1,1
1288920,Indie,52,38,14
1277390,"Action,Adventure,Indie,RPG,Early Access",3,1,2
1867050,"Action,Adventure,Indie",3,3,0
1214180,"Indie,Strategy",27,19,8
579110,"Action,Adventure,Indie,Simulation",146,128,18
1105740,"Indie,RPG",20,14,6
768880,"Casual,Indie",4,3,1
1861780,"Adventure,Indie,RPG,Simulation",2,1,1
1739340,"Action,Strategy",16,16,0
1213550,"Adventure,Casual,Indie",25,23,2
1188020,"Action,Adventure,Indie,RPG",0,0,0
1587930,"Action,Casual,Indie",0,0,0
673630,"Adventure,Indie,RPG",2,1,1
336300,"Indie,Simulation,Strategy",196,158,38
1339380,Adventure,17,15,2
1585360,"Action,Free to Play,Indie",0,0,0
1903220,Casual,1,1,0
1342250,Action,22,13,9
538070,"Adventure,Indie",434,390,44
724030,Indie,2,2,0
1103000,"Action,Adventure,Casual,Indie",0,0,0
452970,"Adventure,Indie",81,52,29
1945560,Casual,5,5,0
1863920,"Casual,Indie,Sports",0,0,0
1742450,"Adventure,Casual,Indie,RPG,Strategy",0,0,0
1853780,"Action,Indie,Early Access",3,2,1
1510570,"Casual,Free to Play,Indie,Simulation",0,0,0
692690,"Action,Casual,Indie,Sports",73,61,12
553020,"Action,Indie",4,4,0
299070,Strategy,133,119,14
4500,"Action,RPG",9630,9092,538
437220,"Action,Free to Play,Indie",8340,4811,3529
597030,"Action,Casual,Simulation",111,92,19
1484280,"Adventure,Indie,RPG,Strategy",784,712,72
1787170,"Adventure,Casual,Indie",0,0,0
429680,"Free to Play,Indie,Massively Multiplayer,Strategy",11,5,6
733530,"Casual,Indie,Strategy",4,4,0
1175970,"Adventure,Indie",0,0,0
924390,"Adventure,Casual,Indie",2,0,2
1962770,"Free to Play,Massively Multiplayer,Strategy",0,0,0
1493560,"Indie,RPG",2,2,0
944500,"Action,Indie,Early Access",5,4,1
344850,"Indie,Simulation,Strategy",856,664,192
1700,RPG,654,547,107
1437890,"Casual,Simulation,Strategy",5,4,1
521990,"Action,Indie",8,6,2
951530,"Action,Indie,RPG",33,25,8
1033580,"Action,Casual,Indie",5,5,0
505460,"Action,Indie,Massively Multiplayer,RPG,Strategy,Early Access",14301,11895,2406
1575690,"Casual,Indie",2,2,0
1709000,"Action,Adventure,Casual,Indie,RPG,Simulation",0,0,0
11240,"Action,Indie,Strategy",325,177,148
1202130,Strategy,2877,2543,334
1684230,"Indie,Simulation",0,0,0
1356360,"Action,Adventure,Indie,RPG,Early Access",1,0,1
527190,"Casual,Indie",98,94,4
1706540,"Action,Indie",47,44,3
1005450,"Action,Adventure,Indie",49,48,1
16810,Strategy,552,474,78
1424900,"Action,Casual,Free to Play,Indie",0,0,0
365080,"Indie,RPG",8,6,2
1512350,"Casual,Indie,Early Access",1,1,0
673000,"Action,Indie",680,587,93
859560,"Casual,Simulation,Early Access",4,2,2
454560,"Sports,Strategy,Early Access",18,7,11
1304290,"Action,Indie",9,9,0
1919570,Action,0,0,0
987790,"Action,Casual,Free to Play,Indie,Early Access",0,0,0
717200,"Action,Adventure,Casual,Indie,Strategy",2,2,0
1606940,"Adventure,Casual,Indie",40,40,0
839330,"Action,Casual,Indie,Early Access",0,0,0
1014350,"Action,Adventure",0,0,0
1578880,"Adventure,Casual,Indie,Simulation",12,11,1
1387610,"Action,Indie,Strategy",5,4,1
278970,"Action,Adventure",48,18,30
1312990,"Casual,Indie",37,28,9
1373700,"Action,Adventure,Indie",6,6,0
330180,"Action,Indie",95,83,12
490100,Indie,31,31,0
1040480,"Casual,Indie,Strategy",0,0,0
2067750,"Casual,Indie",0,0,0
676520,"Action,Adventure",2,2,0
553910,"Action,Casual,Indie",2,1,1
1558060,Casual,11,1,10
245450,"Adventure,RPG",568,508,60
551170,"Adventure,RPG,Strategy",161,132,29
1724510,"Action,Adventure,Casual,Indie,RPG,Simulation,Strategy",2,2,0
888690,"Action,Casual,Indie",18,8,10
865060,"Action,Indie",6,6,0
860550,"Casual,Simulation",5,5,0
1106980,Action,4,4,0
1199240,"Action,Casual,Indie",1,1,0
724330,"Adventure,Indie,RPG,Strategy",20,14,6
736400,"Casual,Indie,Simulation",9,5,4
38010,Casual,1,1,0
754330,"Casual,Indie",9,6,3
1229030,"Adventure,Indie",181,160,21
1511780,"Indie,Simulation,Early Access",321,309,12
1674780,"Action,Adventure,Indie,Early Access",53,50,3
1450620,"Action,Indie",3,3,0
1800560,"Action,Strategy",0,0,0
15380,Strategy,79,65,14
1527780,"Action,Adventure,Indie",7,5,2
1296860,"Action,Adventure,Casual,Indie",14,10,4
646890,Casual,2,1,1
699180,"Casual,Indie",272,252,20
599610,"Action,Adventure,Casual,Indie",185,177,8
1815170,"Action,Casual,Indie",0,0,0
1611280,RPG,0,0,0
1547790,"Action,Indie",3,3,0
1636490,"Simulation,Strategy",1,0,1
1497950,Action,249,199,50
759650,Casual,1,1,0
695920,"Adventure,Casual,RPG,Simulation,Strategy",499,424,75
574920,"Adventure,Indie,Simulation",4,3,1
224820,"Action,Indie",972,939,33
924900,Action,32,29,3
479110,"Action,Adventure,Indie",10,8,2
1517390,Simulation,0,0,0
1606510,"Action,Indie",0,0,0
333390,"Adventure,Indie,RPG",47,36,11
24010,Simulation,8929,6317,2612
1154170,"Adventure,Casual,Indie",6,4,2
1909330,"Casual,Indie",17,16,1
1104470,"Adventure,Strategy",6,6,0
1179170,"Adventure,Casual,Indie",2,1,1
580910,"Casual,Indie,Simulation",9,2,7
1411000,"Action,Adventure,Indie",2,2,0
1554050,"Action,Adventure,Indie,RPG,Early Access",2,2,0
1682880,"Action,Indie",0,0,0
877550,"Casual,Indie",16,13,3
310970,"Indie,Strategy",20,14,6
355520,"Adventure,Indie,RPG",138,116,22
1198310,Indie,3,2,1
1181160,"Casual,Indie",0,0,0
822910,"Indie,Strategy",2,1,1
1249110,"Adventure,Casual,Indie",15,13,2
559100,"Action,RPG,Strategy",1691,1272,419
707340,"Animation & Modeling,Design & Illustration,Utilities",0,0,0
1522640,"Casual,Indie",1,1,0
1361270,"Action,Adventure,Casual,Indie,Strategy",0,0,0
1454060,"Action,Casual,Indie,Accounting,Education,Software Training,Utilities,Game Development",0,0,0
1233030,Action,1,1,0
636430,"Violent,Action",4,2,2
1937220,"Adventure,Casual,Free to Play,Massively Multiplayer,Simulation,Sports",0,0,0
810060,"Action,Casual,Indie",6,4,2
722960,"Action,Adventure,Indie,Massively Multiplayer,Simulation",290,226,64
844900,"Simulation,Sports",5,2,3
1147140,"Casual,Racing,Simulation,Sports",1,0,1
497450,"Casual,Indie",42,36,6
1058680,"Casual,Indie,RPG,Simulation,Strategy,Early Access",3,2,1
1562550,"Action,Casual,Indie",2,2,0
1781920,"Casual,Indie,Strategy",7,6,1
513420,"Adventure,Indie,RPG",26,12,14
861320,"Adventure,Indie",4,2,2
1651440,"Action,Casual,Indie,RPG",10,5,5
551100,"Action,Indie",6,5,1
1836680,Indie,5,5,0
566380,"Indie,Sports",1,1,0
1577470,"Action,Adventure,Early Access",23,21,2
422140,"Simulation,Sports",17,8,9
1095280,"Action,Adventure,Casual,Indie",2,0,2
670340,Action,3,3,0
1632280,"Casual,Indie",0,0,0
455100,"Action,Indie,RPG",22,18,4
811080,"Simulation,Sports,Strategy",3,1,2
289840,"Adventure,Casual",40,14,26
397640,Racing,7,5,2
1803170,"Casual,Indie",0,0,0
1033670,"Adventure,Casual,Indie,RPG",2,0,2
1827460,"Indie,Simulation,Strategy",2,2,0
1007040,Action,3472,3329,143
1494150,"Casual,Indie",3,2,1
923390,"Casual,Indie,Simulation",0,0,0
1354000,"Action,Adventure,Casual,Indie",1,0,1
1452870,Casual,3,3,0
237990,"Indie,RPG,Strategy",7072,6254,818
1264930,"Action,Indie",7,5,2
1500240,Adventure,1,1,0
1424840,"Adventure,Indie,RPG,Simulation",7,3,4
1424650,"Action,Casual,Indie",0,0,0
804000,"Action,Adventure",20,16,4
2010400,Indie,15,13,2
961220,"Casual,Indie",9,6,3
770390,"Adventure,Indie",781,583,198
1131810,"Casual,Indie,RPG",8,4,4
849350,"Adventure,Casual,Indie",0,0,0
1067430,"Action,Adventure,Indie",15,14,1
764590,"Action,Adventure,Indie",26,21,5
342190,"Indie,Strategy",126,98,28
1516940,"Action,Indie,Early Access",1,1,0
356000,"Indie,RPG",85,65,20
700240,"Action,Indie,Early Access",17,13,4
1454410,"Free to Play,Indie,Simulation,Strategy",0,0,0
1884350,"Adventure,Indie,Simulation,Early Access",1,1,0
46710,Strategy,19,9,10
1194600,Indie,1,1,0
566700,"Casual,Indie,Strategy",60,53,7
1402320,Action,1410,868,542
1404960,"Action,Indie",11,10,1
1490460,"Action,Indie",20,14,6
462680,"Casual,Indie,Simulation,Strategy",276,214,62
353080,"Adventure,Casual,Indie",10,8,2
1189040,"Casual,Indie",1,0,1
815950,"Casual,Indie",12,11,1
1695340,"Casual,Strategy",1,0,1
862150,"Casual,Indie,Simulation",6,2,4
1748490,Casual,0,0,0
686950,"Casual,Free to Play,Simulation",0,0,0
1554770,"Casual,Indie",16,6,10
299780,"Adventure,Indie,RPG",127,81,46
423650,"Casual,Indie",41,23,18
1600980,"Action,Adventure,Indie",1,1,0
1826210,"Adventure,Indie,Strategy",0,0,0
1463080,"Action,Adventure,Indie,Early Access",8,5,3
403740,"Casual,RPG",70,43,27
1233170,"Adventure,Casual,Indie,Simulation,Strategy,Early Access",58,40,18
1640780,"Action,Casual,Indie",1,0,1
385220,"Action,Adventure,Indie",2,2,0
301380,"Adventure,Indie",117,104,13
414140,"Adventure,Casual,Indie",3,1,2
1986970,"Casual,Indie,Simulation,Strategy,Early Access",0,0,0
1372350,"Action,Indie",7,4,3
411720,"Action,Indie",1,1,0
918680,"Action,Adventure,Casual,Indie",8,3,5
1153110,"Action,Casual,Indie,Racing,Simulation,Sports",2,0,2
1041160,"Action,Adventure,Casual,Indie,Strategy",0,0,0
111400,"Action,Indie",172,62,110
1499680,"Action,Adventure,Indie,RPG",2,2,0
830360,"Casual,Indie",2,1,1
1703210,"Casual,Indie",1,1,0
500470,"Animation & Modeling,Education,Early Access",31,29,2
496460,"Indie,Simulation,Strategy",1978,1222,756
567130,"Indie,Strategy",108,90,18
313480,Strategy,320,284,36
1039570,"Adventure,Casual,Indie,Racing,Simulation,Sports",13,10,3
1393850,"Casual,Indie,Simulation,Strategy",1,0,1
654680,"Free to Play,Indie,Strategy",0,0,0
859920,"Casual,Massively Multiplayer,Simulation",1,0,1
1721510,"Adventure,RPG",1,1,0
1302160,"Action,Indie",4,3,1
1032260,"Action,Casual,Indie",1,0,1
698950,"Action,Casual,Indie",1,1,0
394310,"Indie,RPG,Strategy",2622,1895,727
1921160,"Adventure,Casual,Indie",12,11,1
1237900,"Adventure,Indie,RPG",3,3,0
1950070,Indie,30,16,14
757480,"Adventure,Indie",908,850,58
930620,"Action,Indie",117,67,50
1130900,"Indie,RPG",0,0,0
1077210,"Action,Indie",9,7,2
429540,"Free to Play,Massively Multiplayer,Strategy",0,0,0
1765540,"Free to Play,Indie,Strategy",0,0,0
393170,"Action,Indie,Strategy,Early Access",4,4,0
624330,Utilities,5,4,1
608440,"Action,Casual,Indie",0,0,0
1209650,"Casual,Indie,Simulation",8,7,1
320670,"Adventure,Casual",60,49,11
317370,"Indie,RPG",43,31,12
1543730,"Casual,Indie",5,5,0
493920,Action,1,1,0
765010,"Action,Free to Play,Indie",1,1,0
1567050,Casual,4,2,2
30,Action,1615,1421,194
592990,"Adventure,RPG",4,2,2
1078380,"Indie,RPG",11,7,4
431200,"Action,Indie",12,11,1
20920,RPG,20642,18204,2438
1769570,"Action,Casual,Indie",1,1,0
591680,"Indie,Simulation",0,0,0
657050,"Casual,Free to Play,Indie,Simulation",0,0,0
1812760,"Adventure,Casual,Free to Play,Indie,RPG",0,0,0
1135050,"Indie,Simulation",11,5,6
1844200,"Free to Play,Massively Multiplayer,RPG",0,0,0
824580,"Action,Indie,Strategy",4,2,2
802890,"Adventure,Casual",582,547,35
349260,"Action,Indie",23,18,5
1384500,"Adventure,Indie",1,1,0
1977110,Casual,41,40,1
1067310,"Action,Adventure,Free to Play,Indie",0,0,0
1152830,Casual,2,2,0
308440,"Action,Indie",8,7,1
888070,"Adventure,Free to Play,Indie,RPG",0,0,0
389120,"Casual,Indie,Strategy",13,9,4
1759260,"Adventure,Casual,Indie",0,0,0
62000,"Action,Casual",322,295,27
1777760,"Free to Play,Sports",0,0,0
983240,Casual,5,3,2
1600,Strategy,187,142,45
1151450,"Adventure,RPG,Simulation,Strategy",192,183,9
1068540,"Casual,Indie",1,1,0
900290,Adventure,37,29,8
1825540,"Casual,Indie",7,7,0
1018770,"Adventure,RPG",2,0,2
1813190,"Casual,Indie,Strategy",25,24,1
1451970,"Action,Adventure,Casual,Indie",17,16,1
596870,"Adventure,Casual,Indie,Simulation",43,32,11
432770,"Adventure,Casual",10,8,2
1298700,"Action,Adventure,Indie,RPG",0,0,0
816830,"Casual,Indie",13,12,1
681640,"Indie,Simulation,Strategy",50,46,4
1422420,"Action,Adventure,Indie,RPG,Sports",139,128,11
792970,"Indie,Racing,Early Access",11,8,3
1146000,"Action,Indie",0,0,0
937180,"Action,Indie",0,0,0
1057710,"Action,Adventure,Casual,Indie",0,0,0
636560,"Free to Play,RPG,Strategy",0,0,0
515740,"Action,Adventure,Casual,Indie",12,9,3
1859310,"Action,Early Access",0,0,0
467270,"Action,Indie,RPG,Strategy",41,30,11
436530,"Action,Indie",44,32,12
813590,"Adventure,Indie",12,11,1
112100,"RPG,Indie",308,257,51
1411550,"Action,RPG,Early Access",0,0,0
1389610,"Action,Adventure,Racing,Simulation",33,26,7
1787650,"Action,Adventure,Casual,Indie,Massively Multiplayer,Simulation,Sports,Strategy",8,5,3
668030,Education,3,2,1
439880,Adventure,10,9,1
526550,"Action,Adventure,Casual,Indie,Early Access",5,3,2
1841100,"Casual,Free to Play",0,0,0
577970,"Action,Indie,Early Access",114,107,7
1803160,"Casual,Indie",10,10,0
370540,"Simulation,Strategy",245,222,23
789090,"Action,Casual,Indie,RPG,Strategy",48,44,4
1675670,"Action,Indie,Simulation",0,0,0
1118940,"Action,Adventure,Indie",4,2,2
948340,Indie,1,1,0
1436220,"Action,Adventure,Indie",7,2,5
1650040,"Action,Adventure,Indie",8,8,0
617720,"Action,Adventure,Free to Play,Massively Multiplayer,RPG,Simulation",0,0,0
298030,Strategy,1763,1697,66
523180,"Action,Casual,Indie",11,7,4
956580,"Action,Free to Play,Indie,Massively Multiplayer,Early Access",0,0,0
314970,"Free to Play,Indie,Strategy",9,8,1
370590,"Action,Casual,Indie",15,8,7
1195250,Sports,1,0,1
1610330,"Adventure,Casual,Indie",2,1,1
850270,"Casual,Indie,Racing,Sports",0,0,0
1516610,"Action,Casual,Simulation",1,1,0
1489840,"Action,Free to Play,Strategy",0,0,0
1112150,"Adventure,Casual,Indie",16,16,0
1780840,"Indie,Early Access",59,27,32
1372090,Action,16,10,6
582220,"Design & Illustration,Utilities",4,2,2
677010,"Casual,Indie,Simulation,Sports",2,0,2
701740,"Action,Adventure,Casual,Indie",7,4,3
1002030,"Casual,Indie",24,18,6
383870,"Adventure,Indie",34167,29634,4533
872040,"Action,Indie,RPG",9,8,1
946860,"Action,Adventure,Casual,Indie",14,13,1
1273540,"Action,Adventure,Casual,Indie",76,72,4
420880,"Adventure,Free to Play,Indie,Early Access",2,0,2
1564180,"Indie,Strategy",6,0,6
923840,"Adventure,Indie",1,1,0
1122490,"Action,Adventure,Indie,RPG",16,15,1
550400,"Adventure,Casual,Indie,Strategy",25,24,1
214100,"Strategy,Indie,Casual,Simulation",36,18,18
1725990,"Casual,Free to Play,Indie",0,0,0
916900,"Adventure,Casual,Indie",95,84,11
806000,"Action,Adventure,Free to Play,Indie,Simulation",0,0,0
1805810,"Casual,Simulation",0,0,0
1454360,"Action,Indie,Early Access",0,0,0
1535190,"Casual,Indie,Simulation,Strategy",4,4,0
813540,"Adventure,Casual,Indie",138,115,23
1083700,Adventure,2,2,0
324710,"Adventure,Casual,Indie",157,144,13
1598560,"Action,Adventure,Casual,Free to Play,Indie,Simulation,Strategy",0,0,0
810080,"Animation & Modeling,Education,Utilities,Early Access",1,0,1
378700,"Adventure,Indie",24,16,8
1810500,"Casual,Indie,RPG",4,2,2
686010,"Indie,RPG",3,3,0
655100,"Casual,Indie",152,123,29
1928390,"Casual,Indie",2,2,0
1324070,"Adventure,Free to Play,Indie",0,0,0
1732190,Adventure,800,687,113
1795640,"Action,Indie",0,0,0
740730,"Indie,Simulation,Strategy",2,0,2
1056330,"Action,Indie",0,0,0
257770,"Action,Indie,Strategy",57,35,22
1719100,"Action,Adventure,Free to Play",0,0,0
1385590,"Action,Adventure,Indie",0,0,0
1085800,"Casual,Indie,Strategy",0,0,0
1204410,Indie,32,30,2
1667770,"Action,Casual,Free to Play,Indie,RPG",0,0,0
1020390,"Action,Adventure,Casual,Indie,Racing,Simulation",6,3,3
731820,"Action,Indie",3,3,0
1511500,"Adventure,Casual,Indie,Strategy",0,0,0
824640,"Casual,Strategy",2,2,0
293880,"Adventure,Casual,Indie,RPG",118,106,12
551860,"Adventure,Indie,RPG,Strategy",547,403,144
841990,Simulation,1,0,1
1157010,"Action,Adventure,Indie",4,4,0
1064520,"Action,Casual,Indie",0,0,0
1588620,"Casual,Indie",6,5,1
1563110,"Casual,Indie",0,0,0
565650,"Action,Adventure,Casual,Indie",3,3,0
846370,"Action,Casual,Indie,Strategy",0,0,0
1147980,"Action,Adventure,Indie,RPG",3,1,2
31810,Adventure,197,189,8
1444370,"Casual,Indie",1,1,0
1544300,"Action,Casual,Indie",0,0,0
269050,"Adventure,Indie",849,793,56
743550,"Action,Adventure,Indie",4,4,0
466160,"Indie,RPG",14,13,1
677620,"Action,Free to Play,Indie",155,144,11
1676570,Casual,6,6,0
1483100,"Action,Adventure,Indie,Early Access",15,14,1
1427400,"Adventure,Casual,Indie",13,13,0
1794600,"Adventure,Early Access",0,0,0
280320,"Casual,Indie,RPG",363,212,151
1694830,"Indie,RPG",5,5,0
238370,"Action,Adventure",2418,1765,653
281060,"Adventure,Casual,Indie",35,28,7
497730,"Adventure,Indie",98,65,33
1986230,"Casual,Indie",45,44,1
1651460,"Action,RPG,Strategy",2,0,2
1308040,"Indie,Simulation",15,7,8
11450,RPG,1713,1563,150
355570,"Adventure,Indie,RPG",17,16,1
1421390,Strategy,5,5,0
251390,"Action,Adventure,Indie,RPG,Strategy",115,77,38
1499550,"Casual,Simulation",5,2,3
373640,"Casual,Indie",1,1,0
1173310,"Action,Adventure,Casual,Indie,Strategy",13,12,1
947540,"Action,Adventure,Casual,Indie",0,0,0
1012430,"Action,Adventure,Indie,RPG,Strategy",2,2,0
1353900,"Adventure,Indie",32,28,4
950250,"Casual,Indie,Simulation",0,0,0
1532520,"Casual,Indie",19,17,2
536530,"Action,Adventure,Casual,Indie",14,8,6
209950,"Casual,Indie,Strategy",359,331,28
1103690,"Action,Adventure,Indie",0,0,0
974370,"Action,Adventure,Indie",8,3,5
268910,"Action,Indie",43398,41789,1609
1515200,"Action,Adventure,Casual,Indie",98,94,4
639270,"Action,Adventure,Casual,Indie,Simulation",187,180,7
1698000,"Action,Adventure,Indie,Massively Multiplayer",0,0,0
1409330,Casual,3,2,1
1819280,"Action,Adventure,Casual,Indie,Racing,Simulation,Sports",0,0,0
674010,"Action,Adventure,Indie",2,0,2
407840,"Action,Indie,RPG",1982,1007,975
975670,Indie,0,0,0
1668800,"Action,Adventure,Strategy",0,0,0
508410,"Action,Indie,RPG",24,15,9
3500,Casual,27,20,7
1048080,"Casual,Indie",6,5,1
22500,"Indie,Strategy",142,119,23
1377450,"Adventure,Free to Play,Indie,RPG,Simulation,Strategy",0,0,0
1441400,"Indie,Simulation",10,9,1
847310,"Adventure,Indie,RPG",6,2,4
389980,"Utilities,Early Access",0,0,0
749470,"Action,Indie",1,1,0
1004000,"Indie,Strategy",16,9,7
1694110,"Casual,Indie",1,0,1
1651390,"Action,Adventure,Casual,Indie,Racing",0,0,0
1060320,Indie,0,0,0
1880710,"Casual,Indie,RPG,Simulation",169,159,10
618670,"Violent,Action,Indie",6,3,3
941150,"Action,Casual,Indie,Early Access",2,1,1
334360,"Casual,Indie",2,2,0
1455930,"Action,Adventure",0,0,0
1582740,"Action,Adventure,Indie",2,0,2
863590,"Action,Adventure,Indie,RPG",1206,1115,91
1139780,"Casual,Indie",0,0,0
1802920,Adventure,2,2,0
596240,"Violent,Gore,Action,Adventure,Indie",102,47,55
1559180,RPG,1,1,0
1389430,RPG,0,0,0
1285070,"Action,Casual,Indie",3,3,0
1253820,"Casual,Indie",5,3,2
737830,Casual,3,3,0
706490,"Adventure,Casual,Indie",80,49,31
1321920,"Action,Adventure,Casual,Indie,Simulation",13,5,8
489160,"Action,Indie",5,3,2
1693430,"Casual,Free to Play,Simulation,Strategy",4,1,3
1014130,"Utilities,Game Development",71,51,20
1190930,"Adventure,Indie",7,7,0
676540,"Action,Indie,Early Access",0,0,0
1475600,"Adventure,Casual,Indie,RPG",1,0,1
302260,"Action,Adventure,Casual,Indie",17,9,8
1205960,"Adventure,Casual,Indie",379,344,35
1024150,"Casual,Indie",3,0,3
786630,"Casual,Indie,Racing,Simulation,Sports",30,26,4
1215520,"Adventure,Casual,Indie",1,1,0
437900,"Casual,Indie,Sports",9,6,3
785770,"Action,Casual,Simulation",191,109,82
1450020,"Adventure,Casual,Early Access",0,0,0
1732070,RPG,24,20,4
554590,Strategy,4,3,1
522490,"Action,Casual,Indie",66,65,1
1390870,"Casual,Indie,Strategy",0,0,0
947970,"Adventure,Casual,Simulation,Strategy",8,6,2
1214380,"Action,Adventure,Indie",0,0,0
1194390,"Adventure,Casual,Indie",4,4,0
1902110,Casual,1,1,0
677910,"Action,Adventure,Indie,RPG",21,19,2
1179500,"Action,Indie",3,3,0
1306570,"Action,Free to Play,Indie",0,0,0
510060,"Action,Indie,Early Access",20,20,0
39670,Action,412,290,122
1022920,"Free to Play,Indie,RPG",0,0,0
1772180,"Action,Adventure,Indie",3,3,0
1644140,"Casual,Indie",7,3,4
1810000,"Free to Play,Indie",0,0,0
997770,Indie,0,0,0
1462600,"Action,Casual,Indie",1,1,0
523890,"Casual,Indie",2,2,0
729920,"Adventure,Casual",2,2,0
436270,Strategy,21,14,7
1533870,"Action,Indie",0,0,0
1551660,Indie,1,0,1
1454400,"Casual,Indie,Simulation,Strategy",19211,18692,519
566200,"Adventure,Indie,RPG,Strategy",4,3,1
555010,"Action,Indie,Strategy,Early Access",40,28,12
404510,"Adventure,Casual,Indie",36,28,8
1691130,"Action,Adventure,Casual,Indie,Racing,RPG,Simulation",4,3,1
603970,"Action,Indie,Simulation",1,0,1
1984630,Indie,2,1,1
1756160,"Action,Adventure,Indie,Early Access",84,66,18
1485250,"Free to Play,Indie",0,0,0
1374200,"Adventure,Casual,Indie,Strategy",8,7,1
652830,"Action,Indie",9,5,4
1744270,"Casual,Strategy",0,0,0
756380,"Action,Adventure,Indie",0,0,0
576130,"Action,Casual,Indie",61,52,9
492340,"Action,Casual,Indie,Sports",70,59,11
46490,Adventure,180,78,102
944770,"Audio Production,Design & Illustration,Utilities,Video Production,Web Publishing",12,10,2
633320,"Casual,Free to Play,Indie,Simulation",0,0,0
568490,"Action,Adventure,Indie",15,15,0
503650,"Adventure,Indie",16,13,3
355000,Utilities,7,5,2
361560,"Action,Indie",6,2,4
394160,Action,342,301,41
625820,"Indie,RPG,Strategy",20,17,3
976930,"Action,Casual,Indie",20,19,1
763990,Indie,31,21,10
872670,"Action,Indie,Massively Multiplayer,Strategy,Early Access",940,771,169
982720,"Adventure,Indie,Simulation",509,368,141
986710,"Adventure,Casual,Indie,Simulation",17,16,1
997240,"Adventure,Indie,RPG",7,5,2
955470,Casual,37,34,3
694960,"Action,Adventure,Indie,RPG",0,0,0
527380,"Action,Indie",11,10,1
15270,Action,330,269,61
1718430,"Action,Adventure,Casual,Indie,Strategy",2,1,1
547150,"Adventure,Indie",10,6,4
676760,"Adventure,Indie",30,11,19
861790,"Action,Casual,Indie",0,0,0
1298740,"Free to Play,Indie,Strategy",0,0,0
356580,"Action,Indie",69,46,23
1230660,"Action,Indie,Racing",8,8,0
644420,"Action,Indie",39,28,11
758640,"Adventure,Casual",4,4,0
1080370,"Casual,Simulation",3,1,2
1699880,"Action,Adventure",3,3,0
280540,"Casual,Indie,Simulation,Strategy",103,70,33
899480,"Sexual Content,Nudity,Casual,Indie,Simulation",19,14,5
1300270,"Indie,RPG",43,35,8
444800,"Action,Adventure,Indie",146,132,14
1478350,"Casual,Indie,RPG,Simulation,Strategy",48,42,6
839930,"Casual,Indie,Racing,Simulation",128,87,41
1761860,Strategy,0,0,0
1604700,"Adventure,Casual,Indie,RPG,Simulation",5,5,0
699330,"Adventure,Indie,RPG,Strategy,Early Access",242,200,42
431230,"Adventure,Indie,Strategy",40,35,5
476540,"Adventure,Free to Play",0,0,0
870590,"Action,Indie,RPG,Strategy",4,4,0
1031640,"Casual,Indie",5,4,1
1262040,"Action,Adventure,Indie",39,39,0
1154800,Casual,0,0,0
778850,Indie,4,2,2
565860,"Action,Adventure,Indie,Racing",183,146,37
1762490,"Action,Casual,Indie",1,1,0
778760,"Adventure,Casual,Simulation",9,5,4
1220980,"Action,Adventure,Indie,Strategy",2,0,2
962510,"Adventure,Indie",6,5,1
50910,Casual,14,14,0
1248810,"Action,Adventure,Indie,RPG",0,0,0
466050,"Adventure,Casual",9,9,0
228560,Action,376,201,175
542670,"Adventure,Sports",6,1,5
1044750,"Casual,Indie",0,0,0
667880,"Casual,Indie",2,2,0
1314500,"Indie,Sports,Early Access",4,4,0
222500,"Action,Free to Play,Indie,Racing",0,0,0
1093280,"Adventure,Casual,Indie",2,2,0
2280,Action,7767,7473,294
1098810,"Action,Adventure,Casual,Indie,Massively Multiplayer,Racing,RPG,Simulation,Sports,Strategy",3,2,1
23600,"Indie,RPG,Strategy",70,59,11
676090,"Adventure,Indie,RPG",17,13,4
1024640,"Animation & Modeling,Design & Illustration,Education,Software Training,Utilities,Web Publishing,Game Development",41,32,9
1620380,"Utilities,Early Access",7,5,2
731520,"Action,Adventure,Casual,Indie,Strategy",3,3,0
856650,"Indie,Racing,Simulation,Early Access",7,5,2
1075200,"Adventure,Indie",80,64,16
430240,Indie,7,3,4
38120,Casual,18,16,2
466910,"Casual,Free to Play",30,24,6
1913940,"Indie,RPG",2,2,0
1054510,"Action,Adventure,Indie,RPG,Simulation,Strategy,Early Access",944,832,112
642090,"Casual,Indie,Simulation",649,619,30
994250,"Casual,Indie,RPG,Strategy,Early Access",0,0,0
253290,"Action,Indie",273,252,21
1255810,"Action,Adventure,Casual,Indie,RPG",0,0,0
601400,"Action,Adventure,Casual,Indie,RPG,Early Access",21,15,6
37800,"Indie,Casual",35,25,10
1190760,"Adventure,Casual,Indie,Strategy,Early Access",3,0,3
1000750,"Action,Adventure,Indie",2,2,0
1372700,"Casual,Indie,Simulation,Sports",25,14,11
1265270,"Action,Adventure,Casual,Indie,RPG",3,3,0
1183170,"Adventure,Casual,Indie,RPG",16,15,1
1629550,"Adventure,Indie,Simulation",3,0,3
1274090,"Action,Casual,Indie,Early Access",0,0,0
1092770,Casual,10,9,1
851040,"Indie,Strategy",3,1,2
758990,"Action,Indie,Simulation,Strategy,Early Access",1369,1295,74
9200,Action,5747,4153,1594
956880,"Free to Play,Simulation",0,0,0
1733860,"Adventure,Indie,Simulation",5,0,5
1886480,Action,0,0,0
669710,"Action,Free to Play,Indie",2,2,0
747700,"Action,Indie,Simulation",3,0,3
2058250,Action,0,0,0
821500,"Action,Adventure,Indie",13,9,4
790730,Utilities,6,2,4
259830,"Action,Indie",13,8,5
263460,"Adventure,Casual,Indie",56,46,10
1607180,"Adventure,Casual,Indie",0,0,0
752060,"Action,Simulation,Strategy",2,2,0
349520,"Action,Adventure,Casual,Indie",0,0,0
1457540,"Indie,RPG,Simulation",0,0,0
505090,Adventure,44,23,21
1243140,"Action,Adventure,Indie,RPG",0,0,0
1757430,"Casual,Free to Play,Indie",0,0,0
383730,Web Publishing,54,47,7
1922000,"Action,Adventure,Indie",4,4,0
1753050,RPG,19,19,0
1984220,"Action,Indie",2,2,0
446870,"Action,Indie",11,3,8
1081200,"Action,Indie,Racing,Simulation,Sports",3,3,0
723820,"Casual,Indie",1,1,0
881060,"Action,Adventure,Casual,Indie",2,2,0
831100,"Casual,Free to Play,Indie",0,0,0
979070,"Adventure,Indie,Simulation",536,457,79
1245900,"Action,Adventure,Casual,Indie,Strategy",2,2,0
1003070,"Indie,Simulation",17,11,6
1092780,"Casual,Indie,Strategy",30,27,3
576620,"Action,Adventure,Indie,Simulation",38,28,10
1363770,Indie,117,88,29
315460,"Action,Indie,RPG,Strategy",1934,1775,159
1338790,"Adventure,Casual,Indie",11,11,0
1723570,"Action,Adventure,Indie",3,3,0
2820,"Action,Simulation,Strategy",988,830,158
1162520,"Casual,Strategy",216,125,91
1151920,"Casual,Indie,Strategy",0,0,0
17180,Strategy,27,19,8
1616190,"Casual,Indie",1,1,0
294570,"Adventure,Casual",70,62,8
1055150,"Adventure,Casual,Indie,RPG,Strategy",4,3,1
1181650,"Action,Indie",1,1,0
294550,"Adventure,Casual",59,56,3
1333900,"Action,Adventure,Casual,Indie,Strategy",1,1,0
1579670,RPG,0,0,0
1462040,"Action,Adventure,RPG",3256,2876,380
1604690,"Free to Play,Indie,RPG,Strategy",0,0,0
555050,"Casual,Indie,Simulation,Sports",118,95,23
1452950,"Casual,Free to Play,Strategy",0,0,0
673580,"Adventure,Simulation,Early Access",1,0,1
1361440,"Action,Casual,Indie,Strategy",7,5,2
822240,"Adventure,Free to Play,Massively Multiplayer,Simulation,Early Access",0,0,0
1108630,"Free to Play,Indie,RPG",0,0,0
1063140,"Adventure,Indie,Strategy",0,0,0
703080,"Casual,Simulation,Strategy",26063,23604,2459
1588780,"Action,Indie",1,1,0
1341200,"Action,Simulation,Strategy",239,129,110
19830,Action,920,851,69
1156500,"Indie,Strategy,Early Access",5,5,0
1046230,"Indie,Simulation,Sports",49,37,12
285800,"Adventure,Casual,Indie,RPG,Strategy",413,314,99
1474410,"Indie,Strategy,Early Access",1,1,0
770620,Web Publishing,18,12,6
335190,"Adventure,Indie,RPG",194,166,28
1578550,"Casual,Indie,Simulation",0,0,0
1182830,"Adventure,Casual,Indie",129,125,4
787150,"Adventure,Indie,Simulation,Strategy",0,0,0
1279330,"Action,Indie,Early Access",32,24,8
1768730,Strategy,15,14,1
893720,"Adventure,Indie",108,100,8
1059080,Adventure,3,2,1
1252510,Action,0,0,0
332630,"Adventure,Indie",25,20,5
1303420,"Action,Indie,Simulation",2,2,0
1845830,"Animation & Modeling,Utilities,Video Production,Early Access",2,1,1
1339500,"Casual,Indie,Simulation,Sports,Early Access",18,15,3
1624610,"Action,Casual,Indie",1,1,0
918180,"Casual,Indie",13,9,4
1435840,Casual,3,1,2
1997070,"Casual,Indie",11,10,1
392100,"Action,Casual,Indie,RPG",3,3,0
809840,"Sexual Content,Nudity,Adventure,Casual,Indie,Simulation",11,6,5
1827500,"Action,Indie",0,0,0
1086670,"Adventure,Casual,Indie",1,1,0
1265440,Indie,0,0,0
566570,"Indie,Simulation,Sports,Early Access",27,14,13
488040,"Animation & Modeling,Utilities",72,50,22
1148010,"Adventure,Casual,Indie",9,6,3
384880,"Casual,Simulation",10,1,9
1995100,Indie,12,9,3
440740,"Action,Casual,Free to Play,Indie,Strategy",3,2,1
321830,"Action,Casual,Indie,Early Access",125,80,45
1220190,"Casual,Indie",5,3,2
1469450,"Action,Indie,RPG",1,1,0
1458370,"Casual,Indie",2,2,0
1712360,"Action,Adventure",2,2,0
1035890,"Adventure,Indie",0,0,0
675980,"Casual,Indie",2,2,0
999220,"Adventure,Indie",3337,2521,816
579490,"Adventure,Casual",47,38,9
1514100,"Action,Adventure,Free to Play,Indie,RPG",0,0,0
1096130,"Adventure,Casual,Indie",1,0,1
1774130,"Indie,Early Access",0,0,0
1586630,"Design & Illustration,Utilities,Game Development",0,0,0
740340,"Action,Adventure,Casual,Indie,Simulation",7,3,4
1459560,"Action,Strategy",0,0,0
1324270,"Indie,Simulation,Strategy,Early Access",68,52,16
1153430,"Action,Casual,Indie",185,156,29
589620,"Adventure,Indie",14,10,4
577710,"Free to Play,Massively Multiplayer,RPG,Strategy",0,0,0
892900,Video Production,0,0,0
521500,"Casual,Indie",97,76,21
937350,"Action,Casual,Free to Play,Indie,Early Access",0,0,0
1780290,"Casual,Indie",10,10,0
1173990,"RPG,Early Access",0,0,0
1219650,"Casual,Indie,Sports",7,5,2
1626010,"Adventure,Strategy",0,0,0
834910,"Action,Adventure,Massively Multiplayer,RPG,Early Access",18825,8962,9863
893070,"Action,Adventure,Indie",14,6,8
1785460,"Adventure,Casual,Indie",0,0,0
442260,"Action,Indie",8,7,1
625140,"Casual,Free to Play,Massively Multiplayer,RPG",0,0,0
1354840,"Casual,Indie,Simulation",0,0,0
1219940,"Indie,Simulation,Strategy",40,19,21
512630,Design & Illustration,0,0,0
864200,"Action,Casual,Indie",1,0,1
1613950,"RPG,Strategy",4,4,0
1262530,Simulation,2,1,1
1307240,"Action,Adventure,Indie,Massively Multiplayer,Strategy",9,7,2
363980,"Indie,Simulation",216,178,38
279560,Adventure,19,12,7
1490490,Casual,23,23,0
239090,"Action,Indie",280,261,19
370300,"Adventure,Indie,RPG",29,28,1
1918410,"Action,Adventure,Casual,Racing,Sports,Strategy",0,0,0
420660,"Action,Indie,Racing",110,99,11
1909200,"Casual,Strategy",5,3,2
626010,"Free to Play,Simulation",0,0,0
1383830,"Casual,Indie,Early Access",1,1,0
1282720,"Action,Adventure,Indie,RPG,Early Access",0,0,0
1349030,"Action,Adventure,Casual,Indie,RPG,Strategy",34,23,11
799770,"Casual,Indie",2,2,0
1244530,Indie,12,12,0
944050,"Casual,Indie",1,1,0
571880,"Adventure,Indie,RPG,Simulation",1004,978,26
1216150,"Indie,Simulation",4,4,0
344810,"Simulation,Sports",69,57,12
446250,"Action,Adventure,Indie,RPG",10,8,2
1691860,"Casual,Indie,Strategy",4,4,0
280790,"Action,Adventure,Casual,Free to Play,Indie,Massively Multiplayer,RPG,Simulation",974,819,155
1259640,"Adventure,Indie",134,120,14
1476430,"Casual,Free to Play,Indie",0,0,0
1388280,"Action,Casual,Indie",12,12,0
1794710,Casual,8,2,6
42810,Strategy,65,49,16
1497640,"Casual,Indie,Strategy,Early Access",487,365,122
434510,"Action,Free to Play,Indie",8,8,0
1841580,Indie,0,0,0
923350,Casual,5,4,1
1386460,"Adventure,RPG",0,0,0
781950,"Casual,Indie",1,1,0
495600,"Action,Casual,Indie,Strategy",2,2,0
1103160,"Action,Casual,Sports,Early Access",2,2,0
955030,"Adventure,Indie,RPG,Early Access",0,0,0
261180,"Action,Indie,Sports",2384,2291,93
1507850,"Action,Adventure,Casual,Indie,RPG",5,4,1
300540,"Adventure,Indie,RPG",12,10,2
1363290,Indie,5,1,4
304580,"Casual,Simulation",77,38,39
1277710,"Action,Adventure,Casual,Indie",9,7,2
1184460,"Action,Casual,Indie,Racing",0,0,0
994910,"Casual,Free to Play,Massively Multiplayer,Simulation",0,0,0
655160,"Adventure,Free to Play,Indie,Simulation",0,0,0
1225380,"Action,Adventure,Indie",0,0,0
396590,"Action,Indie",25,19,6
1858980,Action,0,0,0
1529800,"Adventure,Indie",3,3,0
1902020,"Adventure,Free to Play,Indie",0,0,0
1666660,"Indie,Simulation,Early Access",14,10,4
1897990,"Action,Casual,Indie",1,1,0
384960,"Action,Casual,Indie,Strategy",202,162,40
649950,"Action,Adventure,RPG",1165,820,345
1213810,"Action,Adventure,Indie",1,0,1
1535060,"Action,Free to Play,Indie,RPG,Strategy",0,0,0
796840,Indie,7,6,1
585990,"Adventure,Free to Play,Indie",7,6,1
1601380,Adventure,6,5,1
1172190,Adventure,40,31,9
37970,Casual,10,9,1
1478650,"Adventure,Strategy",89,75,14
1129110,Adventure,0,0,0
1867280,"Action,Adventure,Casual,Simulation",30,29,1
1048710,"Action,Casual,Indie",15,11,4
1148290,"Action,Indie",3,3,0
823130,"Action,Free to Play,Indie",10689,9651,1038
1646880,"Casual,Indie,Racing",2,2,0
1402020,"Action,Adventure,Free to Play,Indie,Early Access",0,0,0
701420,"Adventure,Casual",19,18,1
666640,Strategy,4,2,2
558260,"Racing,Sports",267,199,68
683940,"Indie,Simulation",165,130,35
1268140,"Indie,Simulation,Strategy",3,3,0
495450,Design & Illustration,0,0,0
1844990,"Casual,Indie",2,1,1
905260,"Action,Adventure,Indie",0,0,0
251870,Adventure,957,851,106
1252410,"Action,Adventure,Indie",57,57,0
577690,"Action,Adventure,Indie",1163,1107,56
654910,Indie,42,37,5
1090650,"Adventure,Casual,Indie",0,0,0
1820330,"Action,Adventure,Indie",0,0,0
591390,"Action,Indie",1,1,0
1273110,"Action,Adventure,Casual,Indie",70,65,5
1312510,"Indie,Simulation",0,0,0
763410,"Action,Free to Play,Indie",0,0,0
927860,"Action,Adventure,Casual,Free to Play,Indie,Early Access",0,0,0
1589340,"Casual,Indie,Simulation",1,1,0
588930,"Action,Adventure,Indie",19,16,3
436400,"Action,Adventure,Racing,RPG,Simulation",25,21,4
1472550,Indie,3,0,3
1206050,"Action,Indie",8,8,0
2016540,"Indie,Strategy",11,11,0
1234030,Adventure,2,2,0
483960,"Adventure,Casual",148,90,58
1609800,"Action,Indie",1,1,0
1815580,Adventure,10,10,0
548560,"Indie,RPG,Simulation,Strategy,Early Access",57,37,20
1691010,"Action,Adventure,Casual,Indie",4,0,4
1264500,"Action,Adventure,Casual,Free to Play,Indie,RPG,Simulation,Sports,Strategy",0,0,0
1572050,"Casual,Indie,Racing,Simulation",0,0,0
1438760,"Casual,Indie",0,0,0
932120,"Adventure,Casual,Indie",5,4,1
878610,"Adventure,Casual,Indie,Strategy,Early Access",0,0,0
1855380,"Action,Adventure,Indie,RPG,Early Access",1,1,0
19320,"Action,Indie,Casual",3,2,1
1564630,"Action,Casual,Indie,Strategy",10,6,4
63000,"Action,Casual,Indie,Strategy",379,324,55
865250,"Casual,Indie,Simulation,Early Access",85,60,25
831260,"Casual,Indie",3,3,0
1362300,RPG,3,3,0
583490,"Casual,Indie",25,16,9
1080990,"Adventure,Indie,RPG",1,1,0
765370,"Adventure,Indie,Strategy",3,0,3
568780,"Indie,Simulation,Strategy",14,8,6
1049660,"Action,Adventure,Free to Play,Indie,Massively Multiplayer,RPG",0,0,0
416760,"Adventure,Casual,Indie,RPG,Simulation",32,19,13
257930,"Indie,Simulation,Strategy,Early Access",186,11,175
1091270,"Adventure,Casual,Indie",9,6,3
373290,"Action,Indie,RPG",51,25,26
911630,"Adventure,Casual,Indie",0,0,0
1410200,"Action,Indie,Racing",8,8,0
1862030,"Action,Free to Play,Indie,Simulation",0,0,0
1082990,"Casual,Indie",0,0,0
1218320,"Action,Adventure,Indie,RPG",0,0,0
1607670,"Action,Adventure,Indie",74,73,1
1571230,"Casual,Indie",1,1,0
542850,"Action,Indie",0,0,0
998470,"Casual,Indie,Simulation",20,14,6
1438680,"Action,Casual,Indie",0,0,0
1700940,"Casual,Indie",21,14,7
1705930,"Adventure,Indie",67,65,2
1663410,"Action,Adventure,Indie",15,14,1
1334830,"Action,Adventure,Indie",5,4,1
1507950,"Adventure,Indie",3,3,0
511350,"Sexual Content,Casual,Indie,Simulation",130,125,5
1560390,Casual,1,0,1
660730,"Indie,Massively Multiplayer,Simulation,Strategy,Early Access",9,5,4
1556960,"Action,Adventure,Indie",1,1,0
1502970,RPG,104,96,8
1098080,"Action,Adventure,Indie",94,77,17
622880,"Violent,Adventure,Indie",11,6,5
721950,Action,11,4,7
788200,"Action,Indie",2,0,2
1036620,"Action,Adventure,Casual,Indie",0,0,0
2062660,"Indie,Racing,Simulation,Early Access",1,1,0
292660,Adventure,80,61,19
1872730,Casual,0,0,0
488824,Action,2,1,1
827290,"Adventure,Indie",249,244,5
1269310,"Design & Illustration,Utilities,Game Development,Early Access",41,39,2
1836890,"Action,Casual",0,0,0
1567770,"Indie,RPG",1,1,0
626660,"Adventure,Indie",85,73,12
829610,Indie,2,1,1
893850,"Adventure,Indie,RPG",2306,2132,174
516750,"Indie,Racing,Simulation,Early Access",17265,15961,1304
1320500,"Adventure,Casual,Indie,Simulation",0,0,0
1641840,"Casual,Indie",0,0,0
1399660,Casual,32,32,0
629910,"Action,Adventure,Casual,Indie,RPG,Simulation,Strategy,Early Access",1044,572,472
1329170,"Action,Adventure,Casual,Indie,Massively Multiplayer,RPG,Strategy",0,0,0
1338250,"Action,Free to Play",0,0,0
282100,"Action,Adventure,Casual,Indie,RPG",64,58,6
1884890,Casual,9,9,0
1077250,"Indie,Simulation,Strategy",5,4,1
361600,"Action,Adventure,Indie",12,10,2
1714430,"Casual,Simulation,Strategy",0,0,0
1938990,"Action,Casual,Free to Play,Indie",0,0,0
1098292,Action,2816,2120,696
1816560,"Casual,Early Access",3,3,0
624900,"Action,Casual",1,1,0
1159870,"Action,Casual,Indie",1,1,0
1107580,Adventure,1,1,0
1198390,"Adventure,Casual,Indie",7,4,3
238460,"Action,Adventure,Casual,Indie",20748,20152,596
1202150,Casual,27,18,9
625800,"Violent,Gore,Action,Adventure,Strategy,Early Access",1,1,0
928160,"Indie,Strategy",5,4,1
1366390,"Action,Early Access",4,4,0
277910,"Adventure,Indie,RPG,Simulation",89,59,30
618710,RPG,26,24,2
1179190,"Adventure,Indie,RPG,Simulation,Strategy",1,1,0
1857150,"Adventure,Casual",1,1,0
1770190,"Action,Indie",0,0,0
954780,"Action,Indie",1,0,1
1348040,"Action,Indie",0,0,0
976780,"Adventure,Indie",104,84,20
262370,"Action,Adventure,Indie,RPG,Early Access",14,7,7
1362990,"Adventure,Casual,Indie,Simulation",4,1,3
328070,"Action,Indie",1099,939,160
822710,"Action,Free to Play,Indie,Massively Multiplayer,RPG,Strategy,Early Access",0,0,0
329980,"Adventure,Indie",27,16,11
1275450,"Action,Indie",7,2,5
938980,Indie,17,14,3
1195410,"Indie,RPG,Strategy",22,20,2
1195350,"Adventure,Casual,Indie",5,4,1
1454930,"Casual,Indie",0,0,0
1800600,"Action,Casual",1,0,1
1815660,"Action,Casual,RPG,Early Access",1,0,1
1540830,"Free to Play,Indie",0,0,0
227020,"Simulation,Strategy",142,85,57
1112110,"Adventure,Casual",4,3,1
1309430,RPG,3,2,1
949690,"Free to Play,Massively Multiplayer,RPG",0,0,0
758400,"Action,Adventure,Casual,Indie,Simulation",2,1,1
1036960,"Adventure,Free to Play,RPG",0,0,0
864790,Utilities,10,6,4
445000,"Action,Casual,Indie",5,4,1
1863720,"Adventure,Indie",0,0,0
2061980,"Action,Casual,Free to Play,Indie,Massively Multiplayer,Racing,Simulation,Strategy",0,0,0
1427130,"Action,Adventure,Indie,RPG",1,0,1
227380,"Action,Adventure,Casual",350,267,83
1352070,"Casual,Indie,Racing",0,0,0
1647010,"Adventure,RPG,Simulation,Strategy,Early Access",3,3,0
384750,Simulation,213,101,112
1212440,"Action,Adventure,Indie,RPG",5,5,0
270270,"Action,Indie,RPG",267,156,111
478020,Casual,2,2,0
887900,"Action,Casual,Indie",28,24,4
444580,Adventure,77,27,50
1002360,"Casual,Indie",0,0,0
1448090,"Casual,Indie",0,0,0
496120,"Adventure,Casual,Indie",36,34,2
783060,"Adventure,Casual,Indie",4,1,3
528510,"Casual,Indie",57,42,15
990260,"Indie,Simulation,Strategy",42,25,17
287840,"Action,Adventure,Indie",181,150,31
335430,"Action,Free to Play,Indie",56,46,10
1122440,"Adventure,Casual,Indie",1,1,0
792300,"Action,Adventure,Indie",1331,1059,272
247350,"Action,Indie,Simulation",272,239,33
1666310,Indie,19,17,2
766460,Simulation,2,0,2
1035850,"Action,Adventure,Casual,Indie,Racing",22,22,0
837550,"Action,Adventure,Casual,Indie",2,1,1
964340,Casual,5,4,1
1199370,"Action,Adventure,Indie",33,15,18
1731720,"Adventure,Casual",135,98,37
1779220,Casual,7,6,1
974750,"Action,Casual,Indie,RPG",0,0,0
1225850,"Indie,RPG",0,0,0
1574850,"Casual,Indie,Early Access",6,4,2
1145520,"Action,Casual,Indie",2,2,0
893350,"Action,Adventure,Indie",0,0,0
408760,"Simulation,Sports",82,43,39
1480600,"Action,Casual,Indie,Simulation",4,4,0
409020,Education,0,0,0
1390680,"Free to Play,Audio Production",2,2,0
1788880,"Casual,Simulation,Strategy",2,2,0
251850,"Action,Adventure,Indie",311,239,72
1263490,Casual,6,3,3
3920,RPG,3350,3176,174
1008060,"Casual,Indie",3,3,0
927970,"Action,Casual,Free to Play,Indie",0,0,0
366270,Action,38,31,7
389230,"Casual,Indie,Sports,Strategy",4,1,3
1351370,Simulation,22,20,2
495280,RPG,770,711,59
1253650,Strategy,6,6,0
907000,"Adventure,Casual,Free to Play,Indie",0,0,0
1712430,"Casual,Strategy",0,0,0
696470,"Indie,Simulation",3,1,2
880990,"Sexual Content,Nudity,Violent,Action,Adventure,Indie",7,2,5
1135740,"Casual,Indie,Simulation,Strategy",32,26,6
764410,Indie,1,0,1
1383770,"Action,Casual,Free to Play,Indie,Racing",0,0,0
1180370,"Indie,RPG",2,2,0
1192260,"Adventure,Casual",5,5,0
843630,"Casual,Indie",0,0,0
603350,"Action,Casual,Indie",73,56,17
670180,"RPG,Strategy",19,15,4
459370,"Action,Adventure,Casual,Indie",31,27,4
324090,"Casual,Simulation,Sports,Strategy",18,6,12
1116520,"Adventure,Casual,Indie",26,7,19
1072030,"Action,Adventure,Casual,Indie,RPG",2,2,0
1152800,"Action,Indie,Racing,Simulation",1,0,1
682510,"Adventure,Casual,Indie,RPG,Simulation,Strategy",7,3,4
604490,"Adventure,Casual,Indie,Early Access",566,426,140
1912710,"Action,Adventure,Casual,Indie,Simulation,Strategy",9,9,0
719520,"Action,Indie",42,35,7
943290,"Free to Play,Indie",0,0,0
755540,"Utilities,Video Production,Web Publishing",0,0,0
1000030,"Action,Indie,Simulation,Strategy",1033,991,42
655280,"Action,Indie",3,3,0
1721530,"Adventure,Indie",107,98,9
676620,Indie,6,6,0
1365500,Simulation,0,0,0
1697400,"Casual,Free to Play,Indie",1,1,0
706320,"Action,Casual,Indie,Simulation,Strategy",19,9,10
429350,"Action,Indie",9,8,1
416130,"Action,Adventure,Indie,Simulation",16,10,6
775490,"Action,Casual",15,15,0
2022510,Action,0,0,0
626510,"Adventure,Casual,Simulation",76,64,12
1386110,"Action,Free to Play,Indie",1,1,0
262000,Adventure,469,418,51
1681620,"Action,Indie,Strategy",0,0,0
897210,"Casual,Simulation,Strategy",0,0,0
1489160,"Action,Adventure,Indie,Simulation,Strategy",0,0,0
892630,"Casual,Free to Play,Indie,RPG",2,1,1
496080,Indie,3,2,1
848120,"Adventure,Indie,RPG,Early Access",0,0,0
663540,Indie,5,5,0
408110,"Action,Adventure,Indie,Strategy",41,34,7
289760,"Action,Casual,Indie,Sports,Strategy",241,206,35
1857160,"Adventure,Casual",1,1,0
1500260,"Action,Adventure,Casual,Indie,Strategy",0,0,0
1879220,"Adventure,Casual",10,0,10
977450,"Casual,Free to Play,Indie",0,0,0
474810,"Action,Adventure,Casual,Indie",6,3,3
796490,"Casual,Indie,Strategy",4,4,0
804690,Strategy,0,0,0
1255990,"Casual,Indie,Simulation",40,27,13
1876120,Simulation,0,0,0
1682890,"Casual,Indie",0,0,0
46290,Strategy,94,52,42
23380,RPG,122,77,45
1693050,RPG,0,0,0
1729420,"Action,Casual,Massively Multiplayer",4,2,2
1042980,"Casual,Strategy",31,27,4
1266050,Casual,1,1,0
1017370,"Action,Casual,Indie",0,0,0
1095880,"Adventure,Casual,Indie",1,1,0
1711840,"Casual,Indie,Strategy",20,16,4
667050,"Violent,Gore,Action,Adventure,Casual,Indie,Massively Multiplayer,RPG,Early Access",7,3,4
1015800,"Indie,RPG",21,13,8
2005150,"Casual,Indie",0,0,0
985690,Simulation,1,1,0
1820810,"Action,Casual,Indie",2,2,0
1026810,"Adventure,Indie",1,0,1
1027120,"Indie,RPG,Strategy,Early Access",112,107,5
930110,"Casual,Indie",1,0,1
926120,"Adventure,Casual",6,6,0
466980,"Action,Casual,Indie,Racing",90,68,22
1671090,"Adventure,Casual,Indie,Racing,Sports",3,2,1
1715660,"Casual,Indie,Simulation",0,0,0
434790,"Action,Indie,Strategy",5,1,4
2018350,Casual,3,3,0
436160,"Adventure,Casual,Free to Play",4,2,2
1150640,Simulation,1576,1308,268
105450,"Simulation,Strategy",11174,10130,1044
572580,"Adventure,Casual,Strategy",16,13,3
1471080,"Action,Adventure,Free to Play,Indie",0,0,0
345020,"Action,Adventure,RPG,Early Access",36,28,8
1546280,"Action,Adventure,Free to Play,Indie,Massively Multiplayer,RPG",0,0,0
827530,"Casual,Indie",5,2,3
757030,"Adventure,Casual",23,23,0
211070,"Action,Casual,Strategy",196,129,67
1151530,"Casual,Indie,RPG",32,29,3
418370,"Action,Adventure",15805,14858,947
637090,"Action,Adventure,Strategy",14146,11915,2231
1881270,"Casual,Free to Play,Indie",0,0,0
1553690,"Indie,Strategy",6,1,5
947290,"Action,Adventure,Indie",9,6,3
425600,"Adventure,Indie",74,63,11
467470,"Action,Casual,Indie",13,13,0
872970,"Adventure,Free to Play,Indie",0,0,0
665780,Indie,1,1,0
713390,"Adventure,Casual,Indie",1,0,1
1570000,"Action,Free to Play,Simulation",0,0,0
32000,"Indie,Casual",14,0,14
1849890,"Casual,Indie",22,20,2
382380,"Adventure,Casual,Indie,RPG",125,103,22
930230,"Indie,RPG,Simulation,Strategy,Early Access",62,46,16
1506480,"Casual,Indie",3,1,2
700360,"Action,Casual,Strategy",8,5,3
489220,"Adventure,Indie,RPG",16,8,8
714130,"Adventure,Indie",1,1,0
1728830,"Indie,Simulation",38,38,0
1793190,"Casual,Free to Play,Strategy",0,0,0
1056600,"Action,Indie,Strategy,Early Access",2270,1298,972
844850,"Action,Adventure,Casual,Indie,RPG",197,122,75
1448530,"Free to Play,Sports",0,0,0
1632310,"Adventure,Indie,RPG",0,0,0
814320,"Casual,Indie,Simulation",1,1,0
730030,Casual,16,12,4
1395080,"Action,Adventure,Indie",10,8,2
1732340,RPG,9,6,3
1352590,RPG,1,1,0
644710,Simulation,70,60,10
1762910,Casual,0,0,0
2007280,"Action,Adventure,Indie",2,0,2
718750,"Casual,Free to Play,Indie,Strategy",0,0,0
886200,"Action,Indie",52,52,0
1997880,"Adventure,Indie,Racing,Simulation",8,6,2
1161220,"Action,Adventure,Indie,Early Access",0,0,0
1787730,"Action,Free to Play,RPG",0,0,0
1527060,"Action,Adventure,Casual,Indie,RPG,Simulation,Early Access",61,60,1
1105530,"Free to Play,Indie,Massively Multiplayer,Strategy",0,0,0
1513710,Action,2,2,0
1158940,"Action,Adventure,Casual,Indie,Early Access",718,628,90
903160,"Action,Adventure,Indie,Simulation",1,1,0
2062480,Action,0,0,0
1146890,"Action,Adventure,Indie",2,2,0
744060,Action,499,356,143
1818790,"Casual,Indie",0,0,0
327380,"Adventure,Simulation",53,29,24
429160,"Action,Indie",2,0,2
1825060,"Casual,Indie",0,0,0
300380,"Action,Adventure,Indie,Racing,Simulation",4450,3748,702
208110,"Adventure,Casual",126,72,54
1564340,Adventure,39,37,2
1711480,"Casual,Indie,Simulation",5,5,0
867590,"Action,Adventure,Casual,Indie,RPG",3,2,1
431680,Strategy,9,4,5
1123080,"Adventure,Indie,RPG",1,1,0
852390,"Action,Indie",9,9,0
496940,"Adventure,Indie,RPG",2,2,0
1413590,Indie,1,1,0
433280,Strategy,365,285,80
1572180,"Action,Adventure,Casual,Free to Play,Simulation,Sports",0,0,0
379870,"Free to Play,Indie,Strategy",4,4,0
1777110,"Action,Adventure,Casual,Indie,Racing,Sports",2,1,1
320840,"Action,Simulation",208,164,44
1166710,"Adventure,Casual,Indie",0,0,0
1684910,Indie,2,0,2
1714040,"Free to Play,Strategy",0,0,0
1454160,Simulation,57,46,11
461040,"Action,Casual,Indie",20,17,3
952860,"Adventure,RPG,Strategy",290,244,46
962170,"Adventure,Indie,RPG",1,1,0
1217160,Indie,0,0,0
885290,"Action,Casual,Indie,Racing",5,3,2
733560,Indie,0,0,0
1090300,Casual,0,0,0
1021650,"Adventure,Indie",0,0,0
1610790,"Indie,Strategy",10,10,0
1048350,"Action,Adventure,Indie,RPG,Early Access",74,59,15
1449660,"Casual,Indie",0,0,0
245280,"Action,Adventure",2285,1906,379
808450,"Violent,Gore,Action,Casual,Indie",5,4,1
506960,"Action,Casual,Indie,Simulation,Sports,Early Access",6,2,4
1539600,Racing,0,0,0
320240,"Action,Adventure,Indie",5731,4257,1474
1086680,"Casual,Indie,Simulation",1,0,1
1521410,"Action,Casual,Indie",1,0,1
1129220,"Action,Adventure,Indie,RPG,Simulation",584,525,59
1877460,"Action,Adventure,Indie",1,0,1
844820,"Adventure,Casual,Simulation",2,1,1
1742850,"Casual,Free to Play,Indie,Simulation,Strategy",0,0,0
1808140,"Action,Casual",0,0,0
1318000,"Action,Adventure,Indie,RPG",2,2,0
674930,"Indie,RPG,Simulation",965,877,88
345330,"Action,Adventure,Indie,Strategy",124,94,30
1157670,"Casual,Indie",5,5,0
1018020,Action,230,180,50
759540,"Action,Indie,Early Access",72,58,14
1648100,"Adventure,Casual,Indie,Strategy",24,22,2
696060,"Action,Indie",13,12,1
446390,Action,293,216,77
860770,"Casual,Indie",8,4,4
1151460,"Free to Play,Indie",0,0,0
586710,"Adventure,Casual",6,3,3
846770,"Action,Adventure,Indie,RPG,Simulation",3267,3006,261
585180,"Adventure,Indie,RPG",248,245,3
1932480,Casual,0,0,0
1667160,"Action,Casual,Indie,Early Access",0,0,0
890690,"Action,Adventure,RPG,Strategy",0,0,0
1573390,"Action,Adventure,Indie",13,12,1
457420,"Action,Free to Play,Indie,Simulation",1,1,0
234190,"Action,Indie,Simulation",2057,1797,260
1268730,"Casual,Strategy",0,0,0
367800,"Action,Casual,Indie",3,1,2
971880,"Adventure,Casual,Indie",7,5,2
616750,"Indie,Strategy",17,11,6
1129310,"Action,Indie,Simulation",1758,1607,151
441550,Strategy,589,517,72
1599130,"Action,Adventure,Free to Play,Sports",0,0,0
621780,"Action,Adventure,Casual,Indie,Racing,Simulation",13,5,8
855670,"Adventure,Casual,Indie,Strategy",0,0,0
430930,"Violent,Gore,Indie,Strategy",16,10,6
615780,Adventure,109,86,23
1188630,"Action,Adventure,Casual,Free to Play,Indie",0,0,0
1631830,"Action,Casual,Indie",5,5,0
1274310,Indie,0,0,0
1812130,"Casual,Indie",3,2,1
1398990,"Action,Casual,Indie,Racing",0,0,0
504750,Strategy,7,5,2
372360,RPG,2244,1907,337
1257590,"Action,Indie",0,0,0
467220,"Action,Adventure,Casual,Indie",7,4,3
344800,"Simulation,Sports",65,56,9
61100,"Indie,Casual",77,60,17
879450,"Adventure,Indie",0,0,0
1809160,"Action,Adventure,Casual,Free to Play,Indie,RPG,Early Access",0,0,0
1124260,"Indie,Simulation,Strategy,Early Access",283,182,101
821670,"Casual,Free to Play,Simulation",0,0,0
837900,"Casual,Indie,Simulation",11,5,6
1769160,Casual,0,0,0
473510,"Action,Adventure,Casual,Indie",20,17,3
1809860,"Action,Indie",0,0,0
1535320,"Adventure,Casual,Indie,Strategy",0,0,0
1062480,"Action,Adventure,Indie,RPG,Early Access",4,3,1
1502990,RPG,25,24,1
722080,"Action,Casual,Indie",0,0,0
932310,"Casual,Indie",9,3,6
870940,"Casual,Indie,Early Access",1,0,1
1559570,"Adventure,Casual,Indie,Strategy",16,13,3
1867930,Sports,6,6,0
878640,"Action,Casual,Indie,Strategy",8,6,2
1814150,"Action,Indie,Racing,Sports",3,3,0
1353050,"Casual,RPG",3,2,1
1622640,"Action,Adventure,Indie,RPG,Early Access",1,0,1
261110,Action,1548,1180,368
1216880,"Indie,Strategy",138,108,30
1051060,"Action,Casual,Indie",0,0,0
1152920,"Indie,Simulation",1,1,0
1111760,"Free to Play,Simulation",0,0,0
931840,"Action,Indie",1,1,0
578930,"Action,Indie",124,119,5
292910,Adventure,1156,946,210
397860,"Action,Indie",5,4,1
1241020,"Casual,Strategy",32,19,13
1146280,"Adventure,Indie",0,0,0
1668580,"Free to Play,Massively Multiplayer,Strategy",0,0,0
696560,"Action,Casual,Indie,Simulation",55,46,9
331480,"Adventure,Casual,Indie",671,602,69
1917410,"Adventure,Casual,Indie",6,6,0
264280,"Action,Indie",173,81,92
1601080,"Adventure,RPG,Strategy",4,3,1
1510600,"Action,Indie,RPG",1,0,1
370040,"Indie,RPG,Strategy",14,13,1
1015150,RPG,2,1,1
1106530,"Action,Indie,Strategy",1558,1360,198
1003010,"Action,Adventure,Casual,Free to Play,Indie,RPG,Simulation,Strategy",0,0,0
385840,"Adventure,Indie",12,11,1
559960,"Action,Adventure,Indie,Racing",63,52,11
281750,"Adventure,Casual,Indie",197,158,39
979810,"Action,Adventure,Casual,Indie,RPG",13,5,8
1043690,"Adventure,Indie",21,21,0
1303000,"Action,Casual,Indie",2,1,1
260430,"Casual,Free to Play,Massively Multiplayer,Simulation",94,57,37
757490,"Casual,Free to Play,Indie",0,0,0
1237570,"Action,Casual",13,10,3
1478420,"Action,Adventure,Indie",3,3,0
953230,"Adventure,Indie",97,88,9
1384870,"Action,Casual,Free to Play,Indie",0,0,0
749840,"Adventure,Casual,Indie",78,61,17
457890,"Action,Adventure,Indie",63,57,6
1417130,Indie,0,0,0
621140,"Adventure,Casual,Simulation",3,3,0
940680,"Action,Indie",436,364,72
1637490,"Action,Adventure,Indie",17,14,3
809570,"Sexual Content,Violent,Adventure,Casual",1,1,0
1397360,"Action,Indie,Early Access",0,0,0
955610,Utilities,3,3,0
605790,"Adventure,Casual",4,4,0
37600,"Adventure,Casual,Indie",455,417,38
512740,"Casual,Indie",25,20,5
1611760,"Casual,Indie",3,3,0
16900,"Action,Indie,Simulation,Early Access",5749,5240,509
1435780,"Casual,Simulation,Strategy",25,21,4
1930,RPG,1158,840,318
1890280,"Action,Adventure,Indie",2,2,0
447020,Simulation,6375,5905,470
321390,"Action,Adventure,Casual,Indie,RPG,Simulation,Early Access",7,0,7
1734600,"Action,Adventure",0,0,0
498700,"Action,Adventure,Indie,RPG,Early Access",6,4,2
1193460,"Casual,Indie,Strategy",4,3,1
1140260,"Action,Adventure",1,1,0
502770,"Casual,Indie,Simulation",326,257,69
1122050,"Action,Casual,Indie,Early Access",372,324,48
748110,"Action,Adventure,Indie,Early Access",5,4,1
723050,"Action,Indie,Early Access",0,0,0
1067440,"Action,Casual,Racing",6,6,0
1256670,"Indie,RPG,Strategy",3093,2982,111
810760,"Free to Play,Indie,Simulation",0,0,0
473810,"Action,Adventure,Indie,Massively Multiplayer,Simulation",24,8,16
1604800,"Adventure,Casual,Indie,Simulation",27,27,0
31830,Adventure,218,193,25
555830,"Action,Casual,Indie,Massively Multiplayer",0,0,0
336930,"Action,Indie",14,7,7
1617900,"Action,Indie,RPG,Early Access",22,21,1
708580,"Action,Adventure,Casual,Simulation",198,146,52
964570,"Action,Adventure,Racing,Simulation,Sports",218,181,37
1213770,"Casual,Indie",20,20,0
1003150,"Action,Indie,Simulation",3,1,2
1106920,"Action,Adventure,Casual,Indie,RPG",24,22,2
1639420,"Action,Adventure,Casual,Indie,RPG,Simulation",0,0,0
1059260,"Casual,Indie",0,0,0
1853850,"Adventure,Casual,Indie",1,1,0
1165140,"Casual,Indie",19,11,8
1475170,"Action,Adventure,Casual,Indie",8,7,1
643610,Action,33,24,9
791950,"Adventure,Casual,Indie,Simulation",11,4,7
1501440,Strategy,2,1,1
1063580,"Adventure,Indie,Strategy",164,136,28
250660,"Action,Adventure,Indie",195,127,68
542400,"Action,Indie",102,78,24
1295750,"Adventure,Casual,Indie,RPG",0,0,0
955290,"Action,Adventure,Indie",0,0,0
1221280,"Action,Indie",2,2,0
919610,"Casual,Free to Play,Indie",0,0,0
1450800,"Adventure,Early Access",28,24,4
744800,"Casual,Free to Play,Indie",5,5,0
500750,"Indie,Racing,Simulation,Sports,Early Access",5,3,2
550080,Action,374,316,58
1274400,"Indie,Simulation,Strategy",3,1,2
1022530,"Casual,Indie",6,4,2
1030970,"Adventure,Indie,RPG",1,1,0
1381360,"Action,Adventure,Indie,Simulation",2,2,0
582370,"Action,Adventure,Indie",13,12,1
1478620,Adventure,4,4,0
1017180,"Action,Adventure,Casual,Indie,Simulation,Early Access",6959,6475,484
1253240,"Action,Casual,Indie,Early Access",1,1,0
424640,"Action,Adventure,Indie",12,10,2
909190,"Adventure,Free to Play,Indie",0,0,0
715060,"Action,Casual,Indie",5,2,3
1520280,"Action,Adventure,Casual,Indie,RPG,Simulation",3,3,0
570000,Casual,121,112,9
546700,"Action,Adventure,Indie",48,34,14
1871620,"Casual,Indie,Simulation",59,47,12
1709500,"Casual,Indie,Strategy",51,46,5
34279,Action,3,3,0
719890,"Adventure,Indie,Massively Multiplayer,Simulation,Early Access",2938,2041,897
744440,"Action,Adventure,Indie",1,1,0
1139100,"Action,Adventure,Casual,Indie,Simulation",2,2,0
844380,"Action,Casual,Indie",39,28,11
1105510,"Action,Adventure",1472,1387,85
1355500,Adventure,0,0,0
874260,"Adventure,Indie,RPG",3882,3767,115
1644810,"Action,Simulation,Strategy",2,0,2
1773390,"Action,Adventure,Indie",0,0,0
843010,"Action,Adventure,Indie",21,14,7
708680,"Action,Adventure,Casual,Free to Play,Indie,Early Access",0,0,0
1463730,"Action,Adventure,Simulation",0,0,0
1354460,"Action,Indie",3,2,1
477170,"Action,Casual,Indie,Simulation,Strategy",24,16,8
596270,"Adventure,Casual",4,2,2
686490,"Casual,Indie",8,1,7
427880,"Action,Adventure,Indie",611,374,237
732820,"Action,Adventure,Indie,RPG",1,1,0
48190,"Action,Adventure",5261,4535,726
549740,"Action,Indie,Simulation",19,18,1
841210,"Action,Adventure,Casual,Indie,RPG,Simulation",2,2,0
275200,"Action,Adventure,Indie",947,871,76
860880,"Adventure,Casual,Indie,Simulation,Sports,Strategy",7,6,1
1671220,RPG,1,0,1
1120560,"Adventure,Indie,RPG",328,295,33
661610,"Violent,Gore,Action,Adventure,RPG",1,0,1
1003400,"Adventure,RPG,Strategy",2,2,0
1295510,"Adventure,RPG",1804,1699,105
760630,"Simulation,Sports",78,72,6
1040890,"Casual,Indie,Simulation",0,0,0
974680,"Casual,Indie,Simulation",11,4,7
1125980,"Animation & Modeling,Design & Illustration,Education,Photo Editing,Software Training,Utilities,Game Development",0,0,0
725890,"Casual,Indie,Simulation,Strategy",0,0,0
1070440,"Indie,RPG,Simulation,Strategy",3,3,0
372670,RPG,2,1,1
629360,"Violent,Gore,Indie",3,1,2
428110,"Adventure,Casual",13,10,3
1667550,"Casual,Indie",8,5,3
574520,"Action,Adventure,Casual,Indie,Sports",3,1,2
1712890,"Indie,Strategy",15,14,1
299090,"Indie,Simulation",20,9,11
586380,"Adventure,Casual,Indie",8,5,3
1753010,"Casual,Indie,Simulation",12,10,2
1833850,"Action,Indie",4,4,0
1241250,"Audio Production,Education",0,0,0
1586620,"Casual,Indie,Strategy",13,13,0
487600,Casual,8,7,1
365070,"Adventure,Casual,Free to Play,Indie,Simulation",6,3,3
1892810,Indie,11,11,0
1635440,"Action,Adventure,Early Access",0,0,0
1715720,"Casual,Simulation",1,1,0
1773200,"Adventure,Indie",16,16,0
580560,"Action,Adventure,Indie",3,2,1
1450240,"Adventure,Indie,Strategy",5,4,1
1486660,"Action,Adventure,Casual,Free to Play,Indie,Simulation",0,0,0
1905270,"Casual,Indie,Simulation",20,20,0
1107130,"Action,Adventure,Indie",0,0,0
1343580,"Action,Adventure,Indie",5,1,4
1510460,"Action,Casual,Free to Play,Indie,Massively Multiplayer,Early Access",0,0,0
666800,"Adventure,Casual,Indie,Simulation,Sports,Strategy",16,8,8
953340,Indie,0,0,0
1147560,"Action,Indie",6096,5599,497
212780,"Indie,Simulation,Sports",133,78,55
1768100,Strategy,0,0,0
1846330,Adventure,25,17,8
1291310,Adventure,2,2,0
1309860,"Adventure,Casual",29,25,4
727320,"Action,Indie",3,2,1
549160,"Action,Adventure",60,47,13
1184160,"Action,Adventure,Casual,Indie,Massively Multiplayer,RPG,Simulation,Strategy",857,628,229
1182940,"Animation & Modeling,Design & Illustration,Software Training,Utilities,Video Production",24,16,8
670130,Casual,6,5,1
1486720,"Adventure,Casual",0,0,0
874880,"Action,Casual,Free to Play,Indie,Strategy",0,0,0
726590,Sports,326,262,64
665620,"Action,Adventure,Indie,Simulation,Sports",6,4,2
1941760,"Free to Play,Indie",8,7,1
1134730,"Action,Casual,Free to Play,Indie",0,0,0
802320,"Casual,Indie,Simulation,Sports,Early Access",3,1,2
1292270,"Adventure,Casual,Indie",2,1,1
559260,"Action,Indie,RPG",103,78,25
1218560,"Action,Casual,Indie",2,2,0
1369340,"Casual,Indie",1001,986,15
1300050,"Action,Adventure,Indie,RPG",0,0,0
1894650,Indie,0,0,0
1429820,"Casual,Indie,Simulation",1,1,0
331210,"Adventure,Casual,Indie",12,5,7
1097820,Indie,44,39,5
431640,"Action,Casual,Indie,Simulation",54,19,35
1524710,"Casual,RPG",0,0,0
532190,"Indie,Sports",555,511,44
1212300,"Action,Casual,Indie",7,7,0
536960,"Action,Adventure,Indie,Strategy",16,11,5
1354800,"Casual,Strategy",0,0,0
1674160,Strategy,1,1,0
1450080,RPG,1,1,0
1762520,"Adventure,Indie,RPG",1,0,1
806300,"Casual,Indie",0,0,0
1392690,"Adventure,Simulation",4,1,3
1546870,"Casual,Indie,RPG,Simulation",92,85,7
1045720,"Action,Adventure,Indie",226,213,13
711450,"Action,Adventure,Casual,Indie",4,1,3
604740,"Action,Indie,Racing",121,83,38
887550,Indie,21,19,2
588970,"Casual,Indie",259,231,28
1405170,Casual,5,4,1
1779560,"Action,Indie",62,62,0
1424500,"Action,Adventure",3,3,0
1089000,Utilities,3,3,0
1432680,"Adventure,Casual,Indie",11,9,2
1610060,"Adventure,Casual,Indie",1,0,1
56437,Strategy,3630,3275,355
589100,"Adventure,Indie",16,13,3
1971360,Simulation,1,1,0
383100,Strategy,55,53,2
1277970,"Action,Free to Play,Indie",0,0,0
319450,"Adventure,Indie",117,98,19
1526360,"Action,Adventure,Casual,Indie,Massively Multiplayer,Simulation",0,0,0
1364400,"Adventure,Indie,Strategy",4,3,1
1013580,"Casual,Indie",6,5,1
1240290,"Action,Free to Play,Indie,Massively Multiplayer",0,0,0
1013600,"Indie,RPG",6,6,0
345260,"Action,Strategy",984,659,325
814640,"Adventure,Strategy",2,2,0
1488200,"Adventure,Indie,RPG,Strategy",2774,2671,103
1173610,"Action,Casual",1,1,0
260210,"Action,Adventure",984,469,515
1014470,"Adventure,Indie,RPG",0,0,0
343440,"Action,Casual,Indie,Racing,Simulation",442,385,57
1753250,"Action,Adventure,Casual,Indie",0,0,0
1149910,"Action,Adventure,Simulation",2,2,0
914690,Action,229,180,49
896880,"Action,Adventure,Casual,Indie",10,7,3
1602100,"Action,Casual,Indie",0,0,0
1243930,"Action,Adventure,Indie,Strategy",3,2,1
800620,"Adventure,Indie,RPG",233,226,7
1930100,Casual,1,1,0
953580,"Casual,Simulation",476,299,177
1390580,"Action,Adventure,Indie",0,0,0
339600,"Free to Play,Massively Multiplayer,Strategy",44,21,23
1779960,Casual,32,30,2
736260,Indie,8396,8239,157
1531540,"Simulation,Strategy",1326,862,464
576540,"Action,Casual,Indie",9,4,5
1298620,"Action,Adventure,Casual,Indie,Early Access",7,7,0
1318150,"Indie,RPG,Simulation",2,0,2
1436040,"Action,Casual,Indie",2,1,1
1525620,"Casual,Indie",71,58,13
997480,Casual,7,7,0
1776120,"Action,Adventure,Casual,Indie,Strategy",0,0,0
659000,"Action,Indie,RPG,Early Access",0,0,0
1274440,"Action,Adventure,RPG,Early Access",5,4,1
1895780,"Casual,Free to Play",0,0,0
927190,"Action,Adventure,Casual,Indie,RPG,Simulation",7,5,2
1227760,"Action,Adventure,Indie,RPG",5,2,3
1193530,"Casual,Indie",3,2,1
383710,Action,13,7,6
266210,"Indie,RPG",2351,2221,130
1831720,"Adventure,Casual,Indie",2,2,0
250400,"Action,Adventure,RPG",4474,3398,1076
1141120,"Adventure,Indie",17,15,2
1038380,"Adventure,Casual",4,4,0
1393120,"Adventure,Casual,Indie",10,9,1
495910,"Action,Adventure,Free to Play,Massively Multiplayer,RPG",53,38,15
1241690,"Action,Indie",0,0,0
661440,"Adventure,RPG",2,1,1
466660,"Adventure,Free to Play,Indie,Massively Multiplayer,RPG",65,53,12
9730,Simulation,114,42,72
580930,Action,10,4,6
327920,Adventure,19,10,9
1552400,"Action,Indie",3,3,0
928660,"Casual,Indie",14,12,2
214870,Action,772,545,227
1251630,"Action,Casual,Indie,Early Access",0,0,0
1553910,"Action,Adventure,Casual,Indie,RPG,Simulation",60,50,10
266470,"Action,Indie,Simulation,Early Access",42,24,18
307110,"Action,Indie,Simulation",2248,1955,293
1372280,Action,3340,2974,366
363090,Strategy,11,9,2
1250280,"Adventure,Indie,RPG",0,0,0
1380110,"Education,Game Development",1,0,1
519080,"Action,Adventure,Indie,RPG",61,48,13
348740,"Action,Adventure,Indie,Strategy,Early Access",2,0,2
758320,RPG,81,59,22
1391250,"Action,Casual,Free to Play,Indie",0,0,0
1795410,"Casual,Massively Multiplayer",4,4,0
503050,Casual,1,1,0
376880,"Action,Indie,Simulation,Early Access",40,21,19
559140,"Action,Casual,Simulation,Sports,Early Access",3,1,2
1188900,Indie,26,23,3
666110,"Violent,Action,Casual,Simulation",1,0,1
1146250,"Casual,Indie",2,1,1
432390,"Action,Indie,Early Access",2,2,0
1280700,"Indie,RPG,Early Access",0,0,0
209100,Action,1412,699,713
391270,"Adventure,Free to Play,Indie",44,37,7
449610,"Action,Adventure,Indie",624,556,68
1803630,"Action,Casual,Indie",1,1,0
504610,"Action,Casual,Indie",0,0,0
1457630,"Action,Adventure,Casual,RPG,Strategy",4,2,2
644610,"Action,Casual,Indie,Simulation,Sports,Early Access",10,5,5
1836120,"Action,Adventure,Casual,Indie",62,58,4
703060,Utilities,0,0,0
922700,"Adventure,Casual,Indie",23,22,1
1862280,"Adventure,Casual,Indie",0,0,0
1111960,Strategy,2,2,0
1304690,"Action,Adventure,Casual,Indie,Early Access",8,6,2
1387170,Casual,12,8,4
1693230,"Sports,Strategy",8,7,1
697710,"Casual,Indie",9,9,0
1559330,Casual,14,13,1
517780,"Indie,Strategy",164,114,50
924810,"Casual,Free to Play,Simulation",0,0,0
1318550,"Action,Indie",8,6,2
1474440,"Casual,Free to Play,Strategy",0,0,0
1530130,"Action,Adventure,Indie,Sports",9,8,1
796100,"Adventure,Casual",3,3,0
1645920,"Action,Casual",2,2,0
1446850,"Casual,Indie",81,60,21
1505430,"Action,Adventure,Indie",5,5,0
648530,"Adventure,Indie,RPG",3,1,2
1145490,"Action,Indie,Strategy",11,8,3
538510,"Adventure,Casual,Indie",4,1,3
1096010,"Casual,Indie,Racing,RPG,Simulation,Strategy",30,17,13
821230,"Action,Casual,Indie",19,17,2
1559870,"Action,Casual,Indie,Racing",1,0,1
1285960,Action,3,3,0
1181130,"Adventure,Casual,Indie,RPG,Simulation,Sports",17,13,4
800280,"Action,Adventure,Casual,Indie",1,1,0
650940,"Indie,RPG",247,212,35
789280,"Action,Indie",3,3,0
1264710,"Casual,Early Access",290,269,21
696310,"Adventure,Indie",1,1,0
1100900,"Action,Indie,RPG",5,5,0
1528920,"Action,Free to Play,Indie,RPG",0,0,0
864310,RPG,1,1,0
11360,Indie,213,151,62
296530,RPG,38,17,21
1073020,"Indie,Simulation,Strategy,Early Access",2,1,1
1360290,"Action,Adventure",5,3,2
1746080,"Adventure,Indie",13,6,7
1243640,"Adventure,Indie",0,0,0
628800,"Action,Indie",82,76,6
1351650,"Action,Adventure,Casual,Indie,RPG",2,2,0
2058310,"Casual,Simulation",0,0,0
1727910,"Action,Indie,RPG,Early Access",0,0,0
981750,"Action,RPG",310,250,60
279900,"Adventure,Indie",80,57,23
1208950,"Casual,Indie,Simulation,Strategy",13,7,6
1172820,"Action,Indie",0,0,0
1154850,"Action,Adventure,Indie,RPG",284,254,30
250680,"Adventure,Indie,RPG",698,481,217
498360,"Casual,Indie",1,1,0
1444430,"Casual,Indie,Strategy",2,2,0
1683300,"Casual,Indie",7,6,1
1692000,Adventure,4,0,4
710600,"Adventure,Casual,Indie",48,41,7
379290,"Action,Casual,Free to Play,Indie,Sports",10,5,5
1835810,"Indie,Simulation",61,59,2
1064910,"Adventure,Indie",5,5,0
1302480,"Adventure,Indie,RPG,Early Access",3,0,3
1027230,Indie,6,5,1
503480,"Action,Adventure,Casual,Indie,RPG",26,15,11
786280,"Action,Indie,Massively Multiplayer",4,3,1
1023650,Action,2,1,1
1483780,"Adventure,Indie",157,143,14
1523360,Casual,13,6,7
849163,"Action,Adventure",0,0,0
1642350,"Casual,Indie",1,0,1
1763060,"Action,Indie",2,2,0
427240,"Action,Adventure,Indie,Strategy",330,294,36
775920,"Indie,RPG,Strategy,Early Access",1,0,1
960150,"Action,Adventure,Indie,RPG",4,2,2
1351880,"Action,Casual,Indie,Early Access",9,6,3
1639920,Casual,10,9,1
1402780,"Action,Adventure,Casual,Indie",0,0,0
831590,"Casual,Free to Play,Simulation",0,0,0
1045930,"Adventure,RPG",7,6,1
314120,"Indie,RPG",13,9,4
1900,Strategy,294,173,121
570860,"Action,Casual,Indie,Sports",29,25,4
1223390,"Indie,RPG",9,8,1
1716280,"Audio Production,Utilities,Video Production",1,1,0
1024220,"Action,Indie,Early Access",6,1,5
1723740,"Casual,Free to Play,Indie",0,0,0
1406040,"Adventure,Casual,Indie,RPG",0,0,0
1046060,"Adventure,Casual",3,3,0
338170,"Action,Indie",1860,1691,169
608800,"Action,Adventure,Indie,Simulation",424,338,86
1141660,"Adventure,Indie",0,0,0
1165380,"Adventure,Casual,Indie",28,18,10
1226000,"Indie,Simulation,Strategy,Early Access",70,57,13
1885690,"Simulation,Early Access",71,67,4
1153800,"Action,Adventure,Casual,Indie,Early Access",0,0,0
1715370,"Adventure,Indie,RPG,Early Access",7,7,0
407290,Indie,47,29,18
404170,"Adventure,Casual,Indie",59,52,7
691720,"Action,Indie",6,4,2
664560,"Casual,Indie",3,2,1
1277160,"Casual,Indie,RPG",1,0,1
364700,"Action,Indie",6,5,1
259640,"Action,Adventure,Indie",70,25,45
573130,"Adventure,Indie",219,183,36
1556160,"Action,Adventure,Casual,Indie",7,7,0
1191790,Casual,4,2,2
1994510,"Adventure,Indie",1,1,0
768310,"Action,Indie",0,0,0
1337280,"Casual,Indie",26,23,3
1706550,"Action,Adventure,Indie,Early Access",0,0,0
1582620,"Action,Free to Play",0,0,0
1116260,"Action,Adventure,Casual,Indie,Simulation",18,16,2
435260,"Indie,Strategy",21,16,5
1343400,"Free to Play,Massively Multiplayer,RPG",44,43,1
1250440,"Action,Adventure,Indie",169,158,11
1643590,"Action,Adventure,Casual,Free to Play,Indie",0,0,0
1747050,"Adventure,Indie",116,114,2
364390,"Adventure,Indie",430,401,29
625180,"Casual,Indie,Simulation",8,1,7
1149070,"Action,Casual,Indie",0,0,0
315840,"Action,Indie,RPG,Early Access",372,329,43
516820,"Action,Indie",41,39,2
1112940,"Adventure,Indie,RPG",0,0,0
1495050,Casual,0,0,0
61730,"Action,Casual,Indie",169,158,11
1881180,"Casual,Indie,Simulation",10,10,0
1599930,"Action,Adventure,Indie,Simulation,Strategy",1,1,0
33320,"Action,Adventure",748,512,236
1419730,"Casual,Indie,Strategy",72,59,13
802690,"Casual,Indie,Simulation",16,9,7
262450,"Casual,Indie,Strategy",268,218,50
377760,"Casual,Indie",97,85,12
597060,"Indie,RPG",8,7,1
1539080,"Action,Adventure,RPG,Strategy",1,0,1
365320,Indie,64,44,20
1343370,"Adventure,Free to Play,Massively Multiplayer,RPG",14,11,3
755500,"Action,Adventure",921,755,166
1714460,"Action,Adventure,Indie",32,27,5
746390,"Audio Production,Software Training,Utilities,Video Production,Web Publishing",24,16,8
542940,"Casual,Free to Play,Massively Multiplayer,Simulation,Sports",0,0,0
1127680,"Action,Indie",32,32,0
373920,"Action,Adventure",183,96,87
422270,"Indie,Simulation,Strategy",20,5,15
720950,"Casual,Indie",2,2,0
951760,Casual,8,2,6
1668170,"Casual,Free to Play,Indie,Racing,Early Access",0,0,0
1742480,"Adventure,Indie,RPG",1,1,0
700570,"Free to Play,Indie,Strategy",0,0,0
764540,"Action,Indie",3,1,2
467710,"Casual,Indie",10,8,2
1692060,"Adventure,Indie",18,18,0
1397230,Casual,3,2,1
1499430,"Indie,Simulation",3,1,2
941460,"Action,Indie,RPG,Early Access",1789,1722,67
547440,"Free to Play,Indie,Simulation",0,0,0
349670,"Action,Indie,Simulation,Strategy,Early Access",9,4,5
1210960,"Casual,Indie",1,1,0
1597480,"Action,Free to Play",0,0,0
1141030,"Adventure,Indie",0,0,0
271900,"Casual,Indie,Strategy",988,940,48
753990,"Action,Adventure,Indie,Simulation",7,3,4
1593930,"Adventure,RPG",0,0,0
681780,"Action,Adventure,Indie",8,0,8
1124410,"Adventure,Indie,RPG",3,3,0
698340,"Racing,Sports",0,0,0
520270,Simulation,44,32,12
982990,"Action,Adventure,Indie",4,3,1
1052210,"Adventure,Indie",16,12,4
1088830,Simulation,0,0,0
1584980,"Free to Play,RPG",0,0,0
1660490,"Casual,Indie,Sports",3,3,0
1177820,"Casual,Indie",2,2,0
1423720,"Action,Indie",14,11,3
820240,"Action,Adventure,Indie",39,25,14
568310,"Action,Adventure,Simulation,Early Access",7,7,0
1714760,"Strategy,Early Access",0,0,0
426290,"Adventure,Indie,Simulation",43,34,9
1368960,"Casual,Simulation,Sports,Strategy",12,8,4
1681520,"Adventure,RPG,Simulation",6,6,0
1509810,"Action,Adventure,Indie,RPG,Early Access",4,4,0
1109080,"Action,Casual,Indie",2,2,0
17330,Action,1173,980,193
1406000,"Action,Casual",9,9,0
923630,"Action,Casual,Indie",5,4,1
1602810,"Adventure,Indie,Simulation,Strategy,Early Access",2,2,0
1783900,"Action,Adventure,Indie,Simulation",1,0,1
1360500,"Action,Indie,Massively Multiplayer",0,0,0
857020,"Action,Adventure,Casual,Indie",6,3,3
1425070,"Action,Adventure,Indie",8,6,2
1590570,"Adventure,Free to Play,Indie,RPG,Strategy",0,0,0
982670,"Action,Adventure,Casual,Indie",8,5,3
370940,"Action,Indie",14,12,2
1246870,"Adventure,RPG,Simulation",29,20,9
1084910,"Action,Adventure,Indie,Simulation",1,1,0
802730,"Casual,Indie,Simulation",152,128,24
574910,"Action,Adventure,Indie",3,3,0
529180,"Action,Adventure,Massively Multiplayer,RPG,Simulation,Early Access",4652,2541,2111
1571120,"Action,Free to Play",0,0,0
432720,"Action,Adventure,Indie,Early Access",21,14,7
254080,Strategy,89,48,41
1695200,"Adventure,RPG",0,0,0
1268000,Casual,0,0,0
70400,"RPG,Indie",4887,4711,176
1728680,Adventure,8,7,1
1396380,"Action,Adventure,Indie,RPG",37,20,17
875760,"Action,Indie",128,90,38
917200,"Indie,Strategy",7,4,3
355250,Action,345,284,61
668360,Adventure,46,39,7
1135070,"Adventure,Indie",9,6,3
1045130,Adventure,0,0,0
378090,"Action,Casual,Indie",11,7,4
1175690,"Action,Casual,Free to Play",0,0,0
1547170,"Casual,Free to Play,Massively Multiplayer,RPG",0,0,0
1684210,"Indie,Racing",2,0,2
905090,"Action,Adventure",16,7,9
893620,"Adventure,Indie",14,12,2
1785280,"Casual,Indie,Simulation",1,0,1
1064150,"Free to Play,Indie,Racing",0,0,0
1417420,"Action,Adventure,Casual,Indie,Strategy",86,82,4
678950,Action,18550,16843,1707
935540,Indie,1,1,0
942510,"Adventure,Free to Play",0,0,0
1590080,Indie,13,13,0
830500,"Action,Casual,Indie",1,1,0
1284360,"Action,Casual,Indie,Simulation,Strategy,Early Access",0,0,0
1559740,"Adventure,Casual,Indie,RPG",0,0,0
2025550,"Indie,Simulation",2,2,0
227400,"Action,Indie,Massively Multiplayer,RPG",278,179,99
1701580,"Adventure,Indie",0,0,0
985890,"Action,Indie",5276,4925,351
1273380,"Action,Simulation",2,0,2
597190,"Action,Casual,Indie",6,5,1
390880,"Casual,Indie,RPG,Strategy",53,29,24
1728500,"Indie,Strategy",1,1,0
531530,"Action,Indie,Strategy",48,40,8
1241370,"Adventure,Casual,Free to Play,Indie,RPG",0,0,0
682470,Action,9,7,2
764740,"Action,Adventure,Casual,Indie",0,0,0
1329630,Strategy,2,2,0
994500,"Casual,Indie,Sports",38,34,4
289650,"Action,Adventure",14427,10234,4193
1926470,"Action,Adventure,Casual,Indie",0,0,0
787730,"Action,Adventure,RPG",2,1,1
1030380,"Action,Indie,Sports",7,1,6
646430,"Violent,Gore,Action,Adventure,Indie",2,0,2
1828090,"Action,Adventure,Indie,RPG,Strategy",3,1,2
1640710,Indie,23,13,10
1361510,"Action,Adventure,Casual,Indie",3247,3107,140
32770,Action,142,132,10
353340,"Action,Indie",18,14,4
1303140,"Action,Sports",3,3,0
649820,"Action,Adventure,Indie",2,2,0
34288,Action,2,2,0
523670,"Action,Adventure,Casual,Indie",2,2,0
1094290,"Adventure,Indie,RPG",0,0,0
536800,"Action,Adventure,Indie,Strategy",0,0,0
679230,"Adventure,Casual,Indie",12,12,0
938200,"Action,Indie,Racing,Early Access",12,6,6
312630,"Indie,Strategy",115,89,26
1489000,"Casual,Indie",5,5,0
1521930,"Adventure,Casual,Indie",27,27,0
934590,"Action,Casual,Indie",2,0,2
622620,"Adventure,Casual",10,8,2
613010,"Adventure,Indie",8,6,2
1445110,"Casual,Indie,Simulation",0,0,0
440450,"Adventure,Simulation,Early Access",27,15,12
959890,"Adventure,Indie,RPG",72,67,5
601420,"Adventure,Casual",6,5,1
1051890,"Action,Adventure,Indie",7,5,2
878970,"Adventure,Casual,Indie,Strategy,Early Access",0,0,0
1069220,"Casual,Free to Play,Indie,Strategy",0,0,0
1794020,Indie,2,1,1
389710,"Casual,Early Access",3,3,0
298160,"Casual,Free to Play,Indie,Massively Multiplayer,RPG",9,5,4
1969080,Casual,274,269,5
1919700,"Action,Adventure,Indie",1,0,1
1635590,Adventure,98,83,15
1431570,"Adventure,Casual,Indie",105,96,9
317410,"Action,Free to Play,Indie",8,6,2
1693260,Indie,38,38,0
360680,"Action,Adventure,Indie",2,1,1
1678950,"Simulation,Strategy",0,0,0
1692570,"Action,Adventure,RPG",3,3,0
628700,"Adventure,Free to Play,Indie",0,0,0
659540,"Indie,RPG,Simulation,Strategy,Early Access",717,698,19
1199910,"Action,Adventure,Indie",24,15,9
342550,Indie,96,36,60
1777750,Adventure,21,19,2
730690,"Casual,Indie",0,0,0
925070,"Adventure,Casual,Indie",3,1,2
1893310,"Action,Adventure,Indie,RPG,Simulation",9,3,6
1284800,"Casual,Indie",21,18,3
1901970,"Adventure,Casual,Indie,Simulation",4,3,1
2018270,Indie,9,8,1
1727600,"Action,Casual",5,4,1
777820,"Action,Adventure,Casual,Indie",7,5,2
432210,"Action,Adventure,Casual,Indie,RPG,Strategy",10,7,3
1357550,Simulation,0,0,0
396730,"Adventure,Casual,Indie",1,0,1
1547260,"Casual,Indie",1,1,0
1123460,"Adventure,Indie,Simulation,Early Access",0,0,0
1822130,"Action,Adventure,Casual,Free to Play,Indie,Racing",0,0,0
1160330,"Action,Casual,Indie,Sports",182,178,4
1918550,Indie,13,12,1
1513690,"Action,Adventure,Casual,Indie",3,2,1
1202790,"Adventure,Casual,Indie",7,3,4
1480540,"Adventure,Casual,Indie",25,22,3
1233690,"Action,Adventure,Casual,Indie,RPG",68,64,4
518800,"Violent,Gore,Action,Adventure,Indie",8,3,5
999430,"Casual,Simulation",2,2,0
4460,"Simulation,Strategy",71,46,25
554140,"Casual,Simulation",3,2,1
665630,"Action,Indie,Early Access",2,2,0
728440,"Casual,Indie",77,61,16
604550,Adventure,1,0,1
1909020,"Indie,Simulation,Strategy",0,0,0
1241160,"Casual,Indie,Simulation,Early Access",0,0,0
1103510,"Action,Adventure,Indie,RPG,Simulation",0,0,0
386550,Audio Production,15,7,8
708970,"Action,Adventure,Casual,Indie,RPG",4,2,2
1273750,"Adventure,Casual,Indie",73,72,1
444270,"Action,Adventure,Casual,Indie",16,12,4
790300,"Adventure,Casual,Indie,Simulation,Strategy",8,3,5
1728460,"Adventure,RPG",0,0,0
896350,"Indie,Simulation",1,1,0
1176170,"Action,Adventure",25,19,6
1407420,"Adventure,Indie",1014,1011,3
724520,RPG,0,0,0
1113000,RPG,34930,34157,773
1233380,"Adventure,Indie,RPG,Simulation",9,6,3
1122770,"Indie,Simulation",0,0,0
389870,"Adventure,RPG,Strategy",169,110,59
1884390,"Adventure,Casual",14,11,3
1372940,"Casual,Indie",0,0,0
1411940,"Action,Adventure",0,0,0
845630,"Action,Adventure,Indie,Massively Multiplayer,Simulation,Early Access",8,5,3
1061790,"Action,Casual,Indie",0,0,0
527100,"Casual,RPG,Simulation",1781,1369,412
489560,"Action,Adventure,Free to Play,Massively Multiplayer,RPG",1,1,0
904930,"Action,Adventure,Indie",2,1,1
504660,"Adventure,Casual,Indie,RPG",3,2,1
296470,"Indie,Simulation,Sports",2768,2653,115
1564980,"Action,Adventure,Casual",7,7,0
1539040,Strategy,1,1,0
1029730,Sports,18,9,9
802920,Indie,11,8,3
1991590,"Action,Adventure",1,1,0
247307,"Action,Adventure",14,13,1
1284290,Indie,2,2,0
1632030,"Action,Adventure,Indie,RPG,Sports,Early Access",0,0,0
1211700,Action,0,0,0
1646470,"Adventure,Simulation,Early Access",2,2,0
1384490,Indie,25,20,5
323700,"Casual,Indie",22,12,10
1283070,"Casual,Indie,Simulation,Sports",3,3,0
50940,Casual,10,9,1
1983280,"Casual,Simulation",2,0,2
643830,"Action,Indie,Early Access",20,15,5
546210,"Action,Indie,Sports,Early Access",24,12,12
1375780,"Action,Casual,Indie,Simulation",0,0,0
385730,"Simulation,Sports",975,557,418
1882670,"Casual,Indie",3,1,2
864590,"Violent,Action,Casual,Indie,Simulation",0,0,0
410130,Adventure,7,7,0
453770,"Casual,Indie",13,9,4
1392140,"Action,Indie",0,0,0
321890,"Adventure,Casual,Indie,RPG",20,17,3
811070,"Indie,RPG,Simulation,Strategy",11,10,1
615730,Adventure,78,65,13
1710520,"Casual,Indie",1,1,0
1743820,"Action,Adventure,Indie",8,5,3
321980,"Adventure,Indie",371,263,108
910430,"Action,Indie",11,3,8
921390,"Adventure,Casual,Indie,RPG,Simulation",49,36,13
1968240,"Adventure,Indie",0,0,0
390920,"Indie,Strategy",29,25,4
385060,"Indie,RPG,Strategy",33,31,2
603550,"Casual,Simulation,Sports",5,2,3
1412120,"Adventure,Casual,Indie",1,0,1
774261,"Casual,Indie,Simulation",38,30,8
1157300,"Action,Indie",13,13,0
315860,"Indie,RPG",261,179,82
1685850,"Casual,Indie",18,10,8
208520,"Simulation,Strategy",803,481,322
686570,"Casual,Indie,Strategy",27,17,10
910770,"Casual,RPG,Early Access",0,0,0
1412660,Indie,25,25,0
860340,"Action,Casual,Simulation",13,6,7
13600,"Action,Adventure",1227,1034,193
273800,Simulation,16,5,11
591360,"Casual,Free to Play,Simulation",0,0,0
1113880,"Action,Casual,Free to Play,Indie,Massively Multiplayer,Early Access",0,0,0
1491530,"Casual,Indie,Strategy",8,8,0
1368910,"Action,Adventure,Free to Play,Massively Multiplayer",0,0,0
1100920,"Action,Casual,Simulation",5,2,3
254300,"Adventure,Massively Multiplayer,RPG,Strategy",2,2,0
393290,Racing,12,3,9
1841230,"Action,Casual,Indie,RPG,Strategy",0,0,0
1466680,Simulation,17,12,5
1933800,"Action,Casual",3,1,2
1877060,"Action,Casual,Indie,Early Access",2,1,1
513240,"Indie,Racing,Simulation",5,2,3
681540,"Action,Adventure,Indie",0,0,0
792400,"Strategy,Early Access",1,0,1
1907290,"Casual,Simulation,Strategy,Early Access",0,0,0
1446880,Action,0,0,0
502910,"Action,Adventure,Casual,Indie",10,4,6
1098420,"Animation & Modeling,Design & Illustration,Game Development",29,29,0
38210,Casual,126,97,29
1807370,Indie,0,0,0
1104830,"Adventure,Casual,Indie,Strategy",5,4,1
1531790,Adventure,0,0,0
1079320,"Action,Adventure,Indie,RPG,Early Access",56,49,7
1092060,"Casual,Indie",1,0,1
1546770,"RPG,Simulation,Strategy,Early Access",12,10,2
2050450,"Action,Casual,Indie,RPG",10,10,0
526450,"Adventure,Simulation,Strategy",3,0,3
1759580,"Casual,Indie,RPG",0,0,0
546610,"Indie,Racing,Sports,Early Access",3,2,1
610110,"Adventure,Casual",2,2,0
706280,Indie,17,15,2
300550,"Adventure,Indie,RPG,Strategy",3572,3214,358
335090,"Action,Indie,Racing",13,13,0
201510,Racing,986,155,831
200710,"Action,Adventure,Indie,RPG",15936,14937,999
1157960,"Free to Play,Massively Multiplayer,Simulation,Sports,Strategy",0,0,0
1558750,Strategy,2,1,1
1369570,"Casual,RPG,Simulation",0,0,0
1519020,"Indie,Strategy",0,0,0
898290,"Action,Adventure,Indie",1,0,1
888310,"Adventure,Casual,Indie",2,2,0
897450,"Action,Adventure,Casual,Indie",1482,1139,343
453090,"Casual,Indie,Simulation,Strategy",3447,3249,198
573040,"Adventure,Casual,Indie",21,19,2
1497240,"Casual,Indie",0,0,0
766910,"Casual,Indie",1,1,0
1449320,Adventure,56,41,15
370800,"Action,Sports",13,9,4
1332220,"Action,Indie,Simulation,Early Access",8,7,1
897580,"Casual,Indie,Racing",1,1,0
209390,"Sports,Strategy",27,5,22
862220,Education,0,0,0
266840,"Simulation,Strategy",10551,9544,1007
1508570,"Adventure,Indie,Simulation",107,81,26
1314270,"Adventure,Casual,Indie",1,1,0
1203360,"Casual,Indie,Strategy",217,170,47
359610,"Action,Adventure",251,142,109
836770,Adventure,34,21,13
1471550,Casual,0,0,0
2010520,"Casual,Indie",1,1,0
1675140,"Adventure,Casual,Free to Play,Indie",0,0,0
1088960,"Action,Casual,Indie",2,2,0
881610,"Casual,Indie,Strategy",8,3,5
660990,"Violent,Gore,Action,Indie",21,5,16
1229270,"Action,Adventure,Indie",5,5,0
1915800,"Action,Adventure,Casual,Indie,RPG",3,3,0
1100160,"Action,Indie",57,56,1
1089840,"Simulation,Strategy",122,107,15
545960,"Casual,Simulation",40,36,4
236370,"Action,Indie,RPG,Simulation,Early Access",3368,1809,1559
1049030,Action,1,1,0
1251380,"Adventure,Simulation,Early Access",1,0,1
512020,"Action,Adventure,Casual,Indie,Strategy",41,29,12
702200,"Action,Adventure,Indie",9,2,7
1972440,"Action,Indie,Strategy",1003,927,76
1016700,"Action,Adventure,Indie",7,7,0
647930,"Adventure,Casual",4,3,1
1766160,"Casual,Free to Play,Indie,Massively Multiplayer,Strategy,Early Access",0,0,0
1055890,"Casual,Indie,Strategy",9,9,0
1967330,"Indie,RPG",2,2,0
1290780,"Action,Adventure,Indie",10,6,4
440420,"Adventure,Casual",291,264,27
1617090,"Indie,Racing,Simulation",4,2,2
1561990,"Action,Adventure,Indie",0,0,0
1555080,"Action,Casual,Indie",11,11,0
1486890,Racing,0,0,0
1702320,"Action,Adventure,Casual,Free to Play,Indie,Massively Multiplayer,Strategy,Early Access",293,280,13
814200,Adventure,23,16,7
686680,"Indie,Simulation,Strategy,Early Access",464,390,74
1497630,"Adventure,Indie",10,7,3
776490,"Action,Adventure,Indie,RPG",448,384,64
927270,"Action,Adventure,Casual,Indie,Simulation",689,539,150
1600950,"Casual,Indie,Early Access",2,2,0
1583180,"Action,Casual,Indie",3,3,0
1442390,"Adventure,Indie",9,8,1
1211390,"Adventure,RPG,Early Access",0,0,0
1388520,Adventure,1,1,0
329380,"Action,Adventure,Indie",37,25,12
227000,"Adventure,Indie",2008,1967,41
650580,"Indie,Early Access",2,1,1
1206700,Simulation,47,41,6
543360,"Action,Adventure,Casual,Indie,Simulation",10,2,8
251170,Adventure,1151,779,372
323490,"Adventure,Casual,Indie",82,70,12
1165910,Indie,19,14,5
724640,"Casual,Indie,Simulation",9,8,1
1174890,"Indie,Strategy,Early Access",1,0,1
1254430,Indie,0,0,0
542550,"Casual,Indie,Simulation",23,19,4
1015250,"Casual,Indie,Strategy",1,1,0
603930,"Action,Indie",37,26,11
1135120,"Indie,Massively Multiplayer,RPG",8,2,6
574780,Casual,0,0,0
329310,"Action,Adventure,Indie",40,26,14
710110,"Action,Casual,Indie,Simulation,Strategy",19,10,9
1461990,"Casual,Free to Play,Massively Multiplayer,RPG",0,0,0
484930,"Action,Adventure,Indie",23,19,4
1404130,Adventure,26,25,1
1584840,"Action,Casual,Indie,Early Access",146,116,30
306200,"Casual,Strategy",194,148,46
883400,"Adventure,Casual,RPG",0,0,0
991960,"Adventure,Casual,Indie,Simulation,Strategy",15,13,2
1049670,"Action,Casual,Indie",26,23,3
1017900,Strategy,3896,3208,688
351290,"Action,Adventure,Indie,Massively Multiplayer,Simulation",2489,1195,1294
1047800,"Adventure,Indie",3,3,0
1246420,Action,5,4,1
820320,"Casual,Indie",14,10,4
824430,"Casual,Indie",0,0,0
1390390,"Free to Play,RPG",0,0,0
1534590,"Adventure,RPG,Simulation",4,3,1
1717810,"Action,Adventure,Indie",0,0,0
1236670,"Action,Casual,Indie,Early Access",7,5,2
1462430,"Adventure,Indie",31,31,0
1987750,"Casual,Indie,Simulation",0,0,0
843160,"Action,Adventure",8,4,4
494290,"Action,Indie",10,6,4
871140,"Action,Adventure,Indie,RPG",1,0,1
385350,"Action,Indie,Strategy",11,8,3
1491490,Adventure,92,88,4
1909280,"Action,Indie",0,0,0
1297540,"Action,Adventure,Casual,Indie,Simulation",5,5,0
1300890,"Casual,Indie",1,0,1
409280,"Action,Adventure,Indie",15,8,7
366550,Design & Illustration,16,14,2
1159340,"Action,Casual,Indie,Simulation,Strategy,Early Access",0,0,0
1091590,"Action,Indie",15,10,5
1435310,"Action,Adventure,Free to Play,Indie",0,0,0
1645140,"Action,Adventure,Indie",2,1,1
1935160,Casual,3,3,0
1282510,"Indie,RPG,Strategy",9,9,0
254060,"RPG,Strategy",106,65,41
1885820,"Action,Adventure,Indie,Early Access",4,1,3
502990,"Adventure,Casual",2,1,1
553330,"Casual,Indie",3,3,0
1371520,"Action,Adventure,Casual,Indie",14,8,6
975950,"Action,Adventure,Casual,Indie",49,40,9
1585330,Action,0,0,0
1454140,"Adventure,Free to Play,Indie",0,0,0
1318980,"Free to Play,Indie,Simulation",0,0,0
406120,"Action,Casual,Indie",4,3,1
1092800,"Adventure,Indie",15,15,0
655040,"Action,Adventure,Indie,Simulation",5,3,2
727040,Indie,25,21,4
1380760,"Casual,Indie",3,2,1
1879850,"Casual,Indie",7,5,2
1749020,"Action,Adventure,Indie,RPG,Strategy",5,5,0
267490,"Action,Adventure",478,181,297
595260,"Action,Indie",15,9,6
791020,RPG,29,26,3
713930,"Adventure,Casual,Indie",3,2,1
1733610,"Casual,Indie,Simulation",5,2,3
1619450,"Action,Adventure,Indie,RPG",0,0,0
785430,"Indie,RPG,Simulation",4,0,4
1917320,"Casual,Indie",5,4,1
1980980,"Action,Adventure,Casual,Indie,Simulation,Early Access",35,25,10
514400,"Adventure,Casual,RPG,Early Access",12,7,5
1484100,"Action,Adventure,Casual,Indie,Massively Multiplayer,Racing,Simulation,Sports,Strategy,Early Access",3,3,0
788410,"Adventure,Indie",36,31,5
1109130,"Indie,RPG",0,0,0
1743140,"Action,Indie",2,2,0
1970300,"Adventure,Casual,Indie",0,0,0
1147520,"Action,Adventure,Casual,Indie",1,0,1
758980,"Casual,Free to Play,Indie,Massively Multiplayer,Simulation",0,0,0
538040,"Action,Indie,Simulation",2,2,0
1610150,"Action,Adventure",20,10,10
1805980,"Casual,Indie",0,0,0
548220,"Action,Indie",3,3,0
494530,"Action,Adventure,Indie",13,3,10
1212040,"Casual,Indie",5,3,2
829410,"Indie,Strategy",5,3,2
466350,"Action,Adventure,Indie",45,25,20
1410600,"Casual,Indie",3,3,0
1596110,"Action,Casual,Simulation",7,5,2
502120,"Adventure,Casual,Indie,Simulation",24,21,3
407130,"Action,Adventure,Casual,Indie,Simulation",2323,2078,245
1243290,"Action,Casual,Indie,Early Access",3,3,0
655200,"Action,Indie,Simulation,Sports,Early Access",3,3,0
1226250,"Action,Adventure,Free to Play,Indie,Strategy",0,0,0
1661260,"Adventure,Casual,Indie,Simulation,Strategy",0,0,0
986280,"Adventure,Indie",25,24,1
468150,"Action,Indie",5,3,2
355090,Casual,0,0,0
45760,Action,4020,3597,423
1160980,"Action,Adventure,Indie",1,1,0
2076030,"Adventure,Casual,Indie,RPG,Simulation,Strategy",6,5,1
1499120,Adventure,655,637,18
913830,"Casual,Simulation",7,4,3
267060,"Casual,Indie",67,41,26
864430,"Action,Indie",14,10,4
756790,"Casual,Indie,Strategy",5,5,0
1347490,"Simulation,Sports",0,0,0
1275330,"Adventure,Casual,Strategy",2,2,0
767500,"Adventure,Indie",5,5,0
1633930,"Action,Casual",1,1,0
1153120,Adventure,0,0,0
1866310,"Casual,Indie,RPG",1,1,0
1382730,"Adventure,Indie",36,33,3
845040,"Action,Indie,Strategy,Early Access",25,21,4
41500,RPG,2869,2651,218
702790,RPG,5,4,1
561340,"Casual,Indie,Simulation",3,2,1
1788740,"Action,Indie",0,0,0
741490,"Casual,Simulation",17,10,7
1630890,"Action,Adventure",5,4,1
1732650,"Action,Indie,Massively Multiplayer,Sports",21,16,5
1449250,"Adventure,Casual,Indie,RPG,Strategy",0,0,0
1507390,"Action,Casual,Indie,Simulation",1,1,0
593070,"Action,Casual,Indie",24,22,2
677240,"Violent,Gore,Action,Indie,Early Access",7,3,4
225840,"Action,Casual,Free to Play,Indie",126,118,8
446060,"Animation & Modeling,Design & Illustration,Education,Software Training,Video Production,Web Publishing",24,23,1
1690030,"Action,Adventure,Casual,Indie,RPG,Simulation",5,5,0
599390,"Free to Play,Indie,Strategy",0,0,0
869880,"Adventure,Casual,Indie",441,224,217
879660,"Design & Illustration,Education,Utilities,Early Access",2,2,0
1074820,"Adventure,Casual,Free to Play,Massively Multiplayer,RPG",0,0,0
1654330,"Audio Production,Design & Illustration,Utilities,Video Production",6,4,2
975000,Indie,50,39,11
41400,"Action,Indie",19,5,14
378630,"Adventure,Indie",23,19,4
659460,"Action,Indie,Massively Multiplayer",2,2,0
815370,"Action,Adventure,Indie,Simulation",13573,11868,1705
418520,Indie,67,64,3
552030,"Indie,Strategy",54,35,19
485830,"Action,Adventure,Casual,Indie,RPG",15,6,9
1894550,"Adventure,Indie,RPG",1,1,0
1166120,Casual,5,5,0
1683860,"Action,Adventure,Free to Play,Indie",1,1,0
290180,"Action,Adventure,Casual,Indie",12,9,3
250560,"Indie,RPG",686,534,152
1602330,"Adventure,Casual,Indie,Racing,Sports",10,10,0
365290,"Indie,Early Access",3,3,0
526540,"Action,Casual,Indie",40,25,15
1228670,"Adventure,Indie",0,0,0
403980,Simulation,82,11,71
1967750,"Action,Free to Play,Indie",0,0,0
233150,"Action,Indie,Simulation",2327,2147,180
1477630,"Action,Casual,Free to Play,Indie,Racing,Sports,Early Access",0,0,0
1575640,"Action,Adventure,Indie",31,26,5
1624350,"Action,Adventure,Indie",7,6,1
786620,"Action,Indie,Early Access",1,1,0
1266420,"Adventure,Indie",25,21,4
1546190,"Casual,Indie,Simulation",4,1,3
1262920,"Action,Indie",3,2,1
1142000,"Action,Adventure,Casual,Indie",0,0,0
102810,"Action,Adventure,Indie",58,48,10
1165740,"Casual,Indie",2,2,0
1144520,"Action,Adventure,Casual,Indie",2,0,2
1581750,"Action,Indie,Simulation,Early Access",1,1,0
1077560,"Adventure,Casual,Indie",0,0,0
1845780,"Casual,Indie",0,0,0
1675100,"Action,Casual,Indie,Racing",5,5,0
1400350,"Adventure,Casual,Indie",1,1,0
1872250,"Action,Adventure,Indie,Early Access",0,0,0
674150,Adventure,38,23,15
1802870,"Adventure,Casual,Indie,Simulation",170,147,23
794940,"Casual,Indie,Strategy",40,37,3
906770,Action,16,9,7
1338160,"Action,Indie",0,0,0
346040,"Action,Adventure,Indie",37,17,20
725340,"Casual,Free to Play,Indie,Strategy",0,0,0
1706870,Casual,24,22,2
404620,"Casual,Indie,Simulation,Strategy",557,435,122
227200,"Action,Adventure,Indie",494,447,47
796460,"Casual,Indie,Simulation",16,7,9
1244210,"Casual,Indie",2,2,0
1578920,"Action,Indie,Strategy",3,3,0
1198600,"Action,Indie",19,18,1
1405790,"Action,Strategy",114,78,36
382140,"Adventure,Indie,Simulation",455,301,154
639730,Adventure,6,4,2
1070300,"Casual,Indie,Simulation,Sports,Strategy",3,2,1
1563850,Casual,24,16,8
369370,Strategy,30,13,17
978110,"Action,Adventure,Indie",0,0,0
683220,"Casual,Indie,Simulation",15,8,7
975700,"Adventure,Free to Play,Indie,RPG",0,0,0
326840,"Action,Adventure,Indie",292,239,53
786370,"Action,Free to Play,Indie",0,0,0
448310,"Casual,Free to Play,Strategy",3,1,2
347720,"Action,Simulation",410,390,20
422910,"Indie,Simulation,Strategy",436,424,12
1848250,"Adventure,Casual,Indie",0,0,0
1844030,Sports,0,0,0
1418460,"Action,Adventure,Casual,Indie",5,4,1
1187870,"Action,Adventure,Indie,Simulation,Early Access",8,7,1
702430,"Sexual Content,Violent,Action,Indie,Massively Multiplayer,Racing,RPG,Simulation",19,9,10
3340,Casual,50,36,14
752600,"Adventure,Casual,Indie",7,7,0
1696090,"Action,Indie",8,8,0
351730,"Adventure,Casual,Indie,Simulation,Strategy",62,41,21
1208420,"Casual,Free to Play,Indie",0,0,0
256070,Racing,44,35,9
780520,"Action,Adventure,Casual,Indie,Strategy",3,3,0
1101340,"Action,Casual,RPG,Simulation,Early Access",0,0,0
1581420,Sports,6,4,2
612540,Strategy,51,34,17
1300140,"Adventure,Indie,Massively Multiplayer,RPG,Simulation,Strategy",0,0,0
349540,"Indie,Simulation,Strategy",29,13,16
920640,"Action,Casual,Free to Play,Indie",2,2,0
433120,Indie,7,2,5
776970,"Violent,Gore,Action,Adventure,Casual",1,0,1
2390,Action,518,486,32
1345050,"Action,Adventure,Indie,Simulation,Strategy",0,0,0
1378670,"Casual,Free to Play,Indie",0,0,0
638110,"Casual,Free to Play,Simulation",0,0,0
448300,"Action,Adventure,Indie,Early Access",1,0,1
1013890,"Action,Casual,Indie,RPG,Simulation",2,1,1
289580,Strategy,42,15,27
357920,"Action,Indie,Simulation,Early Access",24,7,17
294190,"Adventure,Indie",2,2,0
1173240,"Casual,Indie,Simulation,Strategy",1,0,1
406850,"Action,Indie,Strategy",147,120,27
1210110,"Adventure,Indie",278,191,87
1425370,"Action,Indie,RPG",4,4,0
786020,"Action,Adventure,Casual,Indie,RPG,Strategy",0,0,0
1591500,"Casual,Indie,Strategy",0,0,0
1335430,"Action,Casual,Indie,Strategy",1,1,0
1707870,"Casual,Indie",101,94,7
349190,"Casual,Indie,RPG,Strategy,Early Access",21,11,10
1552730,"Casual,RPG,Simulation",16,7,9
1215690,"Action,Indie,Simulation",2,1,1
37290,Casual,8,7,1
1976590,"Action,Adventure,Strategy,Early Access",0,0,0
1678090,"Action,Early Access",13,5,8
1476690,"Casual,Indie",0,0,0
1007840,"Action,Adventure,Indie,Simulation",176,144,32
15740,"Action,Adventure,Strategy",609,469,140
338130,Strategy,88,61,27
1674720,"Action,Adventure,Indie,Early Access",8,6,2
604060,"Adventure,Indie,RPG,Strategy",3,2,1
399040,"Casual,Indie",47,40,7
599420,"Action,Casual,Indie",1,1,0
1454390,"Casual,Indie,RPG",6,4,2
674380,"Adventure,Casual,Indie,RPG,Simulation",11,6,5
1385830,"Action,Adventure,Casual,Indie,Simulation,Sports",0,0,0
375290,"Action,Indie",6,5,1
954880,"Animation & Modeling,Design & Illustration,Photo Editing",21,16,5
1386680,"Action,Casual,Indie",0,0,0
1235980,"Casual,Indie,Massively Multiplayer,Racing",0,0,0
296050,RPG,56,38,18
1128480,"Casual,Free to Play,Indie",1,0,1
1076880,Indie,221,212,9
521320,"Indie,RPG",0,0,0
1697250,"Action,Adventure,Casual,Indie",0,0,0
869100,"Sexual Content,Adventure,Indie,Simulation",6,5,1
1662090,Action,6,6,0
1390490,"Action,Adventure,Indie",29,26,3
1203580,"Adventure,Casual,Indie,Simulation,Strategy",5,4,1
1370550,"Casual,Indie",2,2,0
2004430,"Adventure,Casual,Indie,Simulation",3,3,0
1117880,"Action,Casual,Indie",32,29,3
1388900,"Adventure,Casual,Indie",1,0,1
1830780,Casual,20,15,5
406840,Software Training,0,0,0
714800,Casual,167,155,12
39360,Casual,0,0,0
1739160,"Adventure,Casual,Indie",0,0,0
944440,"Action,Casual",2,2,0
1729770,"Casual,Indie",4,2,2
644870,"Adventure,Casual,Indie,RPG,Simulation,Strategy",7,7,0
1579690,Action,2,1,1
1632010,Casual,21,7,14
651090,"Free to Play,Massively Multiplayer,Simulation",0,0,0
1838140,"Adventure,Casual,Indie",10,8,2
253570,"Action,Indie",9,7,2
1623090,"Action,Casual,Indie,Simulation",13,10,3
836400,"Casual,Indie,Sports,Early Access",1,1,0
2050840,Adventure,0,0,0
1034460,Indie,0,0,0
621010,"Action,Indie,Sports",24,23,1
1211230,"Action,Adventure,Indie,Early Access",0,0,0
1967110,"Adventure,Free to Play,Indie,RPG",0,0,0
1933050,"Action,Indie,Racing,Early Access",36,31,5
58230,"Adventure,Casual,Indie",37,35,2
343840,"Adventure,Indie",33,28,5
1371940,"Action,Adventure,Indie",5,5,0
1763990,"Action,Adventure,RPG,Early Access",10,9,1
1869880,"Casual,Free to Play",0,0,0
502100,"Casual,Indie",16,10,6
748970,Casual,129,114,15
1484720,"Action,Indie",1364,1304,60
1903490,Indie,10,9,1
713550,"Action,Casual,Indie,Early Access",0,0,0
1598750,"Adventure,Indie,RPG",0,0,0
1938290,"Strategy,Early Access",12,12,0
735010,RPG,4,4,0
528970,"Action,Indie,RPG",8,2,6
1396020,Casual,2,0,2
1057560,"Indie,Sports",1,1,0
1720850,Indie,76,73,3
1397620,Simulation,41,25,16
292200,"Casual,Indie,Strategy",104,80,24
984080,"Adventure,Casual",7,0,7
769320,"Action,Casual,Indie",11,11,0
1710550,"Action,Adventure,Indie,Massively Multiplayer,Sports,Strategy",1,0,1
278360,"Adventure,Casual,Indie",6895,6382,513
1440670,"Action,Indie,Racing,Sports,Early Access",388,377,11
812740,"Casual,Indie",3,3,0
701370,"Action,Indie",1,0,1
1056710,"Casual,Free to Play,Sports",0,0,0
907310,"Free to Play,Indie,Strategy,Early Access",0,0,0
1256530,"Action,Indie",79,70,9
1054570,"Action,Indie,Simulation",2,0,2
1260370,"Adventure,Indie,RPG",1,1,0
620900,"Action,Indie",42,39,3
1465640,Casual,24,24,0
985260,"Action,Adventure,Indie,RPG",140,121,19
80360,"Adventure,Indie",276,265,11
1926120,"Adventure,Free to Play,Indie,RPG",0,0,0
839310,"Indie,Simulation",633,524,109
1280180,"Casual,Free to Play,Indie",0,0,0
1864650,RPG,6,4,2
1333940,"Adventure,Casual,Free to Play,RPG",0,0,0
965180,"Adventure,Indie,RPG,Strategy",0,0,0
663300,"Action,Indie",46,25,21
984070,"Adventure,Indie,RPG,Simulation,Strategy,Early Access",11,5,6
336020,"Adventure,Casual,Indie,Strategy",5,2,3
34313,Action,6,6,0
1482550,"Action,Adventure,Indie",3,2,1
333490,"Adventure,Indie",4,3,1
1184480,"Indie,Racing",360,335,25
1571220,"Action,Indie",72,69,3
1796440,"Action,Casual,Indie",0,0,0
1390850,"Casual,Indie",0,0,0
1212720,"Casual,Indie",0,0,0
1310950,"Action,Casual",0,0,0
823320,"Action,Indie,Early Access",0,0,0
963870,"Indie,Strategy",70,44,26
1732060,RPG,42,36,6
1174820,"Action,Adventure,Indie,RPG",0,0,0
1147600,"Indie,Strategy",2,2,0
900060,"Casual,Indie,Simulation,Sports",0,0,0
1632170,"Action,Adventure,Indie",6,6,0
622550,"Adventure,Casual",5,5,0
905530,"Action,Adventure,Indie,Early Access",13,7,6
1455300,"Indie,Simulation,Strategy",22,18,4
666220,"Action,Casual,Free to Play,Indie",0,0,0
1718740,"Action,Indie",2,2,0
1553990,"Adventure,Indie,RPG,Early Access",0,0,0
1661840,"Action,Adventure,Indie",3,1,2
851710,"Action,Casual,Simulation,Strategy",7,3,4
862500,"Action,Adventure,Casual,Simulation",2,0,2
328220,"Indie,RPG,Simulation",157,42,115
1252020,"Action,Adventure,Casual,Free to Play,Indie",0,0,0
1591610,"Action,Adventure,RPG",0,0,0
2055970,"Action,Adventure,Indie",1,1,0
1867270,"Action,Adventure,Indie",1,1,0
1577690,"Adventure,Indie,RPG",10,10,0
1194630,Adventure,1973,1365,608
1946300,"Casual,Indie,Early Access",70,56,14
1221080,"Casual,Indie,Simulation",282,223,59
459580,Indie,9,9,0
1320940,"Action,Adventure,Indie",1,0,1
1216540,"Action,Adventure,Casual,Indie",36,32,4
353360,"Free to Play,Indie",12,11,1
899940,"Indie,RPG",8,7,1
961750,"Casual,Indie,Simulation",0,0,0
345860,"Action,Indie",164,132,32
1888080,Casual,2,2,0
745550,"Action,Casual,Indie",0,0,0
1021100,"Action,Indie,Strategy",351,223,128
743480,"Casual,Indie",0,0,0
1513800,"Casual,Indie,Simulation,Early Access",1,1,0
1276490,"Action,Indie,Strategy,Early Access",14,7,7
379530,"Indie,Simulation,Strategy",89,69,20
1683510,Casual,2,0,2
1843780,"Casual,Indie,Strategy",2,2,0
1648730,"Action,Adventure,Free to Play,Indie,Massively Multiplayer,RPG,Simulation,Early Access",13,2,11
1789670,"Adventure,Indie",4,4,0
1402090,"Action,Indie",40,35,5
1923780,"Action,Casual,Indie",0,0,0
1290620,Action,3,2,1
799570,"Adventure,Casual,Indie,RPG,Early Access",0,0,0
266130,"Action,RPG,Simulation,Strategy",1249,1017,232
889080,"RPG,Strategy",236,208,28
1812970,"Indie,RPG,Simulation,Strategy,Early Access",54,49,5
1084120,"Action,Adventure,Indie,RPG",11,6,5
458380,Adventure,38,33,5
1713750,"Action,Adventure,Casual,Indie",0,0,0
1352540,"Action,Free to Play,Early Access",0,0,0
444130,"Casual,Indie,Strategy",67,47,20
1475900,"Casual,Indie,Strategy",0,0,0
767590,"Casual,Free to Play,Indie",0,0,0
631130,"Animation & Modeling,Design & Illustration",0,0,0
461030,"Adventure,Casual,Indie",13,10,3
1079790,"Simulation,Strategy,Early Access",22,11,11
1346400,Action,33,29,4
379340,Racing,8,5,3
1833000,"Animation & Modeling,Utilities",0,0,0
1880690,"Adventure,Indie",5,5,0
1972890,"Casual,Free to Play,Indie,Simulation,Strategy",0,0,0
1098700,"Adventure,Casual,Indie",7,7,0
1451940,Simulation,3371,3211,160
1680650,"Free to Play,Indie,Simulation,Sports,Strategy",0,0,0
592660,"Casual,Indie",32,20,12
633230,Action,14675,12848,1827
1496180,"Casual,Indie",94,91,3
445720,"Action,Free to Play,Strategy",22,5,17
843840,"Casual,Indie,Early Access",9,8,1
1504200,"Casual,Indie",2,2,0
944750,"Free to Play,Indie",0,0,0
891180,Action,0,0,0
1914100,"Casual,Indie",2,2,0
1037990,"Action,Adventure,Casual,Indie,RPG,Strategy,Early Access",55,45,10
1602140,"Action,Adventure,Casual",0,0,0
1422240,"Action,Casual,Indie,Simulation,Strategy",19,16,3
1400930,"Adventure,Casual,Indie",0,0,0
470060,"Action,Indie",47,36,11
1847130,"Adventure,Free to Play,Indie",0,0,0
1289610,"Action,Indie",0,0,0
433580,Adventure,25,21,4
1636360,"Action,Casual",4,1,3
727190,"Action,Adventure,Indie,Simulation",16,11,5
326180,"Adventure,Casual,Indie",463,301,162
1584430,"Action,Adventure,Casual,Indie",0,0,0
1548320,"Casual,Free to Play,Indie,Strategy",0,0,0
1793780,"Casual,Indie",0,0,0
1491660,"Action,Adventure,Indie,Early Access",0,0,0
436520,"Action,Free to Play,Indie,Massively Multiplayer",1223,649,574
1058590,Strategy,2,2,0
591640,"Action,Indie",1,1,0
21030,Action,72,50,22
1003520,"Casual,Indie,Simulation",1071,922,149
575580,"Adventure,Casual,Indie",31,22,9
1838970,Casual,34,30,4
1475200,"Sports,Early Access",63,52,11
651150,"Action,Indie,Sports,Strategy",804,637,167
1842730,"Action,Indie,Early Access",9,8,1
1429040,"Adventure,Casual,Indie,RPG",0,0,0
745060,"Adventure,Indie",2,1,1
1090190,"Adventure,Free to Play,Indie,RPG",0,0,0
1311670,"Action,Adventure,Indie,Early Access",3,3,0
1960920,Action,238,213,25
1663270,"Action,Adventure,Casual,Indie",31,31,0
404590,"Action,RPG",752,467,285
448690,Indie,9,4,5
550320,"Action,Indie,Racing,Simulation,Sports",2297,2187,110
2018540,"Action,Adventure,Casual,Indie,Racing,Simulation,Sports,Early Access",3,1,2
982920,"Action,Adventure,Indie,RPG,Simulation,Strategy,Early Access",1,0,1
1528820,Simulation,0,0,0
885120,"Adventure,Indie,RPG",63,56,7
1462780,"Casual,Indie,Simulation,Strategy",0,0,0
681920,"Action,Simulation",0,0,0
741820,Action,337,97,240
1111220,"Casual,Indie",3,3,0
792320,"Action,Casual,Indie,Early Access",5,4,1
1220150,"Action,Adventure,Indie",810,679,131
332650,"Action,Massively Multiplayer,RPG,Early Access",91,47,44
1308870,"Action,Indie,RPG,Simulation,Strategy",0,0,0
1831860,Casual,0,0,0
1561720,Casual,3,0,3
1865730,"Free to Play,RPG,Early Access",0,0,0
1878850,Casual,1,1,0
816190,"Casual,Indie",19,14,5
1136910,"Casual,Indie,Simulation",17,15,2
1100420,Strategy,160,141,19
1147220,"Adventure,Casual",3,3,0
811470,"Action,Casual,Indie,Simulation,Early Access",0,0,0
2063230,"Action,Indie",0,0,0
716630,"Action,Indie,Simulation,Strategy",93,54,39
348570,"Indie,Racing,Simulation,Sports",0,0,0
1417050,"Action,Indie",8,6,2
840810,"Casual,Indie,Racing,Strategy,Early Access",0,0,0
895510,"Casual,Indie",0,0,0
435490,"Casual,Indie,Simulation",206,186,20
877080,"Indie,Simulation,Strategy",72,45,27
1648450,"Casual,Indie",1,0,1
323270,Casual,16,9,7
1415320,"Casual,Indie,Racing",50,49,1
295610,"Action,Adventure,Indie",44,14,30
1336620,"Action,Adventure,Indie",2,0,2
734440,"Adventure,Casual,Indie,RPG",0,0,0
346110,"Action,Adventure,Indie,Massively Multiplayer,RPG",200874,161639,39235
527800,"Casual,Indie",7,1,6
1860760,"Casual,Indie",24,24,0
1988990,"Adventure,Casual,Indie,Racing,Simulation",5,3,2
1649630,"Action,Indie,RPG,Early Access",54,53,1
342310,"Indie,Simulation,Strategy",592,366,226
790960,"Action,Adventure,Indie",1,1,0
886160,"Free to Play,RPG,Simulation,Early Access",0,0,0
1614020,Adventure,1,1,0
950240,"Action,Adventure,Free to Play,Indie,Massively Multiplayer,RPG,Early Access",0,0,0
398950,RPG,1,0,1
465240,"Action,Indie",779,655,124
493380,"Indie,Strategy",8,6,2
1688850,"Adventure,Free to Play,Indie",0,0,0
770660,"Action,Indie,Simulation,Sports",4,4,0
1574050,Utilities,0,0,0
614050,"Adventure,Casual,Indie,RPG,Strategy",4,0,4
769930,"Action,Strategy,Early Access",2,1,1
1501390,"Action,Sports,Early Access",3,2,1
1905950,"Casual,Free to Play,RPG",0,0,0
1457990,"Adventure,Casual,Indie,RPG",9,9,0
701730,"Adventure,Indie",73,59,14
1598350,"Action,Adventure,Casual",0,0,0
1622810,"Adventure,Casual,Indie",24,14,10
1392600,"Indie,Racing,Simulation",22,15,7
547410,"Massively Multiplayer,Racing,Simulation,Sports",221,107,114
968300,"Casual,Indie",9,7,2
977300,"Adventure,Indie",19,15,4
461600,"Action,Casual,Indie",2,1,1
1183200,"Action,Indie",2,2,0
1964580,"Action,Casual,Indie",0,0,0
928140,"Casual,Indie",3,2,1
987180,"Action,Indie,Early Access",10,7,3
620130,"Action,Indie,RPG",1,1,0
899390,"Action,Indie,Racing,Sports",185,122,63
401840,"Action,Indie",17,15,2
1950630,Casual,0,0,0
1608780,"RPG,Strategy,Early Access",4,4,0
846340,"Casual,Free to Play,Indie,Strategy",0,0,0
596590,"Casual,Indie",61,59,2
1159660,"Casual,Free to Play,Indie",0,0,0
571550,"Adventure,Indie,RPG,Strategy",4,2,2
1445720,"Casual,Indie,Simulation",10,9,1
299250,Simulation,290,123,167
529280,"Action,Adventure,Casual,RPG,Simulation,Strategy,Early Access",7,4,3
593980,"Action,Indie,RPG,Simulation,Strategy",3,1,2
600530,"Action,Adventure,Indie",10,6,4
428830,"Casual,Indie",45,42,3
392470,Strategy,396,328,68
623700,"Casual,Indie,Simulation,Strategy,Early Access",149,131,18
615390,"Action,Indie",2,0,2
427100,"Casual,Simulation",1052,677,375
468240,"Casual,Simulation,Sports",80,66,14
552230,"Action,Casual,Indie,Sports",7,3,4
1364950,"Adventure,Casual,Indie,Simulation",20,17,3
832540,Adventure,36,25,11
1167680,"Action,Indie",142,123,19
867490,"Indie,RPG",56,47,9
1948630,"Casual,Indie,Simulation,Strategy",1,1,0
310460,Adventure,9,2,7
1094440,"Adventure,Casual,Indie",4,3,1
1188430,"Action,Adventure,Casual,Indie,RPG",19,10,9
388050,"Casual,Indie",14,8,6
1511970,"Adventure,Indie,RPG,Strategy",0,0,0
1009780,"Adventure,Casual,Indie,Simulation,Strategy",4,4,0
697600,"Action,Casual,Indie,Early Access",5,5,0
1064030,"Casual,Free to Play,Indie",0,0,0
1164470,"Casual,Indie",8,7,1
655660,"Action,Indie",8,6,2
658530,"Adventure,Casual",23,23,0
1141070,"Action,Adventure,Casual,Indie",1,1,0
887660,"Casual,Indie,Strategy",3,2,1
1002560,"Adventure,Casual,Indie",121,115,6
380210,"Action,Indie",7,6,1
253860,Strategy,82,37,45
732800,"Action,Adventure,Casual,Indie,Simulation",2,1,1
1085540,"Adventure,Indie,Strategy,Early Access",0,0,0
1782600,"Action,Adventure,Free to Play,Indie",0,0,0
1141160,"Adventure,Indie,RPG,Strategy",1,1,0
311870,"Action,Indie,RPG",485,429,56
1689530,"Action,Adventure,Indie,Early Access",1,1,0
1246230,"Action,Adventure,Casual,Indie",2,0,2
386990,"Indie,Simulation",82,70,12
776720,"Action,Adventure,Casual,Indie",3,3,0
503280,Indie,47,37,10
933250,"Adventure,Indie,RPG",0,0,0
1756770,"Action,Adventure,Casual,Indie",0,0,0
934410,"Action,Casual,Indie",21,21,0
737330,"Action,Indie",6,4,2
789840,"Action,Adventure,Indie",1,1,0
695600,"Indie,RPG,Simulation",170,126,44
1928460,"Casual,Indie,Strategy",3,2,1
984880,"Adventure,Indie",1,1,0
911760,"Adventure,Casual,Indie,Strategy",12,10,2
1950700,Casual,0,0,0
712190,"Action,Adventure,Indie,RPG,Simulation",622,440,182
345060,"Action,Casual,Indie",32,24,8
744240,"Action,Adventure,Indie",0,0,0
374620,"Adventure,Indie,Simulation",5,2,3
1107390,"Action,Early Access",1,0,1
343430,"Adventure,Casual",14,12,2
1156420,"Casual,Indie,RPG",1,0,1
937850,"Casual,Indie",108,102,6
1879330,"Action,Strategy",153,140,13
370600,"Casual,Racing,Sports",24,18,6
1455290,"Action,Adventure,Indie,Simulation,Strategy",2,2,0
582110,"Action,Casual,Sports",0,0,0
1169780,"Casual,Simulation,Early Access",0,0,0
647940,"Adventure,Casual",0,0,0
1161430,"Adventure,Indie",21,15,6
1077550,"Adventure,Indie",12,5,7
622020,Racing,11,6,5
1206600,"Action,RPG,Early Access",218,154,64
1135040,"Action,Adventure,Indie",6,4,2
1068360,"Action,Adventure,Indie,RPG",93,85,8
1357960,"Indie,RPG,Strategy",0,0,0
1366070,Indie,2,2,0
1605530,"Adventure,Casual,Indie",0,0,0
1067850,"Adventure,Indie",2250,2202,48
915850,"Action,Adventure,Casual,Indie",9,9,0
1896820,"Adventure,Casual,Indie",0,0,0
1620490,Casual,0,0,0
975770,"Action,Casual,Indie",5,4,1
1064660,"Adventure,Indie",94,72,22
451060,"Action,Indie,Racing,Early Access",2,0,2
847550,"Action,Casual,Indie",2,0,2
1070350,"Action,Adventure,Casual,Indie,RPG,Early Access",2,2,0
370640,"Adventure,Casual,Indie,RPG",15,7,8
1862940,"Casual,Free to Play",0,0,0
971390,"Casual,Indie",0,0,0
317290,"Adventure,Indie",9,7,2
398990,"Adventure,Indie",9,6,3
1102200,"Adventure,Indie,Simulation",4,2,2
1593220,"Casual,Indie",12,12,0
1739910,"Casual,Indie,Racing,Simulation",1,1,0
987350,"Action,Free to Play,Massively Multiplayer,Early Access",59,51,8
727420,"Action,Casual,Indie",11,11,0
530360,Casual,27,25,2
250640,"Action,Casual,Indie",143,101,42
202750,"Action,Adventure",2109,1518,591
1170400,RPG,1,0,1
1337250,"Action,Indie,Strategy",0,0,0
1511490,"Adventure,Casual,Indie,Strategy",0,0,0
1348920,"Action,Adventure,Casual,Indie",61,49,12
971090,"Adventure,Casual",4,1,3
505060,"Action,Adventure,Indie,RPG,Early Access",227,205,22
842190,"Indie,RPG,Strategy",0,0,0
1718000,"Adventure,Indie,Strategy",0,0,0
1577590,"Action,Casual,Indie",0,0,0
606500,"Action,Adventure,Indie,RPG",1044,713,331
1021940,"Casual,Free to Play,Indie,Strategy",0,0,0
1772920,Strategy,9,8,1
1679700,Adventure,12,11,1
1625060,"Action,Adventure,Indie,Simulation",0,0,0
1682210,"Adventure,Indie",1,1,0
520010,"Racing,Simulation",938,855,83
1534630,"Casual,Indie",6,6,0
930310,Casual,8,8,0
1550050,RPG,1,1,0
50820,Indie,23,17,6
1697050,"Action,Indie",1,0,1
1590750,"Indie,Strategy",8,5,3
330450,"Action,Casual,Indie",1,1,0
1462420,"Action,Adventure,Indie",25,25,0
1178500,"Casual,Indie,Simulation,Strategy",4,3,1
618760,"Adventure,Casual,Indie,RPG,Strategy",14,8,6
810250,"Casual,Racing",3,2,1
516560,"Adventure,Indie",6,5,1
348450,"Action,Adventure,Indie",46,15,31
1016030,"Action,Adventure,Casual,Indie,Early Access",0,0,0
1033140,"Casual,Indie,RPG,Strategy,Early Access",0,0,0
625700,"Casual,Indie,Simulation,Sports,Strategy",12,7,5
838380,Action,1170,826,344
1047640,"Adventure,Casual,Massively Multiplayer,Early Access",42,30,12
664040,"Action,Casual,Indie",3,3,0
876260,"Action,Indie,Early Access",2,2,0
262300,"Adventure,Indie,RPG",3,3,0
685040,"Casual,Indie",0,0,0
659120,"Action,Adventure",27,8,19
1870020,"Adventure,Casual,Indie,RPG,Strategy",0,0,0
574980,"Action,Indie",1696,1584,112
878280,"Casual,Indie",0,0,0
1676340,RPG,2,0,2
304910,"Action,Indie,Simulation",129,105,24
1943530,Casual,0,0,0
558870,"Action,Casual,Indie,RPG,Simulation,Strategy",64,16,48
1943690,"Free to Play,Simulation,Strategy",0,0,0
1158430,"Action,Adventure,Indie",3,1,2
621940,"Action,Indie,Strategy",22,16,6
1121780,RPG,66,42,24
213030,"Indie,RPG",369,328,41
1032120,"Action,Strategy,Early Access",0,0,0
670950,"Action,Adventure,Indie",5,5,0
1465440,"Action,Adventure,Indie,RPG",17,17,0
1015610,"Action,Massively Multiplayer,Early Access",101,66,35
1256520,Action,42,39,3
1612950,"Casual,Indie,Simulation,Strategy,Early Access",4,3,1
533040,"Adventure,Casual",12,11,1
668660,"Animation & Modeling,Design & Illustration,Education,Software Training,Utilities",21,18,3
529900,"Action,Adventure,Casual,Indie",90,74,16
337410,"Free to Play,Massively Multiplayer,RPG",0,0,0
1455730,"Casual,Indie",1,1,0
1473220,"Action,Adventure,Casual,Indie",6,5,1
644860,"Indie,RPG",1,0,1
715760,Simulation,10,8,2
1803440,"Action,Casual,Simulation",1,0,1
659110,"Violent,Gore,Action,Indie",33,25,8
681660,"Action,Adventure,Free to Play,Massively Multiplayer,RPG",4672,1728,2944
1679670,"Action,Adventure,Massively Multiplayer,Simulation,Early Access",5,1,4
943140,"Action,Adventure,Indie,RPG",161,122,39
406870,"Adventure,Casual",228,210,18
767340,"Adventure,Casual",7,3,4
472740,"Action,Adventure",3,0,3
1532080,"Action,Adventure,Casual,Indie",6,5,1
1366010,"Action,Adventure,Early Access",11,7,4
1828700,Strategy,3,2,1
911500,"Action,Adventure,Casual,RPG,Simulation,Strategy",0,0,0
1947930,"Casual,Indie,Simulation,Early Access",3,3,0
1251470,Casual,0,0,0
1283980,"Casual,Indie,Racing,Early Access",0,0,0
352580,"Adventure,Indie",31,17,14
1283190,"Adventure,Casual,Strategy",399,371,28
1461060,"Adventure,Indie,RPG,Simulation,Strategy",2,1,1
385240,Simulation,561,484,77
1528580,"Action,Casual,Indie",30,28,2
574420,"Adventure,Indie",7,6,1
71390,Sports,101,72,29
861580,"Adventure,Indie,RPG",0,0,0
1001200,"Casual,Indie,Strategy",7,5,2
952050,"Casual,Indie,Strategy",11,9,2
1516340,"Action,Adventure,Indie,RPG",3,2,1
1347880,"Action,Adventure,Indie",12,12,0
1020820,"Animation & Modeling,Design & Illustration,Web Publishing",157,114,43
1652840,Simulation,8,7,1
1120480,"Action,Indie,Early Access",220,173,47
568220,"Indie,Simulation",3177,2817,360
681100,"Adventure,Casual,Indie,RPG",4,3,1
760930,"Casual,Indie,Simulation",33,16,17
618490,"Action,Casual,Indie",8,3,5
1714100,"Action,Adventure,Indie,RPG,Early Access",3,1,2
1921500,"Adventure,Casual",2,1,1
1713410,"Action,Casual,Indie,RPG",1,1,0
869850,"Casual,Indie,Simulation",8,8,0
1127930,"Casual,Indie,Simulation,Early Access",14,9,5
501220,"Action,Casual,Indie,Racing,Simulation,Sports",34,20,14
1930920,"Action,Simulation,Early Access",46,36,10
459680,Strategy,40,32,8
1277480,"Indie,RPG,Simulation",2,1,1
1168070,Casual,7,6,1
16300,"Indie,Casual",91,85,6
1285530,"Action,Adventure,Casual,Indie,Simulation",2,2,0
1722410,"Indie,Strategy",1,0,1
1132930,"Action,Adventure,Indie",3,3,0
841140,"Action,Adventure,Casual,Indie",12,4,8
1231440,"Adventure,Indie",0,0,0
1532440,"Action,Indie,RPG,Early Access",0,0,0
422980,"Action,Adventure,Indie",10,5,5
1810020,"Action,Casual,Sports,Early Access",2,1,1
1385300,"Action,Adventure,Free to Play,Indie,Massively Multiplayer,RPG",0,0,0
420840,"Casual,Indie",155,147,8
1544570,"Adventure,Free to Play,Indie",0,0,0
643940,"Casual,Indie",7,6,1
1567830,"Casual,Indie,RPG,Simulation",0,0,0
1459810,"Casual,Indie,RPG,Simulation,Strategy",0,0,0
221380,Strategy,33650,31963,1687
1023680,"RPG,Simulation,Sports",9,4,5
849166,"Action,Adventure",0,0,0
614860,"Massively Multiplayer,RPG,Early Access",36,25,11
1783700,"Action,Adventure,Casual,Indie",6,6,0
996730,"Adventure,Indie",2,0,2
248530,"Action,Adventure,Casual,Indie,Simulation,Sports",85,66,19
1959610,"Action,Casual,Indie",2,2,0
769410,"Indie,Strategy",27,22,5
1412190,"Action,Adventure,Casual,Massively Multiplayer,Early Access",0,0,0
1223670,"Action,Indie",1,1,0
1294910,"Casual,Simulation,Early Access",0,0,0
618050,"Action,Adventure,Indie,RPG,Strategy",22,10,12
1272040,"Simulation,Sports",1,0,1
1916000,"Free to Play,Strategy",0,0,0
590720,"Action,Indie",35,30,5
802360,"Adventure,Casual,RPG",8,3,5
1276890,Indie,0,0,0
1619150,"Adventure,Indie,Racing",0,0,0
1967450,"Adventure,Casual,Indie,RPG",8,4,4
532800,"Free to Play,Strategy,Early Access",3,3,0
300600,"Action,Free to Play,Indie",0,0,0
1547150,"Action,Adventure,Indie,Strategy",5,4,1
1907000,"Indie,RPG,Early Access",65,60,5
932820,"Adventure,Casual,Indie",5,5,0
775910,"Casual,Indie",17,13,4
434660,"Action,Indie",51,49,2
1050150,"Action,Adventure,Casual,Indie,Simulation",14,7,7
1373280,Racing,0,0,0
1815820,"Adventure,Casual,Indie",1,1,0
2002720,"Casual,Indie",1,1,0
1095540,"Indie,RPG",2,1,1
864600,"Adventure,RPG",4,1,3
429700,"Action,Adventure,Indie",115,67,48
1576840,"Adventure,Casual,Indie",1,1,0
736480,"Indie,RPG,Strategy,Early Access",0,0,0
792870,"Action,Adventure,Casual,Indie",1,1,0
1781590,"Adventure,Indie,RPG,Strategy",1,1,0
428690,"Adventure,Casual,Indie,Simulation,Strategy",6766,5152,1614
996150,"Education,Game Development",1,1,0
1897870,"Action,Indie",0,0,0
1229380,"Action,Adventure,Indie,RPG",5816,5615,201
945880,"Action,Adventure,Indie",0,0,0
341380,"Adventure,Indie",12,3,9
888800,Free to Play,0,0,0
387280,"Action,Adventure,Indie,RPG",20,15,5
1037810,"Action,Casual,Sports",0,0,0
995470,"Indie,Early Access",7,6,1
1710400,"Adventure,Indie",10,8,2
1560420,"Free to Play,Design & Illustration,Education",0,0,0
1149080,"Action,Adventure,Indie",12,6,6
407340,"Adventure,Casual,Indie",80,73,7
849800,"Adventure,Indie",5,5,0
1053680,"Casual,Indie,Simulation,Early Access",1447,1327,120
376250,"Indie,Strategy",23,14,9
205080,"Action,Indie",70,47,23
1431610,"Action,RPG,Simulation",0,0,0
1977750,"Casual,Racing,Early Access",1,0,1
658550,"Casual,Indie",192,179,13
1140130,"Indie,Simulation,Strategy",47,31,16
1451870,"Action,Casual,Indie,Racing,Early Access",16,13,3
676120,"Violent,Action,Sports",12,8,4
1511670,"Adventure,Casual,Indie",441,399,42
1266220,"Action,Adventure,RPG",113,79,34
696250,"Adventure,Indie,Simulation,Early Access",11,5,6
1330550,Casual,30,30,0
652390,"Casual,Indie",1,0,1
1308950,"Action,Adventure,Indie,Massively Multiplayer,Sports",36,7,29
489580,"Action,Indie",20,15,5
705390,"Adventure,Indie,Strategy,Early Access",14,6,8
1184470,"Action,Casual,Indie",1,1,0
791150,"Free to Play,Indie,Racing,Simulation",0,0,0
589480,"Adventure,Casual,Indie",42,37,5
1576570,"Action,Adventure,Casual,Indie,RPG,Simulation,Strategy",1,1,0
930280,"Adventure,Indie,Strategy",33,18,15
724920,"Action,Casual,Indie",2,1,1
1723440,"Adventure,Casual,Indie",1,0,1
934480,"Action,Casual,Indie",0,0,0
890880,"Violent,Action,Adventure,Indie",0,0,0
526980,Sports,18,11,7
1914570,"Action,Free to Play,Indie,Massively Multiplayer",0,0,0
704430,"Action,Casual,Indie,Early Access",2,1,1
869420,"Action,Indie",2,0,2
1302860,"Indie,Simulation,Strategy",118,106,12
1149570,"Casual,Indie,Strategy",0,0,0
569350,"Action,Indie,Strategy",5,2,3
470210,"Violent,Action,Adventure,Indie",59,45,14
1221320,"Casual,Indie",41,38,3
755550,"Indie,Simulation,Early Access",30,17,13
837440,"Casual,Indie,Strategy",17,14,3
1245600,Indie,4,2,2
1136210,Education,0,0,0
1989180,"Adventure,Casual,Indie,Simulation,Sports",1,0,1
473530,"Action,Adventure,Indie",34,32,2
262770,"Action,Adventure,Indie",127,113,14
1710890,"Adventure,Indie",19,11,8
1264610,"Adventure,Casual,Indie",0,0,0
871270,Action,0,0,0
545590,Casual,15,14,1
1535090,Casual,4,3,1
709820,"Action,Casual,Indie,Early Access",22,14,8
1084080,"Adventure,Casual,Indie",47,37,10
1291740,Casual,1,1,0
1888800,"Casual,Indie",11,11,0
1672340,"Action,Racing",3,1,2
1467810,"Adventure,Casual,Indie",2,1,1
877960,"Action,Adventure,Indie,RPG",1,0,1
1300110,"Action,Adventure,Casual,Indie",2,0,2
1157090,Indie,0,0,0
1681970,"Adventure,Indie,RPG,Simulation,Strategy",62,57,5
1588190,"Action,Casual,Indie",0,0,0
2017370,"Adventure,Indie",34,32,2
714080,Action,243,198,45
1574740,"Action,Casual,Indie",2,0,2
1007730,"Adventure,Casual,Indie,Simulation,Strategy",8,6,2
703210,"Casual,Indie",10,3,7
268220,"Action,Indie",289,245,44
1132010,"Adventure,Casual,Indie,RPG,Simulation,Strategy",3,1,2
1920040,"Adventure,Casual,Indie,RPG",0,0,0
714100,Animation & Modeling,0,0,0
1800480,"Casual,Indie,Strategy,Early Access",3,3,0
1003700,"Action,Casual,Indie",0,0,0
844590,Simulation,2223,2166,57
1801640,"Adventure,Indie,RPG",1,1,0
435080,Adventure,1,1,0
1895860,"Indie,RPG,Simulation,Strategy,Early Access",19,15,4
1494840,"Action,Indie,Simulation,Sports,Early Access",183,161,22
804440,"Action,Casual,Indie,Simulation",9,7,2
1712510,"Action,Adventure,Casual,Indie,RPG,Early Access",0,0,0
665370,"Casual,Indie,Simulation",918,868,50
1632210,"Adventure,Casual,Indie",0,0,0
1046740,"Action,Adventure,Casual,Indie,RPG",4,2,2
1159260,"Action,Indie",3,3,0
1647060,Simulation,10,6,4
1754770,"Indie,RPG",0,0,0
862460,"Indie,RPG",12,12,0
1991420,"Adventure,Indie",2,1,1
248310,"Action,Indie",2195,2111,84
1785370,Indie,16,15,1
777650,"Casual,RPG,Simulation,Strategy",29,24,5
617480,"Indie,RPG,Strategy",1097,937,160
972080,"Indie,Strategy,Early Access",3,3,0
1597040,"Action,Adventure,Indie",60,43,17
613970,"Action,Adventure,Indie,RPG,Early Access",7,0,7
800240,"Action,Adventure,Indie",19,11,8
1563550,"Action,Adventure,Indie,Strategy",5,5,0
1815450,"Casual,Indie,Strategy",1,1,0
1818580,"Action,Adventure,Casual,Indie,Early Access",1,1,0
379380,"Action,Adventure,RPG",7,4,3
1291090,"Casual,Indie",3,3,0
878140,"Indie,Strategy",1,0,1
879510,Adventure,319,293,26
959770,"Action,Adventure,Indie,Early Access",4,1,3
1178030,"Action,Adventure,Free to Play,Indie",0,0,0
1150090,"Indie,Simulation,Strategy,Early Access",81,69,12
1957040,Action,0,0,0
995850,"Adventure,Casual,RPG",0,0,0
46400,"Action,RPG",111,48,63
302850,"Action,Indie",22,8,14
1090670,"Indie,Simulation,Strategy",58,46,12
256611,Simulation,0,0,0
915810,"Action,Indie,Early Access",2254,1867,387
1502520,"Casual,Indie",17,17,0
913550,"Action,Casual,Indie",6,6,0
1095260,"Action,Adventure,Indie,RPG,Early Access",50,48,2
1371210,"Adventure,Casual,Indie,Simulation,Strategy",0,0,0
849940,Action,33,22,11
1527960,"Action,Indie",1,1,0
357490,"Adventure,Indie",13,11,2
1625510,"Action,Adventure,Indie",14,11,3
366090,"Action,Adventure,Indie,Strategy,Early Access",4138,3790,348
585900,"Adventure,Casual,RPG,Simulation",691,533,158
719750,"Action,Adventure,Indie",270,248,22
1264160,"Casual,Simulation",37,32,5
1162680,"Action,Adventure,Casual,Indie,Simulation,Strategy",360,294,66
1520110,"Adventure,Free to Play,Indie,Simulation",0,0,0
355650,Strategy,7,6,1
1004740,Utilities,50,43,7
374380,"Simulation,Strategy",53,41,12
1362340,"Adventure,Casual,Indie,Simulation",6,0,6
944450,"Adventure,Casual,Free to Play,Indie",0,0,0
460210,"Action,Adventure,Casual,Indie,Early Access",4,4,0
942200,"Action,Adventure,Casual,Indie,Racing,Early Access",22,22,0
1766660,Indie,0,0,0
629860,"Action,Adventure",33,29,4
895940,"Action,Indie,Simulation,Early Access",3,1,2
1272070,"Adventure,Indie,Simulation",127,122,5
574820,"Casual,Indie",156,148,8
1814100,"Casual,Indie,Strategy",0,0,0
65300,"Action,Indie",896,842,54
1594170,"Adventure,Casual,Indie,RPG",0,0,0
1523790,"Adventure,Casual,Indie,RPG",11,10,1
534230,"Action,Indie",83,68,15
380550,"Action,Indie",33,21,12
23310,RPG,1686,1335,351
1818240,"Casual,Indie",2,1,1
1924480,"Adventure,Casual,Indie",522,377,145
486310,"Adventure,Indie,Massively Multiplayer",2128,1933,195
872360,Indie,3,2,1
1981480,"Action,Casual,Indie",14,14,0
1863280,"Action,Casual",0,0,0
1199030,"Action,Indie,RPG",3127,2843,284
1477920,Adventure,111,87,24
369120,Adventure,6,3,3
1333800,"Adventure,Indie,Simulation,Strategy",22,16,6
857850,"Action,Adventure,Indie,Strategy,Early Access",10,5,5
1466090,Adventure,2,1,1
1064140,"Adventure,Casual,Free to Play,Indie",0,0,0
1395920,"Adventure,Indie",0,0,0
1010830,"Action,Adventure",24,22,2
935610,Indie,7,1,6
688690,Indie,5,4,1
736570,"Adventure,Casual,Indie",360,336,24
1892340,"Adventure,Free to Play",0,0,0
1520370,"Adventure,Racing,Simulation,Early Access",2736,2646,90
39510,"Action,RPG",1587,1354,233
290280,"Action,Indie",99,67,32
1459210,"Action,Adventure",0,0,0
897040,"Action,Adventure,Casual,Indie",62,48,14
1012210,"Action,Adventure,Indie",8,1,7
584040,"Casual,Indie",0,0,0
866420,"Action,Casual,Indie",21,19,2
576310,"Adventure,Casual,Indie,Simulation",131,69,62
463760,"Adventure,Casual,Indie",37,26,11
685910,"Indie,Simulation,Strategy,Early Access",6,5,1
916120,"Action,Strategy",0,0,0
1234500,"Action,Adventure,Indie,Early Access",4,1,3
1065210,"Action,Indie,Simulation",13,6,7
1273570,"Adventure,Casual,Indie",0,0,0
307920,"Casual,Indie,Simulation,Strategy",17,10,7
436690,"Indie,Simulation,Strategy",18,13,5
802060,"Action,Casual,Indie",1,1,0
994180,"Action,Casual,Indie,Sports,Early Access",6,5,1
17390,"Action,Adventure,Casual,RPG,Simulation,Strategy",24291,22277,2014
629100,"Adventure,Casual",14,14,0
336150,Sports,312,252,60
1057770,"Action,Adventure,Casual,Indie",11,5,6
1373320,"Adventure,Indie,RPG",12,7,5
917240,"Adventure,Indie,Simulation",0,0,0
767910,Indie,8,2,6
838980,"Adventure,Casual,Indie",1,0,1
1851390,"Action,Free to Play,Indie",0,0,0
656380,"Action,Casual,Indie,Strategy",3,3,0
1071510,"Action,Adventure",57,48,9
1691380,Simulation,2,2,0
1543830,Action,4,2,2
2020930,"Adventure,Casual",1,1,0
518150,Early Access,2896,2607,289
1795440,"Action,Indie,Strategy",0,0,0
808800,"Action,Adventure,Indie,RPG,Early Access",40,34,6
1326920,"Action,Casual,Indie",2,1,1
735540,Indie,1,0,1
947470,"Casual,Indie,Strategy",1,0,1
434530,"Casual,Indie,Strategy,Early Access",15,14,1
659790,"Action,Indie,RPG",0,0,0
1576720,Strategy,19,16,3
1247650,"Adventure,Casual",6,6,0
485350,"Casual,Indie,Simulation",87,60,27
1834140,"Casual,Indie,Strategy",0,0,0
1542000,"Action,Adventure,Casual,Indie,RPG,Simulation",0,0,0
1778040,"Action,Adventure,Racing",2,1,1
1388720,"Adventure,RPG",4,3,1
802080,"Nudity,Violent,Gore,Action,Indie,Simulation",9,6,3
1583370,"Action,Adventure,Casual,Indie,Simulation,Strategy",2,1,1
497780,"Adventure,Indie",236,230,6
898780,"Adventure,Casual,Indie",56,47,9
1686850,"Adventure,Casual,Indie",3,3,0
371410,"Action,Indie",3,0,3
1125620,"Action,Adventure,Indie",0,0,0
1336970,"Adventure,Indie",3,3,0
41600,"Action,Adventure",77,37,40
1074300,Casual,14,14,0
313330,Racing,22,4,18
716750,"Action,Indie",15,8,7
870400,Indie,4,2,2
898790,"Casual,Indie",18,18,0
1744580,Action,3,3,0
1580440,"Action,Adventure,Indie",11,8,3
1379750,"Adventure,Free to Play,RPG",0,0,0
617700,"Casual,Indie,Simulation,Strategy",468,396,72
1395830,Indie,32,32,0
1359750,"Audio Production,Design & Illustration,Video Production,Web Publishing",4,3,1
289480,"Action,Adventure,Simulation",30,6,24
377310,"Action,Indie",25,16,9
505210,"Action,Adventure,Casual,Indie,Strategy",84,58,26
1085260,"Adventure,Simulation,Strategy",21,20,1
1761030,Casual,0,0,0
944340,"Adventure,Casual,Indie",38,37,1
1552630,"Adventure,Indie,Racing,Simulation",3,1,2
574260,"Adventure,Casual",67,51,16
1805230,Indie,9,9,0
652000,"Action,Indie,Strategy",4,3,1
300360,"Adventure,Casual",30,17,13
841500,"Casual,Free to Play,Indie,Sports,Early Access",0,0,0
1809250,"Adventure,Indie",11,5,6
1400910,"Action,Casual,Indie,Early Access",64,64,0
977570,"Adventure,Casual,Indie",98,48,50
840500,"Casual,Indie",8,3,5
1264180,Simulation,30,27,3
695720,"Adventure,Casual,Free to Play",0,0,0
1210970,Action,4,4,0
1504500,"Adventure,Indie",778,744,34
425900,Indie,7,5,2
1667840,"Adventure,Indie",1,1,0
366990,"Casual,Indie",6,6,0
388090,"Action,Indie,Strategy",5964,5538,426
997730,Indie,22,16,6
886450,Casual,1,0,1
1877790,Racing,1,1,0
1292690,"Adventure,Casual,Indie,RPG,Early Access",990,915,75
562310,"Action,Casual,Indie",4,4,0
1558970,"Adventure,Free to Play,Indie",0,0,0
1126020,Indie,0,0,0
98900,"Action,Casual,Indie,Strategy",54,37,17
645410,"Adventure,Casual,Indie",13,7,6
1563950,Adventure,2,2,0
828160,"Action,Indie",4,2,2
710160,Indie,0,0,0
1597730,"Casual,Indie",261,260,1
878120,"Action,Adventure,Casual,Indie,Massively Multiplayer,Racing,RPG,Simulation,Sports,Strategy",2,1,1
359250,"Adventure,Casual,Indie",17,11,6
755600,"Casual,Indie",14,12,2
1006190,Casual,1,1,0
557720,"Adventure,Casual",5,4,1
805320,"Casual,Indie",23,21,2
886060,"Action,Casual,Indie,Simulation",45,21,24
1074680,"Adventure,Free to Play,Indie,RPG,Early Access",0,0,0
531780,"Casual,Indie,Strategy",18,13,5
1765260,"Adventure,Indie,RPG",4,4,0
951990,"Adventure,RPG",0,0,0
1447430,"Software Training,Web Publishing,Game Development",0,0,0
305700,"Casual,Indie,Simulation,Early Access",6,3,3
359310,"Action,Adventure,Indie,RPG",884,761,123
1297330,"Action,Adventure,Indie",224,201,23
492560,Indie,1,1,0
864860,"Action,Adventure,Indie",16,16,0
910290,"Action,Adventure,Casual,Indie",3,1,2
1492980,"Adventure,Free to Play,Indie",0,0,0
659630,"Action,Free to Play,Indie,Strategy",0,0,0
831150,"Casual,Indie,Early Access",2,2,0
760560,"Indie,Simulation",17,6,11
748270,"Action,Adventure,Casual",11,9,2
1433860,"Adventure,Indie,RPG,Simulation,Strategy",48,33,15
611500,"Action,Free to Play,Early Access",3696,2726,970
1716770,"Casual,Indie,Strategy",12,11,1
1967400,"Indie,Strategy",1,0,1
1137260,"Casual,Indie,Strategy",5,1,4
423600,"Adventure,Casual,Simulation,Strategy",15,13,2
4240,Racing,0,0,0
1577970,"Action,Adventure,Casual,Indie",0,0,0
424010,"Adventure,Casual,Indie,RPG",8,6,2
1990850,"Action,Adventure,Casual,Indie,Early Access",0,0,0
410820,"Action,Indie",230,214,16
521750,Strategy,7,5,2
563830,"Adventure,Casual",19,17,2
936620,"Action,Adventure,Indie,Racing,RPG,Simulation,Early Access",29,19,10
244710,"Adventure,Indie",1442,1244,198
1339880,"Action,Indie",1,0,1
947960,Racing,2,2,0
1138260,"Action,Indie,Simulation,Strategy,Early Access",13,13,0
1368640,"Action,Adventure,Indie,RPG",5,4,1
1517870,"Action,Adventure,Casual,Indie,Strategy,Early Access",3,3,0
1226020,"Casual,Indie",0,0,0
1555950,"Adventure,Indie",2,2,0
1849350,Strategy,3,3,0
1680310,"Casual,Indie",6,6,0
1063820,"Adventure,Casual,Indie",0,0,0
324240,"Action,Adventure,Indie",15,6,9
1416690,"Indie,Racing,Simulation,Sports",4,4,0
624830,"Action,Indie,RPG,Simulation,Strategy,Early Access",24,22,2
1564760,"Action,Adventure,Casual,Indie,Strategy",3,3,0
970000,"Casual,Indie",3,2,1
753220,"Casual,Indie",120,120,0
369190,"Animation & Modeling,Design & Illustration,Education,Utilities,Early Access",19,10,9
1614730,"Indie,Simulation,Strategy",0,0,0
9050,Action,3262,2907,355
316030,"Action,Adventure",46,32,14
700340,"Action,Indie",0,0,0
817410,"Action,Casual,Indie",0,0,0
1117000,"Action,Sports",0,0,0
1509840,Action,5,4,1
741360,Action,0,0,0
837270,Indie,4,3,1
942050,"Casual,Indie,Strategy",44,34,10
428530,"Action,Indie",8,7,1
541350,"Adventure,Casual,Indie",26,16,10
38090,Simulation,9,9,0
1250590,"Action,Adventure,Casual,Free to Play,Indie",0,0,0
267220,"Action,Casual,Indie,RPG,Strategy",8,0,8
1439360,"Casual,Simulation,Education",0,0,0
921740,Casual,3,3,0
1426490,"Action,Indie,RPG,Early Access",143,127,16
669770,"Sexual Content,Nudity,Violent,Adventure,Indie,RPG",46,25,21
46000,"Adventure,Indie",72,50,22
848010,"Action,Adventure,Indie",167,119,48
531070,"Casual,Indie",1,1,0
1456060,"Casual,Indie",0,0,0
1113930,"Action,Adventure",5,4,1
913270,Free to Play,0,0,0
747750,"Action,Adventure,Indie,Early Access",2,2,0
290020,"Indie,Simulation",97,74,23
235820,"Action,Indie",284,237,47
24720,"Action,Simulation",2695,2418,277
934920,"Casual,Indie,Strategy",2,1,1
545470,"Casual,Indie",9,4,5
912250,"Action,Adventure,Casual,Free to Play,Indie",0,0,0
637960,Simulation,0,0,0
1144290,"Adventure,Indie,RPG",2,2,0
315540,"Action,Indie,Early Access",37,16,21
353940,Action,15,9,6
1758040,Indie,0,0,0
1466140,"Action,Adventure,Casual,Indie",0,0,0
2003260,"Casual,Indie",1,0,1
911180,"Adventure,Casual,Indie",4,2,2
1387460,"Adventure,Indie,RPG",38,36,2
1539070,"Action,Adventure",0,0,0
230230,"Adventure,Indie,RPG,Strategy",5309,4791,518
351090,Casual,330,323,7
1720370,"Casual,Indie",11,10,1
24049,Simulation,0,0,0
1575430,"Action,Adventure,Indie",6,4,2
1686470,"Action,Adventure,Casual,Indie",5,2,3
717680,"Action,Indie,Racing,Early Access",0,0,0
738600,"Action,Adventure,Indie,Simulation",8,3,5
1949840,"Action,Adventure,Casual,Indie",1,1,0
1232610,"Action,Free to Play,Indie",0,0,0
1708250,"Action,Indie",0,0,0
1644720,"Casual,Free to Play,Indie",0,0,0
347250,Simulation,33,33,0
654970,"Casual,Indie",4,1,3
1744020,"Indie,Simulation",0,0,0
390290,"Adventure,Indie",225,196,29
1422930,Adventure,10,7,3
1550760,"Action,Adventure,Indie",35,32,3
1225930,"Action,Adventure,Indie,Strategy",0,0,0
1400450,"Action,Adventure,Indie,RPG,Early Access",7,3,4
820890,"Adventure,Casual,Indie,RPG",3,1,2
1515340,Indie,0,0,0
542110,Casual,7,2,5
1708970,"Adventure,Indie",7,7,0
541930,"Action,Indie",214,206,8
825580,"Action,Casual,Free to Play,Indie",0,0,0
1522900,"Casual,RPG,Simulation",1,1,0
1382370,"Action,Adventure,Casual,Indie",4,4,0
689520,"Action,Adventure,Indie,RPG,Strategy,Early Access",20,4,16
1078060,"Adventure,Casual",1,0,1
1716210,Casual,2,1,1
361200,"Adventure,Simulation",29,7,22
1922320,"Action,Adventure",1,0,1
683900,"Simulation,Strategy",966,852,114
1728020,Indie,0,0,0
760160,"Action,Free to Play",0,0,0
1280670,"Casual,Indie",1,1,0
1700600,"Action,Indie",5,4,1
1699790,Indie,0,0,0
603100,"Action,Indie",84,57,27
513760,"Animation & Modeling,Design & Illustration,Utilities,Early Access",2,2,0
298180,"Action,Adventure,Indie,RPG",115,111,4
763220,"Action,Free to Play,Simulation",0,0,0
1336950,"Casual,Indie,Simulation,Strategy",3,1,2
796070,"Adventure,Casual",2,2,0
1170250,"Casual,Early Access",0,0,0
918900,"Sexual Content,Nudity,Action,Casual,Indie,Simulation",12,6,6
368220,"Simulation,Strategy",78,57,21
1400190,"Action,Adventure,Indie",4,4,0
1636690,"Action,Adventure,Indie",8,8,0
1549000,Action,3,3,0
1461400,"Casual,Simulation",2,1,1
1360900,"Action,Adventure,Indie,Early Access",0,0,0
1342120,"Action,Adventure,Indie,RPG",11,7,4
1561010,"Action,Casual,Indie",0,0,0
1128570,"Adventure,Casual",11,10,1
1198400,"Action,Adventure,Indie",15,15,0
1401530,"Casual,Free to Play,Indie,Massively Multiplayer,Simulation,Strategy,Early Access",0,0,0
945710,"Action,Adventure,Indie",584,454,130
265790,"Adventure,Indie",11,7,4
725620,Action,3,3,0
822460,"Action,Casual,Strategy",10,8,2
1765480,"Action,Adventure,Casual",0,0,0
307430,"Casual,Indie,Strategy",36,25,11
1265240,"Casual,Indie,Strategy",53,39,14
1801220,"Action,Adventure,Indie",33,31,2
880320,"Action,Indie,Early Access",2,2,0
873240,"Casual,Indie",344,304,40
1840520,"Action,Casual",2,2,0
864010,"Casual,Indie,Racing",6,4,2
1702180,"Action,Adventure,Casual,Free to Play,Indie",5,5,0
1428560,"Adventure,Casual,Indie",68,62,6
1765510,"Adventure,Casual,Indie",0,0,0
1775390,"Animation & Modeling,Game Development",166,154,12
312640,"Action,Indie",18,12,6
22320,RPG,12552,11998,554
747340,"Action,Adventure,Indie",435,356,79
689020,"Action,Adventure,Casual,Indie,Strategy",5,4,1
2006430,"Action,Adventure,Indie,Racing",0,0,0
746760,"Action,Indie",13,5,8
525150,"Action,Indie,Strategy",20,16,4
1932350,Indie,8,6,2
1667720,RPG,10,6,4
460970,"Action,Indie,Strategy",16,13,3
1494530,"Casual,Strategy",0,0,0
1334010,"Adventure,Indie,Sports,Strategy",217,151,66
470760,"Action,Indie",6,4,2
1338940,"Adventure,Casual,Indie",28,28,0
1202280,"Action,Casual,Indie,RPG",26,18,8
1665280,"Action,Adventure,Indie",30,24,6
754830,Casual,6,6,0
232430,"Adventure,Indie",10017,7700,2317
913280,"Adventure,Casual,Indie,Racing,Simulation,Sports,Strategy",9,6,3
65080,"Adventure,Indie",47,32,15
966460,"Adventure,Casual,Free to Play,RPG",0,0,0
1327390,"Action,Adventure,Indie",4,2,2
1487940,"Adventure,Casual,Indie,RPG,Early Access",17,12,5
512830,"Adventure,Casual,Early Access",7,3,4
1745310,"Casual,Indie,RPG,Simulation",85,79,6
1793220,"Casual,Indie,Simulation",10,9,1
1396290,Strategy,2,1,1
678620,Strategy,3,3,0
1470420,"Adventure,Indie",17,11,6
1551030,"Adventure,Indie,RPG",0,0,0
1272460,"Indie,RPG,Early Access",0,0,0
846010,"Violent,Gore,Action,Adventure,Casual,Indie",14,8,6
1113730,"Action,Free to Play,Indie",0,0,0
497260,"Casual,Simulation",9,5,4
1259570,"Action,Adventure,Casual,Indie,Simulation",2,2,0
395300,"Action,Indie",0,0,0
1198590,"Action,RPG",63,53,10
385150,"Adventure,Casual,Indie",33,27,6
391490,"Adventure,Casual,Indie,RPG,Strategy",118,103,15
1904820,"Casual,Free to Play,Indie,RPG,Simulation,Strategy,Early Access",0,0,0
938310,"Adventure,Strategy",34,33,1
352010,"Adventure,Casual,Indie",97,69,28
1910180,"Indie,RPG",1,1,0
46560,Strategy,397,237,160
769550,"Adventure,Casual,Indie",3,2,1
602960,"Action,Indie,Simulation,Strategy,Early Access",11973,11302,671
437340,"Action,Indie",2,2,0
1054690,"Indie,Strategy",75,48,27
1530240,"Action,Strategy",2,2,0
684870,"Casual,Indie",4,4,0
795990,"Indie,Massively Multiplayer,RPG,Simulation",8,5,3
1431780,"Action,Adventure,Indie",73,71,2
1427940,Casual,1,1,0
400710,"Action,Indie",10,9,1
344860,"Adventure,Indie,RPG,Strategy",193,185,8
1727320,Utilities,7,6,1
468780,"Action,Indie,Racing,Sports",6,6,0
1647160,Indie,0,0,0
627530,"Casual,Animation & Modeling,Design & Illustration",0,0,0
721760,"Adventure,Indie,RPG",21,17,4
326670,"RPG,Strategy",522,371,151
676170,"Action,Strategy,Early Access",2,2,0
886230,Strategy,3,0,3
877850,"Casual,Indie,Simulation,Strategy,Audio Production,Education,Utilities,Early Access",106,97,9
1659410,Adventure,19,19,0
1516550,"Casual,Indie,Strategy",13,13,0
1878810,"Free to Play,Indie,RPG",0,0,0
1493760,"Adventure,Casual,Indie,Simulation,Strategy",549,417,132
541760,"Adventure,Indie,RPG,Simulation,Early Access",2,2,0
1509090,"Casual,Indie",28,17,11
776040,"Nudity,Violent,Gore,Action,Adventure,Indie",8,6,2
1084360,"Adventure,Casual,Indie,Early Access",10,7,3
1039590,"Action,Adventure,Casual,Free to Play,Indie",0,0,0
955580,Racing,36,25,11
613370,"Action,Adventure,Indie,RPG,Early Access",0,0,0
765490,"Adventure,Indie",7,6,1
1907430,"Casual,Indie,Strategy",0,0,0
802330,"Casual,Indie,Simulation,Sports,Early Access",14,6,8
872600,"Casual,Free to Play,Indie,Strategy",0,0,0
48173,"Action,Adventure",0,0,0
1705400,"Casual,Indie",0,0,0
721670,"Action,Adventure,Casual,Indie,Racing,Simulation,Sports,Strategy",3,1,2
1596920,"Casual,Simulation,Early Access",3,0,3
812960,"Indie,RPG,Strategy,Early Access",26,18,8
312420,Strategy,19,9,10
3800,Action,261,211,50
1017380,"Casual,Indie,RPG",0,0,0
1528780,Action,0,0,0
1922340,Racing,6,3,3
1361450,Education,2,1,1
1643180,"Casual,Indie,RPG,Simulation,Early Access",17,13,4
655650,Casual,1,1,0
1194700,"Casual,Indie,Simulation",123,66,57
364450,Indie,0,0,0
495720,"Action,Indie",118,99,19
226860,"Indie,Strategy",6299,4897,1402
1049710,"Adventure,Indie",144,120,24
1193430,"Action,Casual",8,8,0
1928850,Indie,0,0,0
636030,Casual,6,6,0
1556480,"Action,Indie",6,2,4
628750,"Casual,Indie",204,171,33
1049950,"Action,Free to Play,Strategy",0,0,0
1161820,"Action,Adventure,Indie,RPG",0,0,0
915160,"Casual,Indie",12,9,3
1202830,"Action,Indie,Early Access",1,0,1
467720,"Adventure,Casual,Indie",29,20,9
871420,"Action,Adventure,Indie,RPG",258,202,56
1025870,"Action,Adventure,Indie,RPG,Early Access",4,0,4
590580,"Action,Adventure,Indie,RPG,Early Access",10,3,7
455000,"Adventure,Casual,Indie,RPG",1,0,1
601010,"Adventure,Indie,RPG",59,36,23
1106730,"Adventure,RPG",0,0,0
2027170,"Action,Adventure,Indie",7,5,2
489240,"Action,Adventure,Indie,Massively Multiplayer,RPG,Early Access",7,0,7
555150,"Adventure,Indie",1835,1387,448
1866090,"Indie,RPG,Simulation",0,0,0
1230840,"Action,Adventure,Casual,Indie",1,1,0
1642260,Adventure,12,12,0
1013830,"Adventure,Casual,Indie,Simulation",0,0,0
397960,"Adventure,Casual",10,8,2
947070,"Adventure,Indie",2,2,0
336710,"Adventure,Indie",5,4,1
525190,"Action,Adventure,Indie",6,5,1
1180940,"Casual,Indie,RPG,Strategy",3,2,1
880780,"Casual,Indie,Simulation",9,6,3
859990,"Action,Casual,Indie,Strategy,Early Access",26,25,1
991480,"Casual,Indie,Simulation",11,10,1
1178160,"Free to Play,Indie,Massively Multiplayer,Sports",0,0,0
599840,"Adventure,Indie",32,32,0
8080,Action,866,508,358
1210680,"Action,Adventure,Free to Play,Indie,Massively Multiplayer,RPG",0,0,0
475070,"Action,Free to Play,Indie",0,0,0
1826160,"Adventure,RPG",2,1,1
2077800,"Casual,Indie",2,2,0
1133890,"Action,Adventure,Indie,RPG,Early Access",3,3,0
325610,Strategy,10259,8026,2233
1533750,"Casual,Strategy",2,1,1
974390,"Action,Indie",20,17,3
1631950,"Action,Adventure,Indie,Simulation,Sports,Strategy",0,0,0
865980,"Action,Adventure,Casual,Indie",73,54,19
1144280,"Action,Casual,Indie",75,73,2
1346970,Casual,49,35,14
4470,RPG,35,24,11
966730,"Adventure,Indie,RPG",0,0,0
1679340,"Casual,Free to Play,RPG",0,0,0
1550660,"Casual,Indie,Simulation",0,0,0
1116470,"Casual,Indie,Simulation",16,5,11
1070980,"Strategy,Early Access",3,1,2
577700,"Action,Casual,Indie",36,33,3
32470,Strategy,17923,17477,446
485900,"Indie,Simulation",143,120,23
1271250,"Casual,Indie,Sports",4,2,2
1717020,"Action,Adventure,Indie,Early Access",22,16,6
1238630,"Action,Indie",1,0,1
1565780,"Casual,Indie",0,0,0
1492380,"Action,Adventure,Casual,Indie,Massively Multiplayer,RPG,Simulation,Sports",6,2,4
291910,"Action,Simulation",207,102,105
959760,"Action,Adventure,Casual,Indie",0,0,0
1437170,"Adventure,Casual,Indie",3,2,1
1366290,"Action,Casual,Indie,Simulation",0,0,0
640380,"Action,Indie",149,142,7
1089080,"Action,Adventure,Free to Play,Indie,RPG",0,0,0
776320,"Action,Casual,Indie",4,2,2
1215860,Simulation,20,13,7
464540,Adventure,3,1,2
366350,Indie,3,3,0
1719460,"Adventure,Casual,Indie",51,44,7
1388670,"Casual,Indie",2,2,0
214910,"Action,Simulation",116,50,66
333120,"Casual,Indie",13,7,6
1116960,"Action,Free to Play,Indie",0,0,0
806540,"Action,Adventure,Casual,Indie,Racing,Sports,Strategy",0,0,0
649740,"Action,Casual,Massively Multiplayer,Simulation,Strategy",7,2,5
1718860,Casual,0,0,0
856880,"Free to Play,Indie,RPG",24,21,3
851810,"Casual,Free to Play,Indie",0,0,0
668590,"Adventure,Casual,Indie",155,134,21
1369560,"Action,Adventure,Casual,Indie",9,9,0
489080,"Casual,Indie,RPG",2,1,1
342540,"Adventure,Indie,Early Access",9,3,6
1575320,"Casual,Indie",1,1,0
953290,"Simulation,Early Access",0,0,0
1228330,"Indie,Massively Multiplayer,RPG,Strategy",23,19,4
1054720,"Action,Casual,Indie,Early Access",3,2,1
256370,"Racing,Simulation,Sports",443,335,108
717040,"Violent,Action",4,1,3
1110690,"Adventure,Indie",1,1,0
1358250,Indie,870,808,62
1140270,"Indie,Simulation",3311,3254,57
1244960,Indie,0,0,0
1419200,"Adventure,Casual,Indie,RPG",4,1,3
332540,"Indie,RPG,Strategy",37,34,3
312920,Sports,133,108,25
703880,"Action,Indie,Strategy",52,41,11
1033250,"Adventure,Indie,Early Access",1,0,1
1847210,"Education,Software Training",1,1,0
1145180,"Casual,Indie",1,1,0
612670,"Action,Adventure,Indie,RPG",14,14,0
358350,Action,38,36,2
1016120,"Simulation,Sports",4147,3490,657
1828710,"Action,Adventure,Indie",4,4,0
809380,"Casual,Indie,RPG",0,0,0
842750,"Action,Indie",60,54,6
1531610,Casual,6,5,1
1870710,"Casual,Indie,Strategy",1,1,0
1136330,"Indie,RPG",103,95,8
1957990,"Casual,Strategy",149,142,7
595770,"Action,Indie,RPG,Strategy",122,82,40
1601590,"Casual,Indie,Early Access",1,1,0
1721870,"Action,Indie",198,185,13
1355630,"Casual,Indie,Strategy",2,2,0
1054490,"Indie,Strategy",3184,3032,152
579030,Action,0,0,0
1859640,Simulation,0,0,0
1541670,Casual,0,0,0
568240,"Action,Indie,Sports,Early Access",1,1,0
1110580,"Animation & Modeling,Design & Illustration,Early Access",34,27,7
493060,"Action,Casual,Indie",122,102,20
1423360,"Adventure,Indie,RPG,Simulation,Strategy,Early Access",2,2,0
1450730,"Action,Adventure,Indie",0,0,0
1638860,Adventure,0,0,0
1281390,"Action,Adventure,Casual,Indie,RPG,Simulation,Early Access",26,20,6
270490,"Adventure,Indie,RPG",96,81,15
1140290,"Adventure,Indie",685,604,81
789490,"Casual,Indie",2,1,1
268750,"Action,Adventure,Indie,RPG",3618,3032,586
675220,"Action,Indie",9,2,7
933050,"Adventure,Indie",2,1,1
897800,"Casual,Indie,Sports",33,33,0
918100,"Action,Casual,Indie",1,1,0
505680,"Violent,Gore,Action,Indie",13,10,3
899180,"Action,Indie,Strategy",26,21,5
606300,"Casual,Indie,Strategy",2,1,1
1174030,"Indie,RPG,Strategy",11,11,0
1118880,"Indie,Simulation",40,37,3
1581310,"Action,Indie,Racing",1,1,0
777530,"Casual,Indie,Simulation,Sports,Early Access",1,0,1
376920,"Action,Casual,Indie",79,62,17
756210,"Adventure,Casual,Indie",4,4,0
20510,"Action,RPG",3275,2672,603
354740,"Indie,RPG",91,76,15
1768540,"Action,Adventure,Casual",0,0,0
1122090,"Casual,Indie,RPG",0,0,0
944860,"Indie,Simulation,Strategy",7,4,3
1085660,"Action,Adventure,Free to Play",64647,56038,8609
683130,"Action,Casual,Indie",3,2,1
2003970,Action,0,0,0
1938210,"Casual,Simulation",0,0,0
509310,"Casual,Indie",2,2,0
679100,"Action,Indie,Early Access",1,1,0
723280,Utilities,2,1,1
1746760,"Action,Adventure,Casual",1,1,0
590430,"Nudity,Adventure",4,2,2
1800120,Casual,0,0,0
1139860,"Action,Adventure,Indie,RPG,Simulation,Early Access",4,3,1
653930,"Casual,Indie,Simulation",481,448,33
1276100,"Adventure,Casual,Free to Play,Indie",0,0,0
849880,"Adventure,Casual,Indie,Strategy,Early Access",0,0,0
1416260,"Free to Play,RPG,Strategy",134,114,20
1063730,"Action,Adventure,Massively Multiplayer,RPG",114165,77378,36787
709840,"Action,Indie,Simulation",64,25,39
1334330,"Casual,Indie,Simulation",6,5,1
502450,Simulation,5,1,4
1370580,"Action,Adventure,Casual,Indie,Simulation",2,1,1
1169060,"Action,Casual,Indie",1,1,0
1053170,"Free to Play,Simulation,Strategy",0,0,0
1308790,RPG,1,0,1
967050,"Action,Adventure,Casual,Indie,Strategy",9018,8010,1008
233840,Strategy,645,460,185
1625340,"Action,Indie,Early Access",10,5,5
1568260,"Action,Adventure,Indie",2,2,0
1336460,"Action,Casual,Indie",2,2,0
313210,Action,79,52,27
1210780,"Action,Adventure,Free to Play,Indie,RPG,Simulation",0,0,0
712240,"Action,Adventure,Casual,Indie",14,12,2
722680,"Casual,Indie",2,0,2
598600,"Violent,Adventure,Casual,Indie",11,5,6
698980,"Action,Adventure,Casual",6,4,2
1678760,Strategy,5,4,1
1706920,"Casual,Indie,Strategy,Early Access",20,17,3
475190,"Adventure,Indie",1363,1244,119
399890,"Adventure,Casual",118,95,23
1383170,"Adventure,Indie",5,4,1
1239660,"Indie,Racing",42,29,13
12510,Strategy,100,19,81
1592860,"Action,Adventure,Indie,RPG",0,0,0
1217310,"Action,Adventure,Indie",6,6,0
416060,"Action,Adventure,Indie,RPG",87,56,31
945100,"Action,Casual,Indie",9,9,0
1493320,"Adventure,Casual,Indie,RPG,Simulation,Strategy",0,0,0
204360,"Action,Adventure,Casual,Indie,RPG",29562,28670,892
1166110,"Casual,Free to Play,Indie,Simulation",23,14,9
1281420,"Adventure,Indie",15,13,2
1123400,"Action,Adventure,Indie,RPG,Early Access",2,2,0
1389020,"Action,Indie",40,26,14
4880,Strategy,128,97,31
819560,"Action,Indie,Racing",6,5,1
710250,"Indie,Racing,Early Access",10,5,5
580950,"Action,Adventure,RPG",8,1,7
1120770,"Casual,Indie,Simulation,Strategy",0,0,0
1338640,"Action,Adventure",119,116,3
1412070,"Action,Indie,Strategy,Early Access",9,4,5
686770,"Indie,RPG,Strategy",116,110,6
273350,"Action,Free to Play",5174,3367,1807
1456410,"Action,Indie,Simulation,Strategy,Early Access",1,1,0
1486840,"Adventure,Indie",48,47,1
1196590,Action,27026,25793,1233
888570,"Action,Casual,Indie,Simulation,Strategy",1,1,0
799620,"Indie,RPG,Strategy",10,7,3
352620,"Action,Indie",26,24,2
1514030,"Action,Adventure,Casual,Indie,RPG,Simulation",12,7,5
914430,"Adventure,Indie",0,0,0
1149430,"Action,Adventure,Indie",0,0,0
1677220,Casual,3,2,1
1075170,"Action,Adventure,Indie",22,21,1
591990,"Violent,Gore,Adventure,Indie",10,6,4
704470,"Casual,Indie",69,68,1
278510,Action,39,38,1
1342050,"Adventure,Indie,RPG",17,10,7
1729050,"Casual,Indie,Strategy",8,8,0
979990,Strategy,0,0,0
1247830,"Casual,Indie,Racing,Simulation",4,3,1
684700,"Indie,RPG",17,9,8
926480,"Adventure,Casual,Indie,Simulation,Early Access",1,0,1
1348690,"Indie,RPG,Strategy,Early Access",33,29,4
1494500,"Simulation,Early Access",24,23,1
1288310,Indie,223,215,8
1096930,Strategy,131,121,10
868260,"Casual,Indie,Simulation,Strategy",14,8,6
893020,"Indie,RPG",39,29,10
1844640,"Casual,Indie,Strategy",1,1,0
807120,"Indie,RPG,Strategy",2215,1905,310
822660,"Action,Adventure,Casual,Indie",9,9,0
2017160,"Casual,Indie",1,1,0
664600,"Sexual Content,Violent,Gore,Adventure,Casual,Indie",1,0,1
1108560,"Action,Free to Play,Indie,RPG",0,0,0
1905310,"Casual,Strategy",3,3,0
1355770,Action,1,0,1
1706260,"Action,Adventure,Indie,Strategy,Early Access",0,0,0
1008850,"Adventure,Casual,Indie,RPG",1,0,1
252630,"Action,Adventure,Indie,RPG",1112,977,135
1418570,"Casual,Simulation",36,36,0
1060160,"Action,Adventure,Casual,Indie,RPG,Strategy,Early Access",26,20,6
545150,"Action,Adventure,Indie",20,11,9
1128610,"Casual,Indie",7,7,0
567080,"Indie,Strategy",165,145,20
1619970,"Action,Indie,RPG",1,1,0
1779660,Action,2,1,1
398940,"Action,Indie",15,11,4
522730,"Action,Casual,Indie,Simulation,Early Access",11,10,1
1320440,"Indie,Strategy",3,1,2
671370,"Casual,Racing",0,0,0
640590,Action,346,306,40
1459640,Casual,8,7,1
1823360,"Action,Adventure",0,0,0
490930,"Adventure,Indie,Simulation",134,102,32
333290,"Action,Indie",12,12,0
1212370,"Indie,Simulation",6,6,0
1168880,"Indie,Simulation",319,293,26
597720,"Action,Indie,Racing",9,6,3
263800,Strategy,18,1,17
626600,"RPG,Strategy",129,98,31
1927820,"Action,Adventure,Indie,Simulation,Early Access",0,0,0
352900,"Action,Indie,Racing",7,4,3
1238710,"Adventure,Casual,Indie,RPG,Simulation,Strategy",1,1,0
339110,"Casual,Indie",4,1,3
1693760,"Action,Adventure,Indie",28,27,1
1966260,"Casual,Indie,Simulation,Strategy",6,1,5
1866470,"Action,Casual,Indie",6,6,0
1434160,Strategy,1,0,1
246820,"Action,Adventure,Casual,Indie,Early Access",4,3,1
1566340,"Adventure,Indie",1,1,0
923360,"Simulation,Early Access",0,0,0
675510,"Violent,Action,Adventure,Indie",11,4,7
475520,"Action,Casual,Indie",10,7,3
9900,"Free to Play,Massively Multiplayer,RPG",704,527,177
298820,"Adventure,Casual,Indie,RPG",18,15,3
1642040,"Casual,Simulation",12,10,2
1170870,"Casual,Indie,Early Access",0,0,0
367670,Utilities,1225,1110,115
510780,Strategy,10,5,5
1563160,Adventure,39,29,10
1631640,"Action,Adventure,Indie,RPG",30,24,6
383620,"Racing,Simulation",16,4,12
1736570,"Action,Adventure,Free to Play,Indie",0,0,0
1004550,"Action,Casual,Racing,Simulation",3,0,3
1851730,"Adventure,Casual",23,20,3
457960,"Action,Indie,Simulation,Sports",570,510,60
1096360,"Adventure,Indie,RPG,Early Access",10,9,1
1180190,"Indie,Strategy",2,1,1
1695620,"Indie,Simulation",18,18,0
1218570,Simulation,36,29,7
979160,"Action,Adventure,Casual,Indie",6,5,1
1793500,"Casual,Indie,Simulation,Animation & Modeling,Design & Illustration,Utilities",11,10,1
310070,"Indie,Strategy",14,10,4
598880,"Action,Indie",8,8,0
231020,"Indie,Simulation",35,20,15
1056010,"Casual,Indie,Racing,Simulation",3,2,1
1236490,"Action,Casual,Indie",33,33,0
1778310,"Adventure,RPG",0,0,0
46510,Adventure,448,378,70
705640,"Indie,Strategy",11,6,5
443420,"Action,Indie,Strategy",48,37,11
1704310,"Casual,Indie,RPG",3,3,0
1897410,"Action,Casual,Indie,Strategy",2,0,2
46410,"Action,Adventure,Indie,RPG",134,95,39
1297320,"Action,Casual,Free to Play,Indie,Simulation,Strategy",18,11,7
1269560,"Action,Indie",2,1,1
1371540,"Action,Indie,RPG",5,5,0
607770,"Indie,Simulation",2,2,0
566180,"Action,Adventure,Indie,Early Access",4,1,3
1899210,"Adventure,Casual,Indie,Simulation,Early Access",5,4,1
453870,"Indie,Strategy,Early Access",31,20,11
743370,Sports,0,0,0
553800,"Action,Adventure",23,12,11
1606210,Indie,26,25,1
1968530,"Adventure,Indie",0,0,0
337130,Adventure,9,7,2
1514250,"Adventure,Indie,Simulation,Strategy,Early Access",1,0,1
866900,"Indie,RPG,Early Access",0,0,0
1034900,Action,426,406,20
600330,"Violent,Gore,Action",7,6,1
1560530,"Action,Casual,Sports",2,0,2
1194140,"Indie,RPG,Simulation,Strategy",42,23,19
590590,"Action,Indie,Racing",186,175,11
1924270,"Action,Adventure,Indie",1,1,0
518110,"Action,Adventure,Indie,Simulation,Early Access",21,11,10
1402390,"Action,Casual,Indie,Early Access",0,0,0
326380,"Adventure,Casual",30,20,10
1343330,"Action,Indie",1,0,1
332490,"Simulation,Strategy",216,160,56
1299330,"Action,Indie,Simulation,Strategy,Early Access",8,6,2
1652490,"Simulation,Sports,Strategy,Early Access",44,27,17
1367230,Casual,15,15,0
1146100,"Indie,RPG",87,66,21
818500,"Casual,Indie",60,58,2
645790,"Action,Indie,Strategy",622,466,156
1021690,"Casual,Indie,Simulation,Strategy",4,1,3
1844170,"Action,Indie",6,6,0
1510820,Indie,0,0,0
1782380,"Free to Play,Indie,Massively Multiplayer",0,0,0
494360,"Adventure,Indie",70,63,7
559450,"Indie,RPG,Strategy",2,0,2
1844270,"Casual,Indie",5,5,0
991800,Casual,1,1,0
1528120,"Casual,Simulation,Strategy",34,30,4
1883220,"Casual,Indie,Strategy",1,0,1
1202880,"Action,Casual",0,0,0
1585680,Indie,5,3,2
531050,"Adventure,Indie,Simulation,Strategy",119,75,44
1398180,"Action,Adventure,Casual,Indie",7,6,1
373770,"Indie,RPG",1729,1684,45
34460,Strategy,41,40,1
1004150,"Adventure,Casual,Indie",5,5,0
1062080,"Casual,Free to Play,Indie,Sports",3,3,0
1070160,"Racing,Early Access",2,2,0
37310,Casual,14,6,8
1527270,Indie,0,0,0
1794970,Video Production,0,0,0
1081470,"Free to Play,RPG,Strategy,Early Access",0,0,0
1768480,"Action,Adventure,Casual,Indie",0,0,0
379980,"Adventure,Casual,Indie,RPG,Simulation",1067,978,89
1253180,"Adventure,Casual,Indie",5,2,3
1992530,"Casual,Early Access",0,0,0
1250940,"Action,Adventure,Indie,Early Access",0,0,0
2073970,"Action,Casual,Indie,Early Access",8,7,1
763030,"Adventure,Indie",83,76,7
325370,"Action,Adventure,Indie,Strategy",28,25,3
1412440,"Adventure,Casual,Indie,RPG,Strategy",0,0,0
1213450,"Casual,Indie,Simulation,Early Access",2,1,1
1065100,"Adventure,Indie,RPG,Simulation",313,300,13
2017010,Adventure,2,1,1
1521580,"Action,Casual,Indie,Strategy",306,288,18
1833730,Adventure,1,1,0
281410,Action,202,150,52
1279440,Strategy,0,0,0
656620,"Action,Indie",0,0,0
1404030,"Action,Adventure,Casual",6,5,1
1350350,"Adventure,Casual,Indie,RPG,Simulation",59,56,3
354380,"Action,Adventure",766,537,229
1364570,Action,0,0,0
1416140,"Action,Casual,Indie",1,0,1
1998580,"Action,Indie,Strategy",3,2,1
1588590,"RPG,Sports,Early Access",4,4,0
1540410,Action,6,4,2
33650,Casual,199,171,28
845030,"Adventure,Indie",36,35,1
576050,"Action,Adventure,Casual,Indie",25,10,15
531520,"Action,Indie,Strategy",5,1,4
1475700,"Casual,Simulation",2,2,0
1785510,"Action,Adventure,RPG",2,2,0
833140,"Action,Casual,Indie",82,77,5
1216310,"Casual,Indie",0,0,0
1403460,"Action,Adventure,Indie",17,14,3
1375760,"Adventure,Indie,RPG,Simulation,Early Access",4,3,1
358380,"Action,Racing",54,48,6
1607340,"Design & Illustration,Photo Editing,Utilities,Web Publishing,Game Development",0,0,0
1649790,"Indie,Early Access",0,0,0
200210,"Action,Free to Play,Indie,Massively Multiplayer,RPG",122,96,26
1961260,"Action,Adventure,Casual,Indie",5,4,1
1868510,"Casual,Indie",6,5,1
1103250,"Adventure,Indie,Simulation",3,2,1
1376060,"Action,Adventure,Indie,RPG",2,2,0
485800,"Casual,Indie,Simulation",2,1,1
519490,"Casual,Sports",9,4,5
573110,"Adventure,Indie",22,16,6
1787190,"Action,Casual,Indie,Early Access",4,4,0
783590,"Indie,RPG,Sports,Strategy",160,108,52
981770,"Adventure,Simulation",138,123,15
1548030,"Adventure,Indie",0,0,0
1794930,"Casual,Indie",0,0,0
1651930,"Adventure,Casual,Indie,Strategy",6,6,0
891100,Indie,10,5,5
1214600,"Action,Casual,Indie,Strategy",7,4,3
1775750,"Casual,Indie,Strategy",12,11,1
846470,"Action,Adventure,Casual",1404,1328,76
410830,"Violent,Action,Indie,Sports,Early Access",54,46,8
404960,Indie,43,32,11
298930,"Adventure,Indie",202,145,57
1812090,Adventure,141,123,18
1716370,"Adventure,Indie",0,0,0
447190,Adventure,119,97,22
1283270,"Action,Adventure,Indie,RPG",0,0,0
1356260,"Casual,Indie",2,2,0
1513130,Action,3,1,2
1734350,Adventure,1,1,0
539690,"Casual,Indie,Strategy",3,1,2
984590,"Casual,Indie",2,2,0
312220,"Action,Adventure,Indie,RPG",3,1,2
34030,Strategy,6732,6168,564
713600,"Action,Adventure,Casual,Indie,Simulation",11,5,6
470890,"Action,Indie",4,0,4
479020,"Action,Adventure,Indie,Strategy",56,34,22
1929380,"Action,Indie",1,0,1
1157750,"Adventure,Casual,Indie,RPG",112,89,23
1806860,"Action,Adventure,Casual,Indie,Simulation,Strategy",0,0,0
1129720,"Action,Indie",3,3,0
1177960,"Action,Adventure,Indie",1,1,0
1627150,Action,5,4,1
1140350,"Action,Casual,Indie",0,0,0
1386020,"Adventure,Casual,Indie,Simulation,Strategy",15,14,1
337720,"Adventure,Indie",140,136,4
529890,Adventure,76,61,15
1724280,"Adventure,Casual,Simulation",1,1,0
23300,Casual,46,35,11
1226510,"Indie,RPG,Strategy",362,254,108
1300700,"Action,Indie,RPG,Simulation,Strategy",57,40,17
394700,"Adventure,Casual,Indie",67,51,16
1036030,"Action,Adventure",0,0,0
993250,"Action,Casual,Indie,Simulation",4,2,2
1315040,"Casual,Indie,RPG,Simulation,Early Access",1,1,0
32330,"Action,Adventure",893,762,131
1311960,"Adventure,Casual",4,4,0
974830,Adventure,0,0,0
2550,"Casual,Indie",3,0,3
1825740,"Action,Casual,Indie,Early Access",46,41,5
593900,"Sexual Content,Nudity,Adventure,Casual",98,78,20
1186680,"Action,Casual,Indie,Racing",0,0,0
1732390,"Action,RPG",1,1,0
1737100,Adventure,1339,1249,90
1508430,Casual,54,49,5
1000640,"Adventure,Indie",71,67,4
912070,"Action,Indie,RPG,Early Access",1,1,0
390520,"Action,Adventure,Indie",698,623,75
752020,"Violent,Gore,Action,Adventure,Indie",15,5,10
362090,"Indie,RPG",160,142,18
1554140,"Casual,Indie",0,0,0
752050,"Adventure,Casual,Indie,Simulation",20,10,10
504920,"Adventure,Indie",74,59,15
1237980,"Action,Adventure,Strategy",1287,1019,268
812460,"Casual,Indie,Simulation",0,0,0
1867290,"Casual,Indie,Simulation",0,0,0
1164740,Indie,54,51,3
1849560,Casual,0,0,0
624970,"Action,Strategy",469,420,49
1131420,"Casual,Indie,Simulation",5,0,5
1124060,"Indie,RPG",27,26,1
956550,"Casual,Indie",4,2,2
1041760,"Adventure,Casual,Indie,RPG,Strategy",0,0,0
1137360,Indie,1,1,0
1046350,"Action,Casual,Indie,Early Access",3,2,1
458110,"Action,Casual,Indie",2,1,1
1282730,"Indie,RPG,Strategy",13029,12025,1004
604150,"Casual,Indie,Strategy,Early Access",8,5,3
1677920,"Action,Casual,Indie",0,0,0
1093150,Casual,16,12,4
1499980,"Action,Adventure,Casual,Indie",2,2,0
776920,"Animation & Modeling,Design & Illustration",21,16,5
955060,Indie,498,324,174
1101260,"Adventure,Casual,Indie",151,126,25
1519650,"Action,Casual,Indie,Strategy",4,4,0
1318030,"Simulation,Design & Illustration,Education,Software Training,Utilities",19,17,2
1378070,Adventure,153,74,79
1301950,"Action,Adventure,Casual,Indie,Racing,Simulation",66,56,10
1468820,Indie,0,0,0
1067760,"Action,Casual,Indie,Simulation,Strategy",7,2,5
1751160,"Casual,Strategy",1,0,1
582920,"Action,Indie",15,10,5
556200,"Action,Indie",1,0,1
1723400,Indie,2,2,0
1422810,"Casual,Indie",4,2,2
1370630,"Casual,Indie",15,13,2
26000,"Action,Indie",137,118,19
695660,"Violent,Action,Indie,Early Access",23,20,3
1212460,"Adventure,Casual,Indie",0,0,0
682350,"Action,Adventure,Casual,Indie",5,2,3
1321230,"Adventure,Indie,RPG",65,60,5
956310,"Action,Early Access",6,6,0
1069120,"Action,Adventure,Indie,RPG",0,0,0
630070,"Action,Casual,Indie,Simulation",7,6,1
1134700,"Action,Indie,Massively Multiplayer,RPG,Early Access",286,169,117
597670,"Action,Casual,Sports",2,2,0
1253720,"Action,Adventure,Casual,Indie,Strategy",1,0,1
733300,"Adventure,Indie",167,158,9
1936490,Casual,15,15,0
439700,Massively Multiplayer,295,190,105
2021220,"Adventure,Indie,Early Access",8,8,0
1512550,"Action,Casual,Indie,Strategy,Early Access",0,0,0
545400,"Adventure,Casual,Indie",9,7,2
1356710,Casual,13,12,1
887720,"Action,Adventure,Indie",151,77,74
1682530,"Action,Adventure,Indie,RPG,Simulation",4,1,3
803270,"Action,Casual,Indie,Sports",9,9,0
1056860,"Action,Free to Play,Indie",0,0,0
1865590,"Casual,Indie,Strategy",1,1,0
1000990,"Action,Casual,Indie",9,6,3
1158660,"Adventure,Casual,Indie",73,63,10
810000,"Action,Adventure,Indie",7,7,0
557860,Casual,12,11,1
639130,"Adventure,Simulation",306,274,32
561000,"Adventure,Casual,Indie",39,36,3
1083430,"Action,Casual,Indie,Strategy",1,0,1
1916270,Indie,67,54,13
1553580,"Casual,Indie,RPG,Simulation,Early Access",5,2,3
433950,"Action,Casual,Indie",2984,2905,79
271730,"Action,Adventure,Indie,Strategy",69,33,36
925010,"Action,Adventure,Indie",11,7,4
1638450,"Action,Adventure",1,1,0
1682980,"Adventure,Indie,RPG",4,4,0
286810,"Action,Racing",135,89,46
668230,"Action,Adventure,Casual,Indie,Strategy",2,2,0
221640,"Action,Indie",11120,10799,321
328510,"Action,Indie,Early Access",44,29,15
1090630,Action,2035,1682,353
874690,"Action,Casual,Indie,Early Access",2,2,0
650570,"Adventure,Indie",55,51,4
1451200,"Casual,Free to Play,Indie,Massively Multiplayer,Racing,RPG,Simulation,Strategy,Early Access",7,1,6
1054300,"Action,Adventure,Casual,Free to Play,Indie,RPG,Strategy",0,0,0
1756900,"Action,Adventure,Casual,Indie,RPG,Early Access",0,0,0
783170,"Action,Indie,RPG",275,160,115
431360,"Action,Adventure,Indie,Early Access",5,2,3
1157920,"Casual,Indie",0,0,0
648890,"Indie,Simulation",164,152,12
1918790,"Action,Indie,Early Access",5,5,0
1166250,Casual,4,1,3
1153920,"Action,Indie",0,0,0
936970,"Action,Indie",0,0,0
848330,"Casual,Indie,Strategy",10,7,3
1676450,"Free to Play,RPG",0,0,0
1748340,"Action,Early Access",4,3,1
1566430,"Adventure,Indie,Simulation",2,1,1
1212330,Simulation,1,1,0
1090540,"Action,Casual,Indie",0,0,0
649790,"Casual,Indie,Simulation",102,44,58
274940,"Action,Indie",9452,8551,901
1258590,Indie,382,310,72
491350,"Action,Adventure,Indie",24,23,1
1294230,"Adventure,Casual,Indie",55,49,6
1117930,"Action,Adventure,Indie,RPG",8,6,2
556530,"Action,Adventure,Casual,Indie,RPG,Strategy,Early Access",24,16,8
460990,Casual,26,17,9
1112790,"Indie,Simulation,Strategy",1318,878,440
767100,"Action,Adventure,Indie",8,4,4
1454720,"Simulation,Sports",0,0,0
844160,"Casual,Indie",11,11,0
1507110,"Action,Adventure,Indie,RPG,Early Access",1,1,0
1212100,"Action,Casual,Indie",66,59,7
857060,"Casual,Indie",79,39,40
989430,"Adventure,Casual,Indie,RPG",5,4,1
1845710,"Action,Indie",0,0,0
1319100,"Action,Indie,Early Access",5,4,1
293460,"Action,Indie,RPG",75,54,21
1794190,"Adventure,Indie",2,2,0
1052140,"Casual,Indie,Simulation,Sports,Early Access",0,0,0
1289120,"Casual,Indie,RPG",0,0,0
1399440,"Casual,Simulation",2,1,1
628960,"Adventure,Casual,Indie,Simulation,Early Access",5,5,0
1886450,"Action,Adventure,Casual,Indie",16,15,1
1516400,"Casual,Indie,Strategy",88,63,25
886110,"Action,Casual,Indie,Strategy",15,13,2
1819260,"Adventure,RPG",0,0,0
1177390,"Casual,Indie,Sports,Strategy",0,0,0
940320,Action,2,2,0
1712420,Casual,6,6,0
493110,"Action,Indie,Strategy",13,12,1
1546380,Casual,5,2,3
789880,Action,10,2,8
1223200,"Casual,Indie",0,0,0
1537800,"Adventure,Casual",14,10,4
751920,"Casual,Indie,RPG,Strategy,Early Access",0,0,0
1904860,"Indie,RPG,Strategy",155,114,41
412370,"Action,Adventure,Casual,Indie",9,6,3
242570,"Indie,Strategy",1036,724,312
1651750,"Action,Indie",3,3,0
1550680,"Indie,Strategy",2,2,0
1825350,"Adventure,Casual",9,7,2
1950720,Casual,0,0,0
1458460,"Adventure,Early Access",12,8,4
1454050,"Casual,Racing,Simulation,Sports,Strategy",15,12,3
1305690,"Adventure,Casual,Free to Play,Indie,RPG",0,0,0
778270,"Action,Adventure",1,0,1
878890,Education,1,0,1
1102740,"Casual,Indie,RPG,Strategy",2,2,0
691860,"Indie,Racing",5,3,2
553310,"Action,Indie,Sports",3351,3254,97
1396450,"Action,Adventure,Indie",0,0,0
796050,"Adventure,Casual",7,5,2
322920,"Action,Adventure,Simulation",1753,988,765
1631330,"Casual,Simulation",0,0,0
1545280,"Casual,Indie",1,1,0
1671310,"Action,Adventure,Casual,Indie,Simulation,Strategy",2,1,1
1037960,"Action,Indie,Racing,Simulation",51,23,28
420370,"Adventure,Casual,Indie",4,3,1
1212710,"Action,Adventure,Indie,RPG",2,2,0
1609010,"Casual,Indie,Simulation,Early Access",11,9,2
499210,"Violent,Action,Racing",20,8,12
900400,"RPG,Early Access",205,193,12
622170,Action,55,35,20
1823940,"Casual,Indie,RPG,Strategy",4,3,1
704940,"Casual,Indie",2,0,2
1269540,"Indie,Strategy",5,3,2
1196400,"Adventure,Casual",26,21,5
1865500,Casual,0,0,0
1899400,Casual,19,14,5
1966580,Racing,0,0,0
344230,"Casual,Indie,Simulation,Strategy",35,23,12
2011080,Casual,1,1,0
1725620,"Casual,Indie",3,3,0
993390,"Action,Casual,Indie",0,0,0
1336440,"Adventure,Casual",3,3,0
1784840,"Action,Casual,Indie",0,0,0
1727440,Action,0,0,0
1303950,"Action,Adventure,Indie",194,186,8
352790,"Action,Indie",13,11,2
554640,"Adventure,Free to Play,Indie,RPG",2,0,2
379390,Casual,14,10,4
1383400,"Adventure,Casual,RPG,Simulation,Strategy",3,2,1
296240,"Adventure,Casual,Strategy",348,285,63
511320,"Adventure,Casual,Indie",12,9,3
258643,Simulation,15,10,5
794230,"Adventure,Indie,Early Access",0,0,0
336080,Strategy,255,206,49
1852830,"Adventure,Casual,Indie,Simulation",45,38,7
1489680,Casual,24,24,0
303590,"Action,Casual,Indie",322,318,4
1778950,"Action,Adventure,Simulation",2,1,1
1572230,"Action,Adventure,Indie,Early Access",0,0,0
1592530,"Casual,Simulation",25,23,2
649000,"Action,Indie",0,0,0
1565800,"Action,Casual,Indie",1,1,0
1875850,"Adventure,Casual,Indie",2,2,0
1628510,"Casual,Free to Play,Indie,Massively Multiplayer,Early Access",0,0,0
1260670,"Action,Casual,Simulation",62,58,4
535240,"Action,Casual,Indie,Early Access",1,1,0
340460,"Action,Casual,Free to Play,Indie,Strategy",1,0,1
1831190,"Casual,Free to Play,Indie",0,0,0
434220,"Action,Adventure,Indie,Strategy",17,16,1
957780,"Adventure,Indie,Strategy",16,10,6
501990,Adventure,124,109,15
711630,"Casual,Indie",0,0,0
438080,"Action,Casual,Indie",129,103,26
429200,"Action,Indie",15,10,5
594720,"Casual,Indie,Simulation,Strategy",51,29,22
1386160,"Action,Indie",18,16,2
544550,"Action,Indie,Simulation,Early Access",2820,2366,454
432380,"RPG,Strategy",31,29,2
895890,"Action,Casual",4,3,1
610560,"Adventure,Indie,RPG",6,3,3
1447020,"Action,Indie",0,0,0
808220,"Action,Adventure,Indie,Simulation,Early Access",10,8,2
1228680,"Action,Adventure,Indie",13,11,2
1342270,"Casual,Indie",5,5,0
777860,"Casual,Indie",1,0,1
259870,"Action,Strategy",156,118,38
984150,"Action,Adventure,Indie,RPG,Simulation,Strategy",1,0,1
756150,"Casual,Indie,Simulation",3,3,0
617570,"Audio Production,Utilities",7,7,0
424000,"Action,Adventure",18,5,13
1400380,Indie,0,0,0
221680,"Casual,Simulation",8101,7283,818
1605010,Strategy,145,131,14
1596940,Adventure,4,2,2
1473630,Action,5,2,3
996000,"Action,Indie",17,16,1
573760,"Adventure,Casual,Simulation,Strategy",9,7,2
1198730,"Action,Adventure,Casual,Indie,RPG,Simulation",167,130,37
1013660,"Action,Adventure,Indie",0,0,0
1629300,"Action,Adventure,Indie,Sports,Early Access",5,5,0
1889420,"Adventure,Casual,Free to Play,RPG",0,0,0
289060,"Indie,RPG",6,3,3
1673840,"Action,Adventure,Casual,Indie,Simulation,Strategy",8,7,1
1506280,Casual,141,110,31
644400,"Casual,Indie,Simulation",3,3,0
1682600,"Indie,Racing,Simulation",10,10,0
200910,"Indie,RPG",860,775,85
1536610,"Casual,Free to Play,Indie,Simulation",0,0,0
1622090,"Casual,Indie,Strategy",0,0,0
1148710,"Adventure,Indie,RPG",1,1,0
1285210,"Casual,Free to Play,Massively Multiplayer,Simulation,Sports,Strategy",0,0,0
218740,"Adventure,Indie",151,105,46
1038650,"Adventure,Casual,Indie",9,5,4
1050690,"Casual,Indie,Simulation",1,1,0
934930,"Racing,Simulation,Sports",255,207,48
1657550,"Casual,Indie,Early Access",1,1,0
874030,"Action,Adventure,Free to Play,Indie",0,0,0
1356530,"Adventure,Casual,Indie",18,13,5
297070,Adventure,10,3,7
698110,"Action,Adventure,Indie,Simulation",14,9,5
416430,"Indie,Strategy",3,0,3
945610,"Action,Free to Play,Indie,Early Access",0,0,0
1022860,"Action,Casual,Indie",0,0,0
208480,Adventure,4879,3251,1628
422810,"Action,Indie,RPG",1004,730,274
682160,"Casual,Simulation",2,2,0
413110,"Action,RPG,Simulation,Early Access",83,43,40
634410,"Adventure,Casual,Indie",137,136,1
1235480,"Casual,Indie,Simulation",4,1,3
863150,"Action,Adventure,Indie,RPG,Early Access",5,3,2
252330,"Action,Adventure,Indie",2650,2300,350
381250,"Action,Indie,Strategy",3,3,0
1440370,"Action,Adventure,Casual,Indie",1,1,0
222180,"Action,Indie",11,6,5
578610,"Action,Casual,Indie,Sports",7,6,1
891350,"Action,Adventure,Casual,Indie",6,5,1
1291210,"Indie,RPG,Early Access",13,10,3
1397650,"Indie,Racing,Simulation",316,291,25
895650,"Action,Casual,Indie",0,0,0
604980,Casual,5,5,0
516900,"Sports,Early Access",4,4,0
504470,"Action,Strategy,Early Access",11,4,7
1756750,"Action,Indie",2,0,2
393080,Action,2114,1288,826
806900,"Casual,Indie",4,4,0
1704640,"Simulation,Strategy",4,4,0
1779460,"Adventure,Simulation",45,44,1
1063960,"Action,Casual,Indie,RPG",7,7,0
1184590,"Action,Casual,Indie",0,0,0
1082770,"Indie,Simulation,Strategy",12,6,6
296790,"Casual,Indie,Racing,Simulation,Sports,Early Access",39,31,8
496980,"Action,Casual,Indie,Strategy",9,5,4
896750,"Adventure,Casual,Indie,Simulation",122,96,26
1351290,"Action,Adventure,Casual,Indie,Simulation,Strategy",10,5,5
202670,Adventure,167,151,16
690310,Action,8,7,1
587470,"Casual,Indie,Simulation",253,243,10
1471940,Casual,13,8,5
339800,"Indie,RPG,Simulation,Strategy",18695,18044,651
1783770,"Adventure,Casual,Indie",0,0,0
2015080,"Adventure,Casual",43,39,4
1302200,"Indie,Simulation,Strategy",0,0,0
1539150,"Adventure,Casual,Indie,RPG",0,0,0
1468720,"Action,Adventure,Casual,Indie,Simulation,Strategy,Early Access",1443,1324,119
574080,"Action,Indie,Massively Multiplayer,RPG,Simulation,Strategy",257,125,132
1176800,"Casual,Indie",1,1,0
1593700,"Casual,Indie,Simulation",5,5,0
1476420,"Action,Adventure,Casual,Indie",4,3,1
581340,"Adventure,RPG,Strategy",7,4,3
1803460,"Adventure,Casual,Indie",1,0,1
1864790,"Audio Production,Utilities,Game Development",58,54,4
793680,"Action,Indie,RPG",84,75,9
501300,"Adventure,Indie",10238,9608,630
852570,"Action,Indie",2,1,1
1062520,"Indie,RPG,Simulation,Early Access",5031,4854,177
1651760,"Casual,Indie,Strategy",2,2,0
1132190,"Casual,Free to Play,Indie",2,2,0
874460,"Action,Indie,RPG,Strategy",69,49,20
1200740,"Action,Adventure,Indie,Simulation,Sports",0,0,0
1503180,"Action,Indie,RPG",2,1,1
1031570,"Casual,Indie",6,4,2
1543810,"Adventure,Casual,Indie",3,0,3
844960,"Free to Play,Simulation,Sports,Strategy",0,0,0
555400,"Action,Adventure,Indie,Early Access",155,120,35
985240,"Action,Adventure,Indie,Early Access",9,7,2
1069960,Indie,0,0,0
507490,"Indie,Simulation,Strategy",1597,1306,291
877040,"Action,Indie",3,2,1
1583660,"Action,Adventure,Casual,Indie",2,2,0
1841600,Indie,0,0,0
1697420,Action,4,3,1
1152230,Indie,0,0,0
613200,"Violent,Action,Casual,Indie",11,10,1
813200,"Racing,Sports",0,0,0
888990,"Action,Adventure,Casual,Indie",16,16,0
1486790,"Adventure,Indie",6,6,0
1721130,"Indie,Strategy",0,0,0
1211960,"Indie,Simulation",26,14,12
1680990,"Adventure,Indie,RPG",3,3,0
1287940,"Action,Adventure,Casual,Free to Play,Indie",0,0,0
895610,"Action,Casual",5,5,0
1135140,Indie,5,2,3
401510,"Action,Indie",6,6,0
670900,Racing,277,171,106
1874010,"Action,Adventure,Casual,Indie,RPG",7,7,0
876320,"Action,Adventure,Indie,Simulation,Strategy",30,26,4
1207770,"Action,Casual,Free to Play,Indie",0,0,0
327910,"Action,Adventure,Strategy",29,19,10
1856680,"Adventure,RPG,Strategy",3,2,1
55000,"Adventure,Indie,Strategy",162,139,23
1561370,"Action,Adventure,Casual,Simulation",3,1,2
1487900,"Action,Casual,Indie",2,2,0
1375400,Action,237,189,48
867420,"Casual,Free to Play,Indie,Strategy",13,8,5
985800,"Action,Indie",16,11,5
1362910,Simulation,9,5,4
1280980,"Action,Indie",1,1,0
603730,Adventure,61,38,23
648630,Action,17,7,10
1934340,Adventure,3,3,0
1545040,Casual,1,0,1
892420,"Casual,Indie,RPG,Simulation",8,6,2
1266120,"Action,Indie,Early Access",0,0,0
1731940,"Action,Casual,Indie",18,14,4
449150,"Adventure,Indie",8,6,2
1098150,"Action,Adventure,Indie",0,0,0
1541530,Casual,1,1,0
676130,Indie,19,19,0
1205540,"Action,Indie",9,9,0
1603770,"Adventure,Casual,Simulation",0,0,0
1013320,"Action,Adventure,Casual,Free to Play,Indie,RPG,Simulation,Strategy,Early Access",0,0,0
625990,"Adventure,Indie,RPG",36,29,7
880860,"Action,Indie",9,6,3
372320,Action,15,14,1
1945760,"Casual,Free to Play,Massively Multiplayer,RPG",0,0,0
377050,Software Training,0,0,0
507080,"Casual,Simulation,Sports,Strategy",21,17,4
1699200,"Action,Free to Play",0,0,0
1491720,"Casual,Simulation",3,3,0
736700,Education,0,0,0
1934470,"Casual,Indie",0,0,0
1313400,Casual,3,2,1
1251250,"Casual,Indie,Sports,Early Access",2,2,0
535890,Indie,10,8,2
741590,"Free to Play,Indie,Strategy",0,0,0
18050,"Action,Indie,RPG",98,84,14
1037480,"Casual,Indie,Racing,Simulation,Sports",45,43,2
949170,"Action,Casual,Simulation",3,1,2
955400,"Casual,Indie,Simulation",31,29,2
1960320,"Casual,Indie,Early Access",1,1,0
311770,"Action,Adventure",819,705,114
1846300,"Adventure,Casual",3,2,1
1466640,"Action,Adventure,Indie",4158,3785,373
1319430,"Casual,Free to Play,Strategy",0,0,0
1667440,"Adventure,Casual,Indie",1,1,0
1217630,"Action,Adventure,Strategy",2,0,2
557410,RPG,159,137,22
731690,"Action,Adventure,Strategy",2,1,1
984540,Indie,8,8,0
1629380,"Action,Indie",1,0,1
1395410,Indie,6,6,0
463000,"Action,Massively Multiplayer",3,0,3
1227280,"Indie,RPG,Strategy,Early Access",716,606,110
1700450,"Casual,Indie",1,1,0
533630,"Action,Indie",1,1,0
664250,"Casual,Indie,RPG,Simulation",8,4,4
1378320,"Action,Indie,Early Access",1,0,1
1023110,"Casual,Indie",1,1,0
1127350,"Indie,Strategy",2,1,1
702030,"Action,Simulation",16,15,1
872550,"Indie,Strategy",6,2,4
25900,"RPG,Strategy",719,624,95
1685590,RPG,0,0,0
1978750,Action,2,2,0
742010,"Action,Casual,Indie,Strategy",3,1,2
762190,Indie,6,6,0
950460,"Action,Casual,Free to Play",0,0,0
24400,"RPG,Strategy",280,188,92
1846920,"Adventure,Casual,Indie",253,212,41
231740,"Indie,RPG",1095,879,216
1545350,Casual,2,2,0
1656900,Simulation,0,0,0
1715850,"Action,Indie",57,55,2
1144200,"Action,Adventure,Indie,Early Access",31440,29432,2008
849177,"Action,Adventure",0,0,0
1455540,"Action,Adventure,Casual,Indie,Massively Multiplayer,Racing,Sports,Early Access",1,0,1
1095370,"Action,Casual",8,8,0
573660,"Action,Adventure,Indie,RPG",8,1,7
346150,"Action,Adventure,Indie,Simulation,Strategy,Early Access",15,3,12
1096300,"Action,Adventure,Indie",5,2,3
1391280,"Casual,Indie,Simulation,Sports,Strategy",33,12,21
1072890,"Casual,Free to Play,Indie",0,0,0
1383780,RPG,2,0,2
884500,"Adventure,Casual,Indie,Simulation,Strategy",3,0,3
377220,"Casual,Indie,Strategy,Early Access",0,0,0
848310,"Casual,Indie,Simulation,Strategy,Early Access",67,27,40
1432890,Action,7,5,2
1090210,"Casual,Indie,Strategy",18,14,4
416790,"Action,Indie,RPG",205,180,25
463800,"Indie,RPG,Simulation,Strategy,Early Access",67,53,14
310880,"Simulation,Sports,Strategy",19,2,17
385270,"Action,Indie,Racing,Simulation,Sports",44,31,13
1464630,"Action,Indie,Simulation,Early Access",3,3,0
656770,"Animation & Modeling,Design & Illustration,Education",0,0,0
1898320,"Action,Adventure,Strategy,Early Access",0,0,0
1576220,"Indie,RPG",0,0,0
1276470,"Action,Adventure,Indie,Simulation,Early Access",164,105,59
940300,"Adventure,Casual,Indie",41,29,12
314500,"Design & Illustration,Photo Editing",104,81,23
1515470,"Action,Indie,RPG",23,23,0
1262470,"Indie,Simulation",7,2,5
1782260,"Casual,Indie",3,3,0
1639900,"Casual,Strategy",5,4,1
1791880,"Action,Indie",0,0,0
860650,"Adventure,Casual,Indie",75,53,22
524610,"Action,Casual,Indie,Simulation,Sports",4,0,4
1413350,"Action,Casual,Indie",9,8,1
608980,Design & Illustration,0,0,0
635390,"Action,Adventure,Indie",73,58,15
939850,Adventure,2495,1808,687
1549240,"Adventure,RPG,Strategy",1,0,1
1915050,"Adventure,Casual",0,0,0
939210,Racing,0,0,0
300760,"Action,Indie,Strategy,Early Access",37,21,16
566870,"Action,Indie,Simulation,Early Access",22,16,6
284260,Indie,129,116,13
855740,"Action,Adventure,Indie,Simulation,Early Access",460,386,74
1404970,"Adventure,Casual,Indie,Simulation,Early Access",4,4,0
520540,"Casual,Indie,Strategy",6,6,0
1149220,"Action,Casual,Indie",2,2,0
1502070,"Adventure,Indie",0,0,0
381050,"Action,Adventure,Indie",36,26,10
1732330,"Action,RPG",1,1,0
715010,"Action,Casual,Indie",244,232,12
552900,Indie,1,1,0
1626410,"Casual,Indie",2,2,0
1642940,"Casual,Indie",5,5,0
839260,"Adventure,Indie,Simulation",23,9,14
34315,Action,2,2,0
1912620,"Adventure,Indie",0,0,0
685670,"Adventure,Indie",105,98,7
711240,"Adventure,Indie,RPG",17,12,5
1924440,"Casual,Indie,Simulation",7,5,2
626570,"Casual,Indie,Simulation,Early Access",1,1,0
1836860,"Action,RPG",161,120,41
1148540,Casual,3,1,2
1335680,"Adventure,Indie",9,4,5
855320,"Adventure,Casual,Indie",15,7,8
1297000,"Casual,Indie",0,0,0
643960,"Indie,Strategy",203,168,35
1651030,"Action,Adventure,Casual,Indie",3,2,1
377500,"Casual,Indie,Strategy",16,12,4
465490,"Adventure,Indie,RPG,Strategy,Early Access",824,695,129
893710,"Action,Indie,Early Access",2,2,0
1629250,"Casual,Indie",0,0,0
792160,"Adventure,Casual,Strategy",10,9,1
1150310,"Casual,Indie,Sports",1,0,1
352700,"Action,Casual,Free to Play,Massively Multiplayer",3,3,0
1832010,"Adventure,Indie",1,0,1
432130,"Adventure,Indie",23,19,4
1291830,"Adventure,Casual,Indie,RPG,Strategy",7,5,2
860790,"Action,Adventure,Casual,Indie",7,5,2
1873410,"Action,Adventure,Indie,Strategy",1,1,0
1708810,Action,4,3,1
1376140,"Action,Indie",0,0,0
563750,"Simulation,Sports,Strategy",111,69,42
1402030,"Adventure,Casual,Indie",19,19,0
1414430,"Action,Adventure,Indie,RPG,Strategy",0,0,0
1095860,Casual,2,2,0
1291970,Action,0,0,0
944650,"Adventure,Indie,RPG",16,13,3
1188930,"Adventure,Indie,RPG,Strategy,Early Access",411,379,32
1165400,"Action,Indie,Strategy",13,9,4
1209740,"Indie,Simulation,Strategy,Early Access",18,7,11
1130590,"Action,Adventure,Indie",10,6,4
218640,"Violent,Gore,Action,Adventure,Indie",2484,1963,521
820610,"Action,Adventure,Casual,Indie,RPG",38,28,10
1602900,"Action,Casual,Free to Play,Indie",0,0,0
1950250,"Action,Casual,Indie",0,0,0
1770230,"Casual,Indie,Strategy",18,17,1
1267680,Adventure,0,0,0
1133230,"Indie,Simulation,Strategy",11,4,7
1380400,"Action,Adventure,Indie,Strategy",5,4,1
1637730,"Adventure,Indie,RPG,Strategy",976,898,78
551450,"Action,Indie",232,209,23
1379350,"Action,Adventure,Casual,Indie,Simulation,Early Access",0,0,0
1728100,Indie,0,0,0
672770,"Action,Indie,Simulation,Strategy",2,1,1
1219590,"Action,Free to Play,Indie,Early Access",0,0,0
336110,"Action,Indie",27,19,8
1711080,"Action,Free to Play",0,0,0
1841900,Indie,7,7,0
448640,"Indie,RPG,Early Access",22,16,6
695490,"Action,Indie,Simulation",7,4,3
1061270,"Action,Indie,Early Access",23,22,1
1622830,"Action,Adventure,Indie",0,0,0
1308500,"Adventure,Indie,Strategy",4,0,4
898580,"Indie,Simulation,Sports",239,228,11
1689510,"Indie,RPG,Simulation",11,8,3
1102510,"Adventure,Indie",1,1,0
1832370,"Action,Adventure,Casual,Indie,Early Access",0,0,0
802850,"Violent,Action,Casual",18,11,7
1076160,Simulation,517,442,75
880220,"Action,Adventure,Indie,RPG",11,5,6
1730630,"Action,Adventure,Indie,RPG",0,0,0
1531930,"Adventure,Indie",1,1,0
1779270,"Casual,Indie",0,0,0
904130,"Action,Indie,Strategy",30,26,4
1457810,"Action,Casual,Indie,Simulation,Strategy",4,4,0
518720,"Action,Simulation",146,100,46
521790,Strategy,90,58,32
984260,"Action,Adventure,Casual,RPG,Strategy",0,0,0
1222670,"Casual,Simulation",28821,26187,2634
1136770,"Adventure,Casual,Indie,Early Access",0,0,0
537130,Adventure,0,0,0
713310,"Action,Indie",8,8,0
40300,RPG,1660,1377,283
40970,"Simulation,Strategy",3906,3793,113
639960,Simulation,0,0,0
1397350,"Adventure,Casual,Indie,RPG",8,7,1
1729120,"Simulation,Sports",0,0,0
321600,Casual,25,1,24
1788940,Casual,14,10,4
1600020,"Action,Indie",0,0,0
1453740,"Action,Indie",5,4,1
1274940,"Casual,Indie",52,42,10
1802720,"Action,Casual,Indie,Early Access",46,42,4
1696930,"Action,Casual,Indie,Strategy",0,0,0
284910,"Action,RPG,Early Access",3,1,2
1972830,"Casual,Indie,Strategy",11,10,1
1209910,"Action,Adventure,Casual,Indie,Simulation",64,53,11
856320,"Action,Adventure,Casual,Indie,Racing",23,13,10
248370,Simulation,36,21,15
325210,"Adventure,Casual,Indie",519,372,147
687560,"RPG,Strategy",9,8,1
684230,Indie,7,6,1
835690,Simulation,4,4,0
425860,"Action,Casual,Indie",5,3,2
1767450,RPG,2,0,2
1098680,"Adventure,Casual,Indie,RPG",3,3,0
887370,"Action,Indie,RPG,Strategy",123,80,43
804130,"Action,Adventure,Casual,Indie",12,9,3
415480,"RPG,Strategy",363,306,57
979390,"Action,Indie",1,0,1
528070,"Casual,Indie",20,14,6
352960,"Action,Adventure,Indie,Simulation",35,13,22
1698040,"Adventure,Simulation",2,2,0
426330,"Indie,RPG",132,120,12
1447190,"RPG,Simulation",1,1,0
1287370,"Action,Adventure,Casual,Indie,RPG",0,0,0
1684900,Indie,9,8,1
1633780,"Action,Adventure,Indie,Simulation",2,0,2
871930,"Indie,Simulation,Strategy",458,414,44
936580,"Casual,Indie",0,0,0
559130,"Adventure,Indie",27,14,13
1490400,"Casual,Indie,Simulation,Sports",10,2,8
859960,"Casual,Indie,Strategy",8,8,0
1290720,"Action,Casual,Indie",8,7,1
1226070,"Casual,Free to Play,Indie",0,0,0
1236990,"Action,Adventure,Casual,Indie,Strategy",1185,1088,97
689610,"Action,Casual,Indie",2,0,2
1488640,"Action,Indie",32,30,2
979550,"Casual,Indie",2,1,1
1568050,"Casual,Utilities",6,6,0
335570,Indie,5,2,3
494120,"Action,Adventure,Casual,Indie",3,2,1
1355980,"Casual,Indie,Strategy",11,11,0
700480,"Action,Free to Play,Simulation,Strategy",0,0,0
800490,"Adventure,Indie,Simulation",13,11,2
648580,Adventure,414,397,17
1265570,Adventure,1,0,1
341640,"Adventure,Indie,RPG,Simulation,Strategy",12,5,7
656350,"Action,Adventure,Indie,RPG",3572,3296,276
893650,"Action,Adventure,Indie,Simulation,Strategy,Early Access",5,1,4
1844240,"Casual,Free to Play,Simulation",0,0,0
324570,Action,576,446,130
1739680,Indie,1,0,1
1995470,"Casual,Indie",42,22,20
703140,"Violent,Action",6,6,0
1416000,"Action,Adventure,Indie,RPG,Early Access",14,8,6
695450,"Action,Adventure,Indie,RPG",17,13,4
762130,"Casual,Early Access",3,2,1
1482400,"Action,Adventure,Early Access",0,0,0
1864070,"Casual,Indie,Simulation",4,1,3
1626130,Casual,0,0,0
280600,"Action,Indie,RPG",242,197,45
1496220,"Casual,Indie,Sports",0,0,0
1336230,"Action,Indie,RPG",1,1,0
1476970,"Casual,Free to Play,Indie,Massively Multiplayer,RPG,Simulation,Early Access",0,0,0
1631210,"Action,Casual,Indie",6,5,1
849870,"Action,Adventure,Indie",1,0,1
2012070,"Action,Casual,Free to Play,Indie",0,0,0
708850,"Casual,Indie",17,15,2
1428840,"Action,Adventure,Indie",7,7,0
409320,"Action,Adventure",113,79,34
721740,"Adventure,Casual,Indie,Simulation",6,5,1
951670,"Indie,Simulation,Strategy",209,172,37
253410,"Action,Adventure,Indie,RPG",117,69,48
1600700,"Action,Indie",2,2,0
348250,"Adventure,Casual,Free to Play,Simulation",48,45,3
1507640,Strategy,9,9,0
1181120,"Adventure,Casual,Indie",6,4,2
328500,Indie,156,131,25
33229,Action,1633,1112,521
1464910,Adventure,3,1,2
1643040,"Action,Indie",0,0,0
1861340,"Action,Casual,Indie,Strategy",0,0,0
1182070,"Action,Free to Play,RPG,Strategy",0,0,0
1195430,Action,5,4,1
1050230,"Action,Casual,Indie",7,7,0
1543460,"Adventure,Casual,Indie",11,10,1
1862210,"Action,Free to Play,Indie,Massively Multiplayer,Strategy",0,0,0
1342630,"Massively Multiplayer,RPG",0,0,0
1368870,"Simulation,Strategy",159,140,19
1091500,RPG,185321,146862,38459
1124690,Strategy,0,0,0
1640160,Action,30,30,0
547920,"Violent,Action,Indie,Strategy,Early Access",2,0,2
979720,Sports,8,5,3
1918470,"Adventure,Casual",1,1,0
942580,"Adventure,Indie,RPG",22,8,14
606980,"Action,Adventure,Indie",50,27,23
1206960,"Casual,Sports",12,6,6
2004650,"Adventure,Casual,Simulation,Sports",6,3,3
776600,"Action,Adventure,Indie,RPG",5,4,1
281860,"Action,Indie",44,42,2
1202420,"Casual,Indie,Strategy",12,12,0
889060,"Casual,Indie,RPG",0,0,0
654940,"Indie,Simulation,Early Access",3,0,3
1461770,"Adventure,Indie",30,26,4
1246880,"Indie,Simulation",2,2,0
1091910,"Casual,Indie",1,1,0
1572420,"Action,Adventure,Indie,Simulation",31,29,2
855640,"Adventure,Casual,Indie",444,425,19
218410,"Indie,RPG,Strategy",1733,1667,66
938740,"Adventure,Indie",7,5,2
387270,"Casual,Indie,Strategy",9,6,3
386260,"Action,Casual,Indie,RPG,Simulation,Strategy",450,356,94
1853680,"Adventure,Casual,Free to Play,Indie",0,0,0
2067670,"Action,Adventure,Casual,Indie,RPG",0,0,0
1749720,"Adventure,Casual",3,3,0
2062610,Action,0,0,0
1292250,"Casual,Strategy",9,8,1
545060,Action,24,14,10
780570,"Action,Adventure,Casual",2,2,0
1271740,"Action,Indie,RPG",11,8,3
1887930,"Casual,Free to Play,Indie,Strategy,Early Access",0,0,0
461490,"Adventure,Casual,Indie,Strategy,Early Access",43,22,21
1167300,"Action,Adventure",19,8,11
388370,"Action,Free to Play,Indie,Massively Multiplayer,Strategy",3,1,2
612250,"Action,Indie,Simulation,Early Access",8,2,6
1665900,"Action,Indie,Early Access",7,4,3
1517770,"Action,Indie,Early Access",1,1,0
1872050,"Adventure,Casual,Indie,RPG",0,0,0
485860,"Adventure,Casual,Indie",87,48,39
727100,"Action,Indie,Strategy",13,9,4
1051940,"Adventure,Casual,Indie",0,0,0
1093220,"Casual,Indie,Racing,Simulation,Sports",0,0,0
1071660,"Action,Adventure,Indie,RPG,Early Access",10,10,0
590370,"Action,Casual,Indie",15,12,3
1457650,"Action,Adventure,Casual,RPG,Strategy",0,0,0
255940,Adventure,79,37,42
281350,Strategy,55,16,39
612140,"Adventure,Indie",13,12,1
977690,"Indie,Strategy",24,20,4
315330,"Action,Adventure,Casual,Indie,RPG,Simulation,Strategy,Early Access",26,4,22
815010,"Casual,Indie",13,12,1
1378390,"Action,Adventure,Indie,RPG",1,0,1
1376630,"Casual,Indie,Simulation,Strategy",0,0,0
331340,"Adventure,Indie",32,22,10
1634600,"Simulation,Strategy",7,6,1
1501740,"Action,Adventure,Indie,RPG,Early Access",0,0,0
1571840,"Casual,Free to Play,Indie,RPG,Simulation",0,0,0
766150,"Adventure,Indie,Strategy",1,1,0
1131990,"Casual,Indie,RPG,Simulation,Strategy",4,1,3
1222140,"Action,Adventure",15475,14268,1207
1812280,Adventure,0,0,0
1409180,Indie,12,12,0
1611410,"Casual,Simulation",14,14,0
1571950,"Action,Indie,Massively Multiplayer,Racing,Early Access",1,0,1
1262760,RPG,5,4,1
340960,"Indie,Simulation,Sports,Early Access",29,20,9
418050,Action,9,7,2
1725880,"Action,Casual,Indie",4,4,0
1497450,"Adventure,Casual,Indie",43,41,2
884070,Action,0,0,0
1404980,"Action,Adventure,Indie",17,16,1
1864080,"Action,Adventure,Free to Play",0,0,0
1349890,"Action,Indie",0,0,0
705780,"Action,Indie",5,4,1
397460,"Casual,Indie,Strategy",1090,1051,39
1509750,"Action,Adventure,Casual,Indie,RPG,Strategy",1,1,0
672590,"Adventure,Indie,RPG,Strategy",51,38,13
1131060,"Action,Adventure,RPG",1,1,0
1066470,"Action,Casual,Indie",12,12,0
563150,"Casual,Indie",13,8,5
1079200,"Action,Adventure,Indie",31,20,11
740740,Action,0,0,0
1195340,"Adventure,Casual,Indie",1,1,0
1338220,"Adventure,Simulation,Strategy,Early Access",13,10,3
998480,"Action,Adventure,Indie",5,2,3
846050,"Indie,Simulation,Strategy",41,22,19
917690,"Adventure,Indie",17,17,0
1599150,"Adventure,Indie,RPG,Strategy",20,15,5
228760,"Racing,Sports",635,500,135
615680,"Adventure,Casual,Indie,RPG,Strategy",13,6,7
536040,"Action,Indie,RPG,Strategy",68,37,31
1771070,"Adventure,Casual,Indie",64,62,2
1337710,"Action,Indie",3,3,0
1432050,"Action,Adventure,Indie,RPG",1138,1060,78
1844150,"Casual,Indie,Strategy",4,2,2
1862240,Casual,0,0,0
1496120,"Action,Indie",1,0,1
798200,"Action,Adventure,Indie,RPG",2,1,1
975690,"Action,Adventure,Indie,Strategy,Early Access",2,2,0
339280,"Action,Free to Play,RPG,Strategy",24,17,7
1305000,"Casual,Free to Play,Indie,Massively Multiplayer,Strategy",0,0,0
1740240,"Adventure,Casual,Indie",82,36,46
1141180,"Casual,Indie",2,2,0
1744400,Casual,1,1,0
599750,"Indie,Simulation,Strategy",399,292,107
807070,"Action,Adventure,Casual,Indie",3,3,0
1146330,"Action,Casual",0,0,0
1019820,"Indie,Massively Multiplayer,Strategy,Early Access",2,2,0
790790,"Casual,Free to Play,Indie",0,0,0
1275320,"Action,Casual,Indie,Simulation,Strategy",1,1,0
802490,"Adventure,Casual,Strategy",16,11,5
678890,"Simulation,Strategy",41,11,30
1280300,Action,139,110,29
1459360,"Casual,Indie",102,82,20
1266380,"Action,Indie,Sports",4,4,0
1677570,"Racing,Early Access",8,8,0
1680340,"Action,Adventure,Casual,Indie,RPG",21,12,9
953760,"Adventure,Indie",1,0,1
805950,"Action,Indie",0,0,0
1177950,"Indie,Simulation,Strategy",1,0,1
1842480,"Adventure,Indie,Simulation,Early Access",22,20,2
1728280,"Adventure,Simulation",0,0,0
1520680,"Indie,RPG,Strategy",9,8,1
1661240,"Casual,Indie",5,3,2
1724880,"Animation & Modeling,Design & Illustration,Photo Editing,Video Production,Game Development",4,2,2
408520,"Adventure,Casual,Indie",706,641,65
1428420,"Action,Adventure,Indie,Simulation,Early Access",7,5,2
1814010,"Adventure,Indie,RPG",407,342,65
675810,"Action,Free to Play,Indie,Massively Multiplayer,RPG,Strategy",0,0,0
1855500,"Casual,Indie,Simulation,Strategy",15,11,4
535690,"Action,Indie,RPG",4,3,1
665550,Adventure,0,0,0
500220,"Casual,Strategy",5,4,1
1755570,Casual,13,12,1
2054150,"Casual,Indie,RPG,Strategy",3,2,1
1494860,Adventure,0,0,0
576030,"Indie,Simulation",232,203,29
391410,"Action,Casual,Indie,Strategy",2,0,2
1865130,"Casual,Free to Play,Indie",0,0,0
1880490,"Casual,Indie,Strategy",23,23,0
507520,"Adventure,Casual,Indie",58,45,13
1664100,"Action,Indie",0,0,0
629810,Casual,3,3,0
1571000,"Adventure,Indie,RPG,Simulation,Strategy",2,1,1
200490,Adventure,64,34,30
711920,"Adventure,Casual,Indie",6,5,1
511630,"Indie,RPG",40,33,7
1233260,"Action,Adventure,RPG",636,452,184
1470720,"Adventure,Indie,RPG",4,4,0
1780570,"Action,Adventure,Indie",1,1,0
208140,Strategy,4094,3215,879
1765810,"Action,Casual,Indie",0,0,0
1988940,"Free to Play,Indie,Simulation,Strategy,Early Access",0,0,0
1933570,"Action,Casual,Indie,Early Access",0,0,0
1874220,"Casual,Indie,Strategy",0,0,0
463830,"Action,Adventure,Indie",2,0,2
313780,"Adventure,Indie",755,575,180
876900,"Action,Free to Play,Indie,Early Access",0,0,0
1002100,"Adventure,Casual,Indie",4,3,1
202990,Action,2498,2294,204
530010,Indie,1,1,0
604540,"RPG,Strategy",2131,1124,1007
435120,"Adventure,Indie",1209,1123,86
1650890,"Casual,Indie,Strategy",0,0,0
534000,"Violent,Action,Casual,Indie,Strategy,Early Access",55,44,11
1166100,"Action,Adventure,Casual,Indie",1,0,1
1296770,"Casual,Indie,Simulation",791,747,44
616240,"Casual,Sports",45,21,24
592120,Indie,7,5,2
613120,Strategy,9,8,1
6880,Action,1504,959,545
867660,"Adventure,Indie,RPG",51,29,22
73230,"Strategy,Simulation",355,351,4
1930380,"Indie,Simulation,Strategy",2,0,2
1845030,"Action,Adventure,Indie",0,0,0
1878570,"Casual,Indie,RPG",23,21,2
556770,"Gore,Action,Indie,RPG,Early Access",8,2,6
1064260,Simulation,0,0,0
1505960,"Action,Adventure,Casual,Indie",1,1,0
541660,"Action,Adventure",89,80,9
406410,"Casual,Indie,Sports,Early Access",16,5,11
1385740,"Casual,Indie",1,0,1
940290,"Free to Play,Indie,RPG,Strategy",0,0,0
1870280,"Action,Indie,Strategy",0,0,0
370020,"Action,Indie,RPG,Strategy",696,661,35
1703010,"Action,Casual",1,1,0
431770,"Casual,Indie,Simulation,Strategy,Early Access",157,144,13
1017600,"Adventure,Casual,Indie",4,2,2
1986240,"Casual,Indie",11,10,1
1715500,"Action,Casual,Strategy",1,1,0
1933890,"Adventure,Indie,RPG",1,1,0
1123300,"Indie,Strategy",0,0,0
1485280,"Adventure,Indie",2,0,2
1485370,"Simulation,Early Access",0,0,0
831740,"Action,Adventure,Casual,Indie",0,0,0
1096430,"Action,Adventure,Indie,RPG",3,0,3
1019370,Strategy,1,1,0
1106790,"Action,Casual,Indie",4,3,1
1614620,"Adventure,Indie,RPG,Early Access",1,1,0
883870,"Casual,Indie",0,0,0
1305420,"Casual,Indie,Strategy",349,293,56
1447830,"Action,Indie,Simulation",4,2,2
674570,"Action,Simulation,Sports",30,25,5
795110,"Casual,Indie",17,14,3
898250,"Adventure,Casual,Indie",1,1,0
1721690,"Adventure,Casual",5,5,0
1483130,"Casual,Free to Play,Massively Multiplayer",0,0,0
1315120,"Adventure,Casual,Indie,Simulation,Strategy",17,12,5
231910,"Action,Adventure,Casual",189,153,36
1206090,"Action,Adventure,Casual,Indie,RPG,Simulation",25,25,0
749650,"Action,Adventure,Indie",1,0,1
1216720,"Adventure,Indie,RPG,Simulation",8,3,5
680240,"Action,Adventure,Indie",0,0,0
494600,"Action,Indie",47,36,11
33770,RPG,142,109,33
1336830,"Indie,Strategy,Early Access",2,1,1
216090,"Casual,Indie,Strategy",206,192,14
1944940,Indie,0,0,0
1144100,"Action,Indie",8,7,1
889720,"Indie,Simulation,Strategy",13,7,6
250600,"Casual,Free to Play,Indie",78,71,7
571430,"Action,Indie,Simulation,Sports",46,42,4
963180,"Action,Casual,Indie,Simulation,Early Access",0,0,0
1293920,"Casual,Simulation,Sports,Strategy",9,8,1
667840,"Indie,Simulation,Strategy",3,0,3
1094080,"Action,Free to Play,Indie,RPG",0,0,0
962700,Adventure,30,22,8
1638760,"Action,Casual,Indie,Strategy,Early Access",3,1,2
434570,"Action,Adventure,Casual",11066,10615,451
732810,"Casual,Indie,Racing",533,488,45
1793240,"Casual,Indie",5,5,0
1462970,Action,5,2,3
895580,"Indie,RPG,Simulation",5,0,5
1217750,"Action,Indie",5,0,5
1911560,"Adventure,Casual,Indie",29,29,0
522210,"Action,Indie",180,153,27
1572270,Indie,177,171,6
359550,Action,409264,361463,47801
1451300,"Casual,Indie",2,1,1
1737640,"Action,Adventure,Indie",3,1,2
1229730,Casual,28,13,15
385080,Casual,30,6,24
981160,"Casual,Indie",15,11,4
479200,"Action,Adventure,Indie,RPG,Early Access",3,1,2
1664010,"Adventure,Casual,Indie,RPG",13,12,1
1135150,"Action,Indie,Strategy",6,4,2
19810,Action,27,22,5
291430,"Action,Casual,Indie",10,5,5
434750,"Action,Indie",25,24,1
1817610,"Adventure,Indie,Simulation,Strategy",23,16,7
672320,"Action,Indie,Simulation,Early Access",1,1,0
1044800,"Simulation,Strategy,Early Access",3,3,0
637920,"Casual,Indie,Simulation,Strategy",4,1,3
1474000,"Action,Casual,Free to Play",0,0,0
958650,"Adventure,Indie",0,0,0
1891040,"Casual,Indie",2,2,0
702810,"Action,Free to Play,Indie",0,0,0
1381460,RPG,1,1,0
1530290,"Adventure,Indie,RPG",1,1,0
495800,"Animation & Modeling,Video Production",0,0,0
1834470,Indie,0,0,0
817860,"Adventure,Indie",48,47,1
1193110,"Action,Casual,Indie",3,2,1
854810,"Indie,Simulation,Sports",8,1,7
1032080,"Casual,Indie",0,0,0
1762410,"Action,Adventure,Indie",1,0,1
1751480,Simulation,2,1,1
425450,"Action,Indie",11,8,3
673880,Strategy,5718,5356,362
1071600,"Action,Indie",0,0,0
1320240,"Action,Indie",4,4,0
1182080,"Casual,Strategy,Early Access",0,0,0
592720,"Action,Casual,Indie",4,3,1
993630,"Casual,Indie",1,1,0
861000,"Casual,Indie",0,0,0
1028490,"Action,Adventure",7,5,2
746000,"Action,Indie",7,6,1
1892030,"Indie,Simulation,Strategy",34,20,14
646200,"Action,Indie,RPG",808,666,142
782460,"Action,Casual,Indie",0,0,0
736810,Adventure,91,73,18
918870,"Adventure,Casual,Indie",1,0,1
1159590,"Action,Adventure,Casual,Indie",3,0,3
1503750,"Action,Indie",2,2,0
1034270,Casual,2,2,0
444140,"Adventure,Casual",263,234,29
899100,"Adventure,Casual,Indie,Simulation,Early Access",11,7,4
872330,"Action,Casual,Indie,RPG",1,0,1
1066420,"Action,Indie,Early Access",0,0,0
491070,"Adventure,Casual,Indie,Strategy",4,2,2
465020,"Indie,RPG",133,126,7
344760,"Action,Adventure,Indie,RPG,Simulation",7863,4207,3656
601020,"Nudity,Violent,Gore,Adventure,Indie,RPG,Early Access",12,4,8
736390,"Casual,Indie",7,6,1
395560,Adventure,63,26,37
1575310,"Action,Indie,Strategy",0,0,0
1417840,"Action,Adventure,Indie,Racing",0,0,0
1022310,"Casual,Strategy",608,447,161
970300,"Action,Adventure,Indie,RPG,Early Access",13,10,3
1700110,"Casual,Indie",15,8,7
1814000,Indie,0,0,0
1123090,"Casual,Free to Play,Indie,Simulation",0,0,0
1007560,"Adventure,Indie,Simulation",6,2,4
801010,"Action,Adventure,Indie,Simulation,Early Access",10,4,6
1279280,"Indie,RPG,Simulation",11,5,6
1433990,"Free to Play,Indie,Early Access",0,0,0
1710490,"Action,Adventure,Indie",6,6,0
1168800,"Action,Adventure,Indie,RPG,Strategy,Early Access",0,0,0
1080930,"Action,Adventure,Casual,Indie",0,0,0
812850,"Action,Casual,Indie",5,2,3
800180,"Adventure,Casual",30,30,0
1408450,"Action,Indie",2,2,0
1125130,"Action,Casual,Indie,RPG,Simulation,Strategy",3,2,1
971430,"Adventure,Indie",54,52,2
360430,"Action,Adventure",10314,6065,4249
1115630,"Adventure,Indie",2,2,0
1951040,"Adventure,Indie,RPG,Simulation,Early Access",4,0,4
536490,"Casual,Indie",5,2,3
1650550,"Indie,Simulation",111,69,42
998220,"Indie,RPG",20,17,3
1685500,Casual,1,1,0
325120,"Adventure,Casual,Indie",109,69,40
806970,"Indie,Simulation,Strategy",2,1,1
419990,"RPG,Sports,Strategy",28,27,1
1597670,Action,1,1,0
1380690,"Action,Early Access",3,2,1
881500,Simulation,17,8,9
1054270,"Action,Indie",29,28,1
361130,"Indie,RPG,Strategy",29,16,13
1600690,"Indie,Simulation",2,2,0
1967840,"Adventure,Casual,Indie",2,2,0
949790,"Indie,Simulation",58,52,6
1686620,"Action,Casual,Free to Play,Indie",0,0,0
747090,"Indie,RPG",4,2,2
591660,"Violent,Gore,Casual,Indie",6,3,3
1371630,"Casual,Free to Play,Indie,RPG",1,0,1
464700,"Action,Adventure,Casual,Free to Play,Indie",5,2,3
1371610,"Casual,Indie,Sports",0,0,0
1908740,"Casual,Indie",0,0,0
548050,"Casual,Indie",18,16,2
1186940,"Action,Adventure,Casual,Indie,RPG",1,0,1
429490,"Action,Adventure,Casual,Indie",99,60,39
1377300,"Action,Adventure,Casual,Simulation",21,9,12
812610,"Indie,Simulation,Early Access",1,1,0
1651780,Simulation,36,34,2
785880,"Action,Indie",130,108,22
2450,Action,479,356,123
1251040,"Action,Indie",9,7,2
1926710,"Casual,Indie",1,1,0
318020,"Indie,Strategy",1281,781,500
1015580,Adventure,1,0,1
930640,"Indie,Simulation",15,13,2
448170,"Indie,RPG",45,37,8
1687780,"Action,Adventure,Indie",2,1,1
454610,"Action,Indie",22,14,8
730290,"Adventure,Casual,Indie",12,9,3
618470,"Adventure,Casual,Indie",30,28,2
915460,"Action,Indie,Massively Multiplayer",815,767,48
816630,Action,5,4,1
641860,"Action,Casual,Indie,Strategy",0,0,0
434310,"Adventure,Casual,Indie",13,10,3
1866110,"Casual,Indie",4,3,1
707860,"Indie,Simulation,Strategy,Early Access",5,2,3
261680,"Adventure,Indie",229,185,44
1036930,"Casual,Free to Play,Indie,Sports",0,0,0
1769420,"Action,Indie,RPG,Simulation,Strategy,Early Access",651,534,117
1098980,"Casual,Indie,Strategy",1,0,1
16060,Casual,16,7,9
1602980,"Casual,Indie",11,11,0
594360,"Casual,Indie,Simulation,Early Access",9,8,1
12130,Action,1244,866,378
1536600,"Indie,Simulation,Sports,Strategy",19,17,2
317300,"Adventure,Indie,Simulation",81,62,19
975160,"Action,Adventure,Indie",0,0,0
1043880,"Casual,Indie",17,11,6
568570,"Action,Adventure,Indie,RPG,Simulation,Strategy",1341,918,423
290260,Indie,200,185,15
603150,"Indie,Strategy",19,6,13
355420,"Adventure,RPG,Strategy,Early Access",81,70,11
1389180,"Action,Indie",2,2,0
703310,"Action,Strategy",37,28,9
685400,"Action,Indie",175,169,6
1961770,"Action,Early Access",0,0,0
550470,"Action,Adventure,Free to Play,Massively Multiplayer,RPG",0,0,0
1942050,"Action,Adventure",0,0,0
654090,"Action,Casual,Sports",33,24,9
693320,"Adventure,Indie,RPG",2,2,0
844040,"Action,Racing,Simulation,Sports",110,92,18
244810,"Action,Adventure,Casual,Indie",234,182,52
854330,Casual,0,0,0
848060,"Action,Indie",57,46,11
1454380,Indie,0,0,0
334960,"Action,Indie,Simulation",8,5,3
250900,Action,83155,81087,2068
413740,Indie,18,10,8
1554080,"Casual,Simulation",24,21,3
1748890,"Adventure,Indie,RPG",0,0,0
1020640,"Adventure,Free to Play,Indie,RPG",0,0,0
1350820,"Action,Free to Play,Strategy",0,0,0
1056080,"Action,Adventure,Casual,Indie,Strategy",6,1,5
447960,"Casual,Indie,Simulation,Early Access",24,14,10
836790,"Casual,Indie",8,6,2
1886600,"Action,Adventure,Indie",1,0,1
1361540,"Action,Casual,Indie",6,3,3
884460,Education,4,2,2
1760240,"Action,Indie,Sports",38,35,3
740470,"Action,Adventure,Free to Play,Indie",0,0,0
1154650,"Adventure,Casual",13,8,5
1240730,"Adventure,Casual,Indie",15,7,8
370510,"Casual,Indie",332,194,138
1211990,"Action,Adventure,Indie,RPG",0,0,0
1166600,"Adventure,Indie,RPG",48,42,6
314450,"Action,Indie,Strategy",622,501,121
1174450,"Action,Casual,Free to Play,Indie",0,0,0
685450,"Action,Early Access",0,0,0
534430,"Design & Illustration,Utilities",6,4,2
1011390,Strategy,410,344,66
1907170,"Adventure,Free to Play,Indie",0,0,0
652060,"Action,Indie",1,0,1
751200,"Indie,Strategy",14,12,2
308270,"Simulation,Strategy",236,180,56
1568310,"Casual,Indie",13,12,1
32430,Action,3624,2596,1028
1246120,"Casual,Indie,Sports",0,0,0
391120,Adventure,9,5,4
737730,"Violent,Action",2,2,0
1355410,"Action,Adventure,Indie",2,2,0
249330,"Indie,Simulation,Strategy",620,565,55
1621760,"Action,RPG,Strategy",126,97,29
514900,"Adventure,Indie",1862,1450,412
1731240,"Casual,Indie,Simulation",20,7,13
303510,"Action,Adventure,Casual,Indie",33,16,17
948220,"Design & Illustration,Early Access",23,18,5
586950,"Action,Adventure",301,227,74
893590,"Indie,Simulation,Strategy",3,0,3
1051310,"Action,Adventure,Indie",78,57,21
900330,Strategy,0,0,0
1631410,Indie,0,0,0
1573420,Casual,10,8,2
822610,Indie,0,0,0
1376730,"Free to Play,Simulation",0,0,0
1104480,"Action,Adventure,Sports",3,1,2
317850,Strategy,126,57,69
1311070,"Action,Adventure,Indie",181,152,29
550930,"Action,Adventure,Simulation",4,4,0
374640,"Indie,Simulation,Strategy",46,9,37
1636250,"Action,Casual,Indie,Strategy",9,9,0
1801650,Casual,21,14,7
973390,"Free to Play,Strategy",0,0,0
1017610,Indie,9,8,1
589760,"Action,Adventure,Casual,Indie,Racing,Simulation,Sports,Strategy",294,254,40
1260810,"Action,Adventure,Indie,RPG",259,238,21
976120,"Action,Indie",54,46,8
573550,"Action,Simulation,Sports",16,15,1
601220,"Casual,Indie",1220,1179,41
1706770,"Casual,Free to Play,Indie",0,0,0
1243960,"Casual,Indie,Strategy",117,110,7
1033450,"Action,Adventure,Casual,Indie,RPG,Strategy",15,10,5
2064250,"Animation & Modeling,Video Production",0,0,0
850740,"Adventure,Casual,Indie",2,0,2
903040,"Casual,Indie,Strategy",89,68,21
1167100,"Action,Indie,RPG",48,36,12
1559760,Indie,20,20,0
930840,"Casual,Indie,Strategy,Early Access",0,0,0
257650,Utilities,26,16,10
1343920,"Action,Adventure,Indie",38,30,8
363150,Simulation,756,504,252
1438700,"Casual,Indie,Simulation,Strategy",1,1,0
521140,Indie,1,0,1
1747500,"Adventure,Strategy",0,0,0
569570,"Action,Adventure,Indie,RPG",12,8,4
975150,"Action,Adventure,Indie",50,35,15
1669870,"Casual,Free to Play,Strategy",0,0,0
1278000,Education,1,1,0
732390,"Casual,Strategy",1,1,0
670280,"Adventure,Casual,Indie",5,4,1
1082480,"Action,Indie",1,1,0
1211020,"Action,Adventure,Casual,Indie,Simulation,Early Access",4305,4173,132
1307580,"Adventure,Casual,Indie",429,423,6
1561750,"Action,Adventure,Casual,Free to Play,Indie",0,0,0
1218210,"Adventure,Indie,RPG,Strategy",1190,1033,157
724510,"Indie,Simulation,Strategy",25,17,8
400370,"Action,Adventure",41,35,6
342130,"Action,Indie,RPG",7,4,3
1048890,"Action,Adventure,Indie",0,0,0
1461540,"Action,Adventure,Indie",15,6,9
1670010,"Action,Adventure,Indie,Early Access",1,0,1
839090,"Action,Sports",6,5,1
1128960,"Indie,RPG,Simulation,Strategy",1,1,0
990920,"Action,Adventure,Indie,Racing,Simulation,Early Access",40,24,16
285190,"Action,Simulation,Strategy",6304,2896,3408
598060,"Action,Indie,RPG",1303,1102,201
1461600,"Action,Indie,Early Access",815,755,60
1451540,"Casual,Indie,Strategy",0,0,0
1333470,"Action,Indie",149,120,29
1476140,"Casual,Indie,Early Access",2,1,1
1049310,"Action,Indie",2,2,0
1348880,"Action,Adventure,Indie,Simulation",9,1,8
1375740,"Action,Adventure,Free to Play,Massively Multiplayer",0,0,0
1860150,"Action,Free to Play,Massively Multiplayer",0,0,0
1709590,Adventure,9,8,1
1889000,"Casual,Indie",33,31,2
667310,"Action,Casual,Indie",1,1,0
509920,"Adventure,Indie",6,2,4
1373440,"Casual,Indie",9,9,0
1091250,"Action,Adventure,Indie",68,62,6
1482320,"Action,Adventure,RPG,Early Access",4,4,0
398980,Indie,76,69,7
879270,"Action,Indie,RPG",3,3,0
1056490,"Action,Indie,RPG",54,52,2
886600,"Action,Indie,Strategy",5,4,1
11550,Action,79,66,13
1370800,Education,0,0,0
791390,"Casual,Indie,RPG,Simulation,Strategy,Early Access",0,0,0
1807940,"Indie,Strategy",5,3,2
492370,"Adventure,Indie,RPG",60,47,13
1208850,"Casual,Indie,Simulation",4,3,1
1770360,"Action,Adventure,Indie",0,0,0
318560,"Action,Casual,Indie",3,0,3
872130,"Action,Casual,Indie",300,274,26
870260,Strategy,8,8,0
313960,"Adventure,Indie",17,7,10
348540,"Adventure,Casual,Indie",47,31,16
838190,"Adventure,Casual,Indie",0,0,0
1451420,"Indie,Simulation,Strategy,Early Access",1,0,1
421020,"Racing,Simulation,Sports",3817,3219,598
1151880,"Adventure,Casual,Free to Play,Indie,RPG",0,0,0
658830,"Adventure,Indie,RPG",50,29,21
977980,"Action,Indie",0,0,0
1704620,Simulation,1,1,0
1729840,"Action,Indie",0,0,0
251590,"Adventure,Indie,RPG,Strategy,Early Access",33,13,20
1130440,"Action,Indie",0,0,0
1128280,"Action,Indie",1,1,0
737710,"Adventure,Casual,Indie,Simulation",1,1,0
1833890,"Casual,Indie",1,1,0
1247940,"Adventure,Casual,Indie,Simulation",117,109,8
471810,"Casual,Indie",179,163,16
961640,Indie,20,19,1
1676330,"Action,Adventure",1,0,1
893610,"Action,Indie,RPG",49,45,4
1433570,"Casual,Indie,Racing,Simulation",161,116,45
1219110,"Adventure,Casual,Free to Play,Indie",0,0,0
1563070,"Adventure,Casual,Indie",78,33,45
575990,"Casual,Indie,Simulation",13,7,6
1873130,"Adventure,Indie,Strategy",0,0,0
1286140,"Casual,Free to Play,Indie,Simulation,Strategy",0,0,0
1316290,"Casual,Indie,Simulation",4,4,0
1633550,"Adventure,Indie",4,2,2
553130,"Adventure,Casual,Free to Play,Indie",2,1,1
1913360,"Casual,Indie,Strategy",3,3,0
625370,"Adventure,Indie",28,14,14
1113310,"Action,Indie",30,27,3
1039370,"Casual,Indie",39,22,17
444200,"Action,Free to Play,Massively Multiplayer",202,149,53
1508030,"Action,Free to Play",0,0,0
1683200,"Action,Casual,Indie",10,9,1
459940,"Adventure,Casual,Indie",170,115,55
337940,"Adventure,Casual,Indie,Simulation",21,18,3
1197580,"Design & Illustration,Utilities,Web Publishing,Early Access",0,0,0
1507970,"Adventure,Indie,RPG,Strategy",0,0,0
2012530,"Adventure,Casual,Indie,Simulation",33,31,2
1542280,"Casual,Simulation",4,4,0
1008450,Casual,1,1,0
35700,"Action,Adventure,Indie",3960,3743,217
722590,"Adventure,Casual",0,0,0
1141360,RPG,23,18,5
1531230,Casual,1,1,0
290060,"Adventure,Indie",146,107,39
1663970,"Action,Adventure,Casual,Indie,RPG",8,7,1
352760,"Action,Indie,Strategy",15,10,5
1180840,"Action,Adventure,Indie,Early Access",0,0,0
1978920,"Action,Adventure,Casual",3,2,1
899310,"Action,Adventure,Indie,Strategy",218,172,46
420300,"Violent,Action,Adventure,Indie",3,0,3
1736850,"Adventure,Casual,Indie",5,4,1
396030,"Free to Play,Indie,Racing,Strategy",19,14,5
325260,"Action,Casual,Indie,Racing",22,18,4
817970,"Action,Casual,Indie,Sports",0,0,0
610310,"Adventure,Casual,Indie,RPG",30,25,5
790030,"Action,Casual,Indie",1,1,0
1834920,"Action,Indie,Strategy",61,61,0
1261820,"Adventure,Indie",2,2,0
1311640,"Action,Free to Play,Indie",0,0,0
1992980,"Casual,Indie,Strategy",0,0,0
1081760,"Casual,Indie",10,4,6
1384420,"Action,Casual",0,0,0
1672440,"Free to Play,Indie,RPG,Early Access",0,0,0
1828040,"Casual,Indie",1,1,0
1009290,"Action,Adventure,RPG",1474,1026,448
1190750,"Education,Utilities",1,0,1
1062660,"Action,Casual,Indie",2,1,1
730170,"Action,Early Access",2,1,1
964650,"Indie,Simulation,Strategy,Early Access",358,274,84
883670,"Action,Adventure,Casual,Indie,Simulation",25,13,12
1859630,"Action,Adventure,Indie",6,5,1
473470,"Action,Adventure,Indie,RPG,Strategy",76,46,30
444170,Indie,46,45,1
414920,"Action,Adventure,Indie",140,106,34
1248710,"Adventure,Casual,Indie",4,2,2
800550,"Indie,RPG",9,7,2
871390,"Action,Casual,Indie,Racing",5,3,2
334030,"Free to Play,Indie,Strategy",1,1,0
682290,"Free to Play,Early Access",0,0,0
922460,"Casual,Free to Play,Indie,Strategy",0,0,0
328650,"Action,Indie",6,4,2
837110,Adventure,11,1,10
950370,"Indie,RPG,Strategy",9,4,5
1740080,"Casual,Indie,Simulation,Strategy,Early Access",4,4,0
1006800,"Indie,Strategy,Early Access",1,1,0
786590,Indie,0,0,0
1251520,"Adventure,Casual,Indie",4,4,0
1412470,"Action,Casual,Free to Play,RPG",0,0,0
1865210,"Casual,Indie",7,5,2
1329250,Education,0,0,0
1545820,"Casual,Free to Play",0,0,0
1794210,"Casual,Indie",1,1,0
679120,"Action,Indie",36,26,10
856210,"Action,Adventure,Indie,RPG",73,54,19
760000,"Action,Adventure,Casual,Indie,Early Access",2,2,0
1286730,"Free to Play,Indie,Strategy",0,0,0
820630,Action,361,305,56
326150,"Action,Indie,RPG",338,313,25
1351220,"Adventure,Indie",3,1,2
1702880,"Action,Indie",3,3,0
1625230,"Casual,Free to Play,RPG,Early Access",1,1,0
491420,"Adventure,Indie",4,3,1
601180,"Action,Adventure,Indie",9,5,4
1261880,Adventure,38,21,17
1153830,"Casual,RPG,Early Access",20,15,5
551960,"Accounting,Education,Software Training,Utilities,Early Access",1,1,0
1685660,"Action,Casual,Indie,RPG,Strategy",0,0,0
802720,"Action,Adventure,Indie,Early Access",2,2,0
1146590,Strategy,0,0,0
731560,"Action,Casual,Indie",30,29,1
1130710,"Action,Adventure,Indie",5,3,2
372830,"Action,Adventure,Indie",50,42,8
1023390,"Action,Adventure,Casual,Indie,Simulation,Strategy",12,7,5
708450,"Action,Adventure,Indie,RPG",29,17,12
1128660,"Adventure,Indie",1,1,0
878240,"Casual,Strategy",0,0,0
1261570,Casual,7,4,3
1549970,"Action,RPG",9121,7680,1441
1755100,"Adventure,Indie,Simulation",164,160,4
434230,"Action,Casual,Indie,Strategy",8,7,1
1286770,"Casual,Indie,Simulation",17,13,4
1197320,Adventure,0,0,0
717050,"Action,Free to Play",0,0,0
725430,"Action,Adventure,Casual,Indie,RPG,Early Access",1,1,0
1422150,"Adventure,Indie,RPG,Strategy,Early Access",0,0,0
545690,"Casual,Indie,Simulation",224,215,9
1164690,RPG,46,30,16
461410,"Action,Indie",50,44,6
511540,"Action,Adventure,Indie",55,44,11
965070,"Education,Software Training",0,0,0
1656600,"Casual,Strategy",35,34,1
1186290,Casual,13,2,11
592240,Action,10,9,1
216670,"Indie,Strategy",42,41,1
1159020,"Casual,Indie",4,2,2
1353130,"Casual,Strategy",1,0,1
1921570,Racing,3,3,0
770350,"Casual,Indie,Racing",0,0,0
370780,"Adventure,Casual,Indie,RPG",20,9,11
540190,"Casual,Indie",37,25,12
1404090,"Casual,Strategy,Early Access",105,97,8
1781640,"Action,Adventure,Casual,Indie,Simulation,Strategy",2,2,0
531080,"Indie,RPG,Early Access",7,6,1
206440,"Adventure,Indie,RPG",15911,15262,649
1248490,"Action,Indie",1,1,0
470480,"Action,Adventure,Indie,Racing",10,8,2
742510,"Casual,Indie",7,5,2
1531190,"Casual,Indie",4,4,0
355760,"Adventure,Casual,Indie",257,130,127
369580,Casual,1445,1299,146
1506830,"Simulation,Sports",27871,22439,5432
652990,"Adventure,Casual,Indie,RPG,Strategy",0,0,0
815550,"Adventure,Casual",3,3,0
1827060,"Strategy,Early Access",4,1,3
878380,"Action,Adventure,Casual,Free to Play,Indie,Massively Multiplayer,RPG,Simulation,Strategy",57,47,10
1522030,Strategy,0,0,0
310560,"Racing,Simulation,Sports",9798,8802,996
1571210,Action,2,2,0
338260,"Action,Indie",10,6,4
1525900,RPG,0,0,0
2010310,"Action,Indie",0,0,0
687310,"Action,Indie",10,7,3
906190,"Adventure,Indie",2,2,0
1580300,RPG,6,4,2
1698640,Casual,7,7,0
1125450,"Casual,Indie,Strategy",1,1,0
557460,"Violent,Action,Strategy,Early Access",6,4,2
1035050,Indie,65,55,10
1699820,"Casual,Indie,Racing,Strategy",3,3,0
1215950,"Action,Indie,Racing",2,0,2
1528520,"Action,Adventure,RPG",5,3,2
1293940,Indie,4,4,0
428080,"Action,Indie,Sports",344,333,11
589060,"RPG,Strategy",17,16,1
1754520,"Action,Indie,RPG",0,0,0
1714580,"Adventure,RPG",70,67,3
1224650,Action,0,0,0
1700870,"Simulation,Strategy,Early Access",447,405,42
1044410,"Action,Adventure,Casual,Indie,Early Access",5,4,1
1088900,Indie,0,0,0
536280,"Action,Adventure",127,78,49
344900,"Action,Indie",42,16,26
646680,"Adventure,Casual,Simulation,Strategy",12,11,1
1269240,Indie,9,8,1
1924550,"Indie,Simulation",2,1,1
811360,"Adventure,Casual,Indie",2,1,1
462480,"Action,Adventure,Casual,Indie,Massively Multiplayer,Racing,Simulation,Sports,Early Access",35,31,4
962380,Adventure,1,1,0
771430,"Action,Adventure,Strategy",12,10,2
1881840,Strategy,0,0,0
455340,Strategy,40,27,13
574720,"Simulation,Strategy",748,635,113
1408410,"Action,Indie,Strategy",4,3,1
660270,"Action,Casual,Indie",4,3,1
970800,"Indie,Simulation,Early Access",0,0,0
1171350,"Casual,Strategy",3,1,2
1086860,Action,34,32,2
272470,"Action,Adventure,Indie,RPG",718,481,237
1314880,"Adventure,Indie",0,0,0
1669340,"Adventure,Casual",2,2,0
974600,"Action,Casual,Indie",7,6,1
787690,"Casual,Indie",6,5,1
879740,"Action,Indie,Sports",9,7,2
1829300,"Casual,Strategy",5,3,2
727800,Action,7,5,2
620630,Strategy,3,2,1
351030,"Casual,Free to Play,Indie,Simulation,Sports,Strategy",255,215,40
293480,"Adventure,Casual,Indie,RPG",85,32,53
1831930,Action,2,2,0
1485190,"Casual,Indie,Simulation",28,21,7
1972250,"Action,Adventure,Indie,Massively Multiplayer,RPG,Early Access",0,0,0
835700,"Adventure,Casual",63,57,6
1808230,"Action,Indie",2,2,0
440470,"Action,Adventure",4,0,4
290650,"Action,Adventure,Casual,Indie,RPG",49,13,36
709290,"Adventure,Indie,RPG,Strategy",2,2,0
434540,"Adventure,Casual",1,0,1
355560,"Action,Adventure,Indie,Racing",14,12,2
1069130,"Casual,Indie,Early Access",0,0,0
1843030,"Action,Indie,Strategy",0,0,0
711000,"Action,Indie,Strategy",1,0,1
500550,Adventure,7,6,1
1984670,"Adventure,Casual,Indie",2,1,1
931480,"Action,Adventure,Casual,Indie",2,1,1
733020,"Casual,Indie,Strategy",6,5,1
758620,"Adventure,Casual",3,3,0
1022820,"Action,Early Access",0,0,0
628100,Strategy,2,2,0
337630,"Adventure,Indie",19,16,3
741650,Strategy,3,1,2
448470,"Casual,Indie",38,22,16
726840,"Casual,Indie,Simulation,Strategy",325,284,41
406550,Adventure,955,906,49
1043120,"Casual,Indie",5,4,1
354780,"Action,Adventure,Indie",6,6,0
1547160,Casual,12,8,4
703980,"Adventure,RPG",0,0,0
769640,"Action,Strategy",2,1,1
1088950,"Racing,Simulation,Sports",67,50,17
1394880,"Action,Indie",2,2,0
579080,Action,1,1,0
691730,"Free to Play,Racing,Simulation,Early Access",0,0,0
1649340,Strategy,0,0,0
1046630,"Action,Casual,Indie",6,6,0
1170200,"Action,Adventure,Free to Play,Indie",0,0,0
383080,"Casual,Free to Play,Indie",128,103,25
1103960,"Adventure,Casual,Indie",2,1,1
703920,"Casual,Indie",16,6,10
462940,"Indie,Simulation,Strategy",126,101,25
673900,"Casual,Free to Play,Indie,Racing",0,0,0
489760,"Action,Casual,Indie,Racing",29,26,3
1642640,"Action,Casual,Indie",10,10,0
1544470,"Action,Adventure,Indie,RPG",1,1,0
378760,"Casual,Free to Play,Indie,Massively Multiplayer,RPG,Simulation,Strategy,Early Access",0,0,0
349720,"Casual,Free to Play,Massively Multiplayer",8,3,5
712810,"Action,Adventure,Indie",40,24,16
1189750,"Utilities,Early Access",9,6,3
588920,"Adventure,Casual,Indie,RPG,Simulation,Strategy",31,15,16
707140,"Casual,Indie,Simulation,Sports,Strategy",12,1,11
1141130,"Action,Casual,Indie",22,21,1
520300,"Action,Adventure,Indie,RPG",4,4,0
1041670,"Casual,Indie,Simulation",11,8,3
360450,"Action,Indie,Simulation",68,51,17
33220,Action,1633,1112,521
880340,"Action,Indie",3,3,0
1745880,Action,2,2,0
1096560,"Action,Adventure,Indie,RPG,Simulation,Strategy,Early Access",33,20,13
1680440,"Action,Adventure,Indie",0,0,0
1998510,"RPG,Early Access",2,2,0
828770,"Action,Casual,Indie,Simulation,Sports",3,2,1
1739640,"Casual,Simulation,Sports,Strategy",0,0,0
1795080,"Casual,Indie",2,2,0
556090,"Action,Indie",1,1,0
390730,"Action,Indie",134,123,11
1730060,"Action,Indie,Early Access",13,8,5
1301470,Casual,11,10,1
432890,"Action,Adventure,Indie,RPG,Early Access",9,8,1
432790,"Action,Indie",1,0,1
619230,"Casual,Indie,Strategy",12,8,4
1475850,"Simulation,Sports",65,48,17
1180970,"Adventure,Casual,Indie",9,8,1
577060,"Simulation,Education",2,1,1
21780,Racing,372,322,50
1943490,"Adventure,Casual",0,0,0
1537090,"Action,Indie",2,2,0
858740,"Action,Indie",0,0,0
607860,"Casual,Free to Play,Simulation",0,0,0
568030,"Action,Adventure",11,9,2
1222090,"Action,Adventure,Indie",3,3,0
1440470,"Action,Indie,Early Access",0,0,0
1683890,"Action,Casual,Indie",1,1,0
389460,"Action,Casual,Indie,Simulation",49,12,37
1429480,"Casual,Indie,Strategy",17,16,1
1618090,"Action,Adventure,Indie,RPG",2,2,0
1051950,"Adventure,Casual,Indie",40,36,4
700440,"Action,Adventure,Casual,Indie,RPG,Simulation",14,8,6
977670,"Action,Adventure,Indie,Massively Multiplayer,RPG,Simulation,Early Access",1,1,0
1867350,"Adventure,Casual,Simulation",1,0,1
432420,"Adventure,Indie,RPG,Early Access",10,4,6
655380,"Action,Adventure,Indie",39,34,5
726610,"Casual,Indie,Early Access",0,0,0
619910,"Violent,Action,Massively Multiplayer",0,0,0
407940,"Action,Indie",13,11,2
1013190,Indie,11,11,0
329460,"Action,Adventure,Indie,Racing",159,149,10
308380,"Indie,Strategy",15,10,5
565910,"Indie,Simulation,Early Access",5,4,1
1631690,"Action,Indie",0,0,0
1610230,"Adventure,Casual,Indie,RPG,Strategy",1,1,0
1031270,"Adventure,Casual,Indie,Simulation",26,17,9
1068640,"Action,Indie,Strategy",199,140,59
1225070,"Adventure,Casual",50,42,8
1014110,"Casual,Indie,Simulation,Strategy",15,9,6
1029750,"Casual,Simulation",0,0,0
586720,"Adventure,Casual",2,2,0
498330,"Adventure,Indie",464,429,35
904160,"Action,Adventure,Casual,Indie",10,7,3
1557430,Strategy,10,8,2
1189190,"Casual,Indie,RPG,Simulation,Early Access",4,4,0
582830,"Casual,Free to Play,Indie,Strategy",0,0,0
844920,"Adventure,Casual,Indie",7,4,3
801940,"Action,Adventure,Indie",4,1,3
833400,Simulation,21,13,8
1254670,"Adventure,Casual,Indie",93,91,2
1154480,"Action,Indie,RPG",3,2,1
1085990,"Action,Adventure,Casual,Indie",3,3,0
619340,"Adventure,Casual,Indie,Early Access",17,7,10
463130,"Action,Casual",0,0,0
578080,"Action,Adventure,Free to Play,Massively Multiplayer",266364,165762,100602
245620,"RPG,Simulation,Strategy",4480,3407,1073
1638430,"Adventure,Free to Play,Indie,RPG",0,0,0
457760,Action,599,423,176
1971190,"Adventure,Indie,RPG,Strategy",0,0,0
1196130,"Action,Casual,Indie",4,3,1
426560,"Casual,Free to Play,Massively Multiplayer,Sports,Strategy",1,1,0
2290,Action,668,558,110
254100,Strategy,62,41,21
571680,"Adventure,Casual,Indie,RPG,Strategy,Early Access",3,3,0
1209000,"Action,Casual,Free to Play,Indie,RPG",3,2,1
959080,"Action,Adventure,Free to Play,Indie",0,0,0
1692280,"Casual,Indie",8,7,1
1159350,"Indie,Simulation,Strategy,Early Access",0,0,0
1782030,"Action,Indie",1,1,0
1557880,"Action,Adventure",6,0,6
905870,"Casual,Indie,Simulation,Sports",3,3,0
1263450,"Action,Casual,Indie,RPG,Simulation",0,0,0
671190,"Animation & Modeling,Design & Illustration",55,51,4
23530,Action,578,510,68
1015180,"Action,Adventure,Casual,Indie",3,0,3
1251400,"Action,Adventure,Casual,Indie,RPG,Simulation,Strategy,Early Access",0,0,0
1290270,"Adventure,Casual,Indie,RPG",369,329,40
839630,"Adventure,Casual,Indie,Simulation,Early Access",183,97,86
798680,"Action,Adventure,Casual,Indie,Early Access",5,4,1
964210,"Action,Adventure,Casual,Indie,Simulation",5,5,0
1071090,"Casual,Free to Play",0,0,0
1303760,"Action,Adventure,Casual,Indie",0,0,0
1899790,"Action,Free to Play",0,0,0
1076040,"Adventure,Casual,Indie",1,0,1
954870,"Action,Adventure,Indie,RPG,Simulation,Early Access",589,538,51
1305450,"Action,Indie",3,3,0
1513650,"Action,Indie,Strategy",0,0,0
379720,Action,64210,61319,2891
1847600,"Indie,Simulation,Strategy",21,10,11
895330,"Casual,Indie",8,5,3
1811400,"Action,Indie,Strategy",0,0,0
1621450,"Action,Adventure,Indie",1,0,1
1351900,"Action,Indie,Early Access",24,22,2
954000,"Action,Indie,Strategy",21,13,8
1151600,"Action,Adventure,Indie",7,6,1
260130,"Adventure,RPG,Strategy",222,156,66
1433980,"Adventure,Indie,Sports",4,2,2
1957750,"Action,Casual,Indie,Strategy",0,0,0
1022160,"Action,Adventure,Indie",1,1,0
1053620,"Action,Adventure,Indie",5,5,0
2076490,"Action,Adventure,Casual,Indie",1,1,0
720240,"Sexual Content,Nudity,Adventure,Indie,Simulation,Strategy",19,8,11
493710,"Action,Adventure,Indie",18,12,6
1921950,Strategy,0,0,0
360620,"Action,Free to Play,Indie,RPG,Sports,Strategy",70,61,9
208670,"Action,Adventure",202,170,32
207530,"Action,Indie",285,268,17
731590,"Action,Indie",71,47,24
375120,"Action,Adventure,Indie",167,129,38
1668480,"Action,Adventure,Indie,Early Access",1,0,1
948420,"Indie,Simulation",0,0,0
1033000,"Action,Indie,Sports",10,10,0
427510,"Action,Adventure",306,246,60
985760,"Adventure,Simulation",79,53,26
1142510,"Action,Adventure,Casual,Indie",0,0,0
976920,"Adventure,Casual,Indie",65,56,9
1264590,"Casual,Simulation,Strategy",2,1,1
971460,Action,39,22,17
1840810,Adventure,0,0,0
1544480,"Action,Indie,Early Access",0,0,0
1393810,"Indie,Strategy",0,0,0
1909420,"Indie,RPG,Strategy",383,366,17
2011010,"Casual,Indie",1,1,0
1490550,"Action,Adventure,Casual,Early Access",1,0,1
634230,"Action,Adventure,Indie,Simulation",30,10,20
1745040,"Action,Adventure,Casual,Simulation,Sports",6,6,0
817190,"Casual,Indie",34,29,5
1821860,"Indie,Racing,Sports",0,0,0
304850,"Action,Adventure,Indie",31,27,4
1288560,"Casual,Indie",9,7,2
1640030,Indie,5,5,0
221180,"Indie,Strategy",310,284,26
1801190,"Action,Casual,Indie",0,0,0
1009770,"Indie,Early Access",1,0,1
629340,"Indie,RPG",6,6,0
661450,"Adventure,Indie,Early Access",19,16,3
1023870,"Action,Adventure,Indie",28,12,16
614460,"Action,Adventure",7,5,2
1119630,"Casual,Indie,RPG,Simulation",2,1,1
776020,"Adventure,Indie,RPG",5,4,1
1714300,"Action,Indie",7,6,1
532670,"Action,Indie,RPG",3,1,2
1576500,"Action,Adventure",7,1,6
1665130,"Action,Casual",140,126,14
909660,"Indie,RPG,Strategy",583,483,100
644380,"Action,Adventure,Indie",7,3,4
912520,"Action,Indie",0,0,0
754150,"Casual,Indie,Simulation",1159,1111,48
687270,"Action,Adventure,Indie",2,1,1
971060,"Adventure,Casual",13,8,5
923820,"Action,Casual,Indie,RPG",0,0,0
357330,"Action,Indie",845,778,67
1140790,"Action,Adventure,Indie,RPG",3,2,1
984450,"Action,Adventure,Indie,Early Access",21,21,0
727200,"Casual,Indie,Strategy",6,6,0
1686960,Casual,14,9,5
1966620,"Action,Adventure,Casual,Early Access",0,0,0
336160,"Action,Indie",3,2,1
275810,"Casual,Strategy",25,19,6
1906750,"Adventure,Indie,RPG,Simulation",1,1,0
250340,"Action,Indie,Simulation",2356,1683,673
1878210,"Free to Play,Indie,Strategy",0,0,0
1138440,"Indie,Simulation,Strategy,Early Access",35,17,18
1947350,"Adventure,Indie",15,15,0
581970,"Action,Casual,Indie",34,25,9
763790,"Casual,Indie,Simulation",43,41,2
946690,Action,0,0,0
911580,"Action,Casual,Indie",2,2,0
1780880,"Casual,Indie,Massively Multiplayer,RPG,Simulation",3,3,0
378830,"Adventure,Indie,RPG",19,9,10
1780380,"Casual,Free to Play,Indie",0,0,0
1250290,"Free to Play,Indie",0,0,0
825240,"Action,Casual,Indie",7,7,0
399530,"Casual,Indie,Strategy",3,3,0
601840,Indie,4341,4105,236
1221540,"Casual,Indie,Simulation",89,79,10
1213980,"Casual,Indie",0,0,0
991930,"Casual,Free to Play",0,0,0
584940,"Adventure,Simulation",29,19,10
910230,"Action,RPG,Strategy",0,0,0
1792810,"Action,Indie",0,0,0
958220,"Action,Adventure,Casual,Indie,Simulation,Sports",6,4,2
1836940,RPG,7,6,1
768840,"Action,Casual,Free to Play,Indie,Racing",0,0,0
1205410,Education,0,0,0
339720,Indie,10,7,3
1337000,"Action,Casual,Strategy",4,4,0
790630,"Action,Adventure,Casual,Indie",5,4,1
1950000,"Casual,Indie,Simulation,Strategy",1,1,0
674160,"Sexual Content,Violent,Action",8,4,4
3020,Action,745,558,187
317970,Action,70,32,38
1775110,"Adventure,Free to Play,Indie",0,0,0
1177730,"Indie,Simulation",0,0,0
1377590,"Action,Adventure,Indie,Simulation",43,15,28
1494370,"Adventure,Casual,Indie",3,3,0
665790,"Action,Adventure,Indie",2,2,0
1902120,"Action,Adventure,Casual,Indie,Simulation",17,14,3
1401150,"Adventure,Casual,Indie,Simulation",40,33,7
1750330,"Casual,Indie",12,9,3
632200,"Action,Adventure,Casual,Indie",8,1,7
356210,"Adventure,Casual",11,6,5
280180,"Action,Adventure",909,760,149
1055490,"Casual,Indie,Simulation,Early Access",83,55,28
284770,"Adventure,Casual",386,368,18
1065710,"Casual,Indie",56,51,5
1554700,"Action,Indie",109,107,2
998820,Action,0,0,0
1987120,"Action,Free to Play",0,0,0
553110,"Casual,Racing,Sports",15,6,9
987670,"Action,Casual,Indie",9,6,3
797010,"Casual,Free to Play,Indie,RPG",0,0,0
520820,"Adventure,Indie,RPG,Strategy",21,20,1
693960,"Adventure,Indie,Racing,RPG,Simulation",27,17,10
283020,"Indie,Strategy",9,3,6
662910,"Adventure,Casual,Indie,RPG,Simulation,Early Access",28,20,8
562260,"Action,Casual,Indie",76,70,6
1036460,"Action,Casual,Indie",0,0,0
536270,"Action,Adventure,Indie,RPG",2857,2288,569
1647740,"Action,Adventure",8,8,0
393380,"Action,Indie,Strategy",52254,47687,4567
651680,"Action,Adventure,Indie,RPG",23,13,10
1916970,"Action,Adventure,Casual,Indie,Simulation",195,189,6
1230930,"Free to Play,Indie",0,0,0
1292700,"Adventure,Indie,Massively Multiplayer,RPG,Early Access",2,0,2
1807600,"Action,Adventure,Indie,Strategy",0,0,0
724260,"Simulation,Strategy",13,10,3
1256660,"Action,Adventure,Indie",15,15,0
259680,"Adventure,Indie,RPG",3046,2909,137
1132460,"Casual,Indie",3,2,1
988650,"Casual,Indie,Simulation,Strategy",14,14,0
536750,"Casual,Indie,Simulation,Strategy",27,21,6
1316130,"Adventure,Casual,Indie",1,1,0
250540,"Action,Indie,RPG,Strategy,Early Access",12,3,9
1770820,"Adventure,Indie",5,5,0
362150,"Adventure,Casual,Indie,RPG",10,4,6
1572470,"Action,Adventure,Indie,RPG,Early Access",3,2,1
1008020,Adventure,599,529,70
1518680,"Indie,Strategy",0,0,0
870750,"Casual,Indie",4,2,2
788000,"Adventure,Indie,RPG,Strategy,Early Access",1,1,0
1603800,"Strategy,Early Access",0,0,0
746260,"Action,Indie",0,0,0
344340,"Indie,Simulation,Sports,Strategy",122,97,25
365760,"Action,Casual,Indie",27,22,5
1250700,Indie,0,0,0
1235360,"Action,Indie,RPG,Early Access",68,60,8
1106150,"Adventure,Casual,Indie",30,25,5
34630,Strategy,15,13,2
1283350,"Casual,Indie,Racing",0,0,0
946330,"Action,Adventure,Indie",0,0,0
428200,"Adventure,Indie,RPG,Strategy",25,17,8
1637670,"Casual,Free to Play,Indie",0,0,0
493810,"Free to Play,Indie",1,1,0
1477210,"Casual,Indie",0,0,0
910880,"Indie,Simulation,Strategy",178,143,35
1419360,Action,4,4,0
639920,"Casual,Indie",2,1,1
1063560,"Action,Indie,Simulation",14,8,6
1482510,"Adventure,Casual,Indie",0,0,0
2020270,"Casual,Indie",1,1,0
1547820,"Casual,Indie,Racing,Simulation",1,0,1
1973800,"Adventure,Casual,RPG,Strategy",0,0,0
1929810,"Action,Adventure,Indie,RPG",2,2,0
762110,"Casual,Indie,Strategy",4,3,1
1601990,"Casual,Indie",0,0,0
1222200,"Action,Adventure,Indie,RPG,Early Access",0,0,0
909830,"Adventure,Casual,Indie,Strategy",10,5,5
1049010,Adventure,2,2,0
1912980,"Casual,Free to Play,Indie,RPG,Early Access",0,0,0
371550,"Action,Adventure,Indie",134,110,24
1515260,"Casual,Indie,Strategy",6,3,3
1708870,"Casual,Free to Play,Indie,RPG",0,0,0
466770,"Action,Indie,Early Access",5,5,0
1655910,"Action,Indie,Massively Multiplayer",1,0,1
669690,"Action,Casual,Indie",0,0,0
860490,"Adventure,Casual,Indie,RPG",3,2,1
1149860,"Action,Indie",11,11,0
1416190,"Software Training,Utilities",0,0,0
370910,"Adventure,Indie",1114,1036,78
1198760,"Action,Casual,Free to Play,Indie,Strategy,Early Access",0,0,0
1763520,"Casual,Indie",0,0,0
2001690,Casual,2,2,0
274010,"Action,Simulation",35,16,19
1235220,"Casual,Indie",1,1,0
1653200,"Casual,Indie,Simulation,Sports",1,1,0
1287420,"Action,Adventure,Casual,Indie",1,1,0
1001230,"Indie,Simulation,Strategy",7,7,0
1658910,"Casual,Indie,Strategy",0,0,0
924140,"Action,Adventure,Indie,Massively Multiplayer,RPG,Simulation",2706,2370,336
896420,"Adventure,Casual,Indie",2,1,1
603360,"Casual,Indie",33,12,21
949650,"Adventure,Indie,RPG",8,8,0
1341250,"Adventure,Casual,Racing,Simulation",1,1,0
999860,"Action,Casual,Free to Play,Indie,Early Access",65,47,18
1369520,Adventure,428,408,20
1051670,"Action,Adventure,Early Access",47,18,29
684380,"Utilities,Video Production",0,0,0
623160,Casual,35,26,9
222730,"Indie,Simulation,Strategy",2272,1774,498
575110,"Adventure,Free to Play,Simulation",10,8,2
1266820,"Indie,RPG,Strategy",215,113,102
253250,"Indie,Simulation,Strategy",5188,3789,1399
394130,"Casual,Indie",86,81,5
1329450,Casual,7,3,4
1697560,"Action,Indie,Simulation,Strategy",2,1,1
952060,Action,14384,11381,3003
1941110,Adventure,29,28,1
672310,"Free to Play,Indie,Massively Multiplayer,RPG,Strategy",5,4,1
1341400,"Adventure,Indie",5,5,0
384690,"Action,Indie",93,90,3
1709290,"Casual,Indie",3,3,0
1259470,"Adventure,Indie,RPG,Strategy",1,1,0
1526580,"Action,Casual,Indie",1,0,1
1439010,"Casual,Indie",0,0,0
398890,"Casual,Indie,Simulation,Early Access",1,0,1
572130,"Casual,Indie,Simulation",4,4,0
1325860,"Indie,Animation & Modeling,Video Production",31,31,0
389570,"Free to Play,Simulation",65,52,13
1344440,"Action,Indie,Early Access",17,16,1
853310,"Adventure,Indie",31,25,6
768370,"Adventure,Indie,Massively Multiplayer,RPG,Simulation,Strategy,Early Access",66,29,37
206480,"Action,Adventure,Free to Play,Massively Multiplayer,RPG",57,45,12
699370,"Strategy,Early Access",1,0,1
1973850,"Action,Adventure,Indie",0,0,0
706520,"Action,Adventure",23,15,8
1019170,"Casual,Indie",1,0,1
1596440,"Action,Indie",54,46,8
205070,"Action,Indie",42,31,11
1427960,Casual,1,1,0
468310,Action,22,17,5
251910,"Indie,Strategy",37,31,6
1614030,"Action,Adventure,Casual,Indie",0,0,0
1144070,Indie,7,2,5
673550,"Action,Casual,Indie",3,3,0
45200,"Casual,Strategy",29,26,3
1608810,"Adventure,Indie,RPG,Early Access",0,0,0
894340,Indie,5,5,0
1320490,"Casual,Indie",33,32,1
951700,"Casual,Indie,Simulation,Strategy",11,10,1
595740,Action,143,122,21
395160,"Adventure,Indie",157,85,72
865160,"Casual,Strategy",41,25,16
940790,"Casual,Strategy",16,13,3
1491910,"Action,Free to Play,RPG",0,0,0
948640,RPG,196,148,48
358240,"Action,Adventure",7,5,2
1340410,"Action,Free to Play,Indie",0,0,0
1679490,"Action,Casual,Indie,Racing,Early Access",2,2,0
1149580,"Casual,Indie,Simulation",2,2,0
2900,Strategy,107,81,26
632050,"Action,Casual,Indie,Strategy",15,9,6
1100070,"Action,Adventure,Indie,RPG",2,1,1
1264760,"Action,Adventure,Indie",10,5,5
1304070,"Casual,Free to Play,Indie",0,0,0
1314680,"Action,Casual,Indie,Simulation,Strategy,Early Access",4,4,0
1470030,"Action,Adventure,Indie",4,3,1
1803950,"Free to Play,RPG",0,0,0
717070,"Action,Indie",17,16,1
1265820,"Action,Strategy",1325,1261,64
1388880,"Casual,Indie",5953,5769,184
1893980,"Casual,Simulation",0,0,0
433570,"Action,Adventure,Indie",4,1,3
1853390,"Action,Indie",4,4,0
1832220,"Action,Adventure,Free to Play,Indie,RPG,Simulation",0,0,0
1429700,"Action,Casual,Indie",0,0,0
513840,"Action,Indie",7,7,0
1116230,"Action,Adventure,Indie",113,90,23
471660,Simulation,547,462,85
779920,"Casual,Indie,Strategy",2,2,0
1481970,"Casual,Free to Play,Indie,Simulation,Strategy",1,1,0
982270,"Casual,Indie,Simulation",161,149,12
1462440,Adventure,1,0,1
552540,"Indie,RPG",4,2,2
1259800,"Racing,Simulation,Sports",185,145,40
946040,"Casual,Free to Play",0,0,0
1250410,Simulation,25489,19541,5948
1824750,"Action,Casual,Indie",0,0,0
268540,"Adventure,Indie",433,276,157
1233200,Adventure,1,1,0
1147020,"Adventure,Casual,Indie",2,1,1
204060,"Adventure,Indie",885,699,186
462780,"Action,Adventure,RPG",2903,2486,417
628080,Strategy,11,6,5
1655410,"Action,RPG",29,28,1
1923670,"Casual,Indie,Simulation,Strategy",20,20,0
1502080,Adventure,53,50,3
882560,"Adventure,Indie,Simulation",61,33,28
1943520,"Adventure,Casual",0,0,0
1922530,"Simulation,Strategy",2,1,1
1432880,"Action,Strategy",3,3,0
511700,"Action,Casual,Indie,Early Access",11,11,0
1438750,"Casual,Indie,Simulation",1,0,1
1844650,"Action,Indie,Early Access",14,14,0
7770,Strategy,172,84,88
1085950,"Action,Indie",2,1,1
1361110,Indie,150,143,7
33530,"Simulation,Strategy",73,59,14
1460300,"Free to Play,Indie",0,0,0
1603270,"Action,Adventure,Casual,Indie,RPG,Strategy",3,3,0
1013750,"Adventure,Indie,Simulation",21,15,6
968430,"Action,Indie",0,0,0
1185520,"Casual,Indie,Simulation",187,150,37
1043140,"Action,Adventure,Casual,Indie,RPG,Simulation,Strategy",1,1,0
960660,"Action,Adventure,Indie,Strategy",2,1,1
833260,Indie,12,9,3
1610320,"Casual,Free to Play,Indie",0,0,0
696860,"Action,Indie",3,3,0
1433190,"Adventure,Free to Play,Indie",0,0,0
1114650,"Adventure,Indie,RPG,Early Access",0,0,0
1665060,Casual,3,1,2
592920,"Utilities,Video Production",3,2,1
1300360,"Adventure,Casual,Free to Play,Indie,RPG",0,0,0
545030,"Casual,Indie,Simulation",68,64,4
1580340,"Adventure,Casual,Indie",6,6,0
1891680,"Adventure,RPG",0,0,0
700940,"Casual,Early Access",1,0,1
451980,"Casual,Simulation",9,9,0
1249680,"Action,Indie",1,1,0
1085840,"Casual,Indie,Strategy",0,0,0
552410,"Action,Adventure,Indie,RPG,Simulation",28,17,11
1819980,"Casual,Simulation,Early Access",4,2,2
1528550,"Casual,RPG,Simulation",58,32,26
1213660,RPG,2,2,0
804210,"Action,Adventure,Indie",21,12,9
651660,"Indie,RPG,Simulation,Strategy",418,338,80
680700,"Action,Adventure",59,57,2
1187940,"Action,Adventure,RPG",98,39,59
1343550,"Action,Adventure,Indie,Early Access",5,5,0
115120,"Action,Strategy",538,458,80
223490,"Casual,Indie,RPG,Simulation,Strategy,Early Access",461,196,265
1576300,"Indie,RPG,Strategy,Early Access",0,0,0
568840,"Action,Indie",3,3,0
828910,"Casual,Indie",13,7,6
952340,"Adventure,Casual,Indie",0,0,0
809460,"Indie,Strategy",2,2,0
287700,"Action,Adventure",30202,27385,2817
879430,"Casual,Indie",4,4,0
400560,"Casual,Indie,Strategy",0,0,0
814890,"Action,Casual,Indie",2,2,0
1330940,"Casual,Indie",3,3,0
542480,"Action,Adventure,Free to Play,Indie,Massively Multiplayer,RPG,Simulation,Strategy",0,0,0
1127610,"Indie,RPG,Strategy",186,165,21
328890,"Casual,Strategy",9,4,5
421790,"Adventure,Casual,Indie",30,17,13
670940,"Indie,RPG",1,1,0
895600,"Casual,Indie,RPG",28,24,4
935570,"Action,Adventure,Indie,RPG",47,26,21
1251950,"Action,Casual,Indie",1,1,0
447120,"Adventure,Indie,RPG",502,394,108
970900,Casual,3,3,0
897220,"Adventure,Casual",451,442,9
920210,"Action,Adventure",18330,16900,1430
1916580,"Action,Adventure,Indie",0,0,0
324070,"Action,Indie,Racing",58,48,10
364230,"Action,Adventure,Casual,Indie",117,110,7
1358770,"Indie,RPG,Strategy",0,0,0
830750,"Indie,Simulation,Sports,Strategy",4,2,2
1856890,"Action,Adventure",1,0,1
1760980,"Adventure,Casual,Indie",18,13,5
923970,"Simulation,Strategy,Early Access",85,25,60
808870,"Casual,Indie,RPG,Simulation",0,0,0
1263700,"Action,Adventure,Indie",15,12,3
1360790,Casual,0,0,0
1186160,"Action,Indie",32,25,7
450060,"Action,Adventure,Indie",23,12,11
698960,"Action,Indie,Early Access",0,0,0
1272150,Strategy,3,3,0
1386530,Casual,6,4,2
224900,"Action,Simulation,Strategy",199,127,72
445670,"Adventure,Casual,Indie",13,5,8
1596640,"Adventure,Casual",7,6,1
585190,"Action,Adventure,Casual,Indie,Simulation",93,73,20
1110350,"Casual,Indie,Strategy",4,4,0
1072310,"Action,Indie,RPG",8,5,3
273890,"Action,Casual,Free to Play,Indie,Simulation,Sports",9,4,5
339580,"Adventure,Indie,RPG,Strategy",645,496,149
790930,"Action,Indie,Strategy",19,17,2
387850,Adventure,40,36,4
1315900,Casual,2,2,0
1119380,"Casual,Indie,Strategy",7,5,2
1254530,"Action,Casual,Free to Play,Indie,Strategy",0,0,0
47870,Racing,5046,3884,1162
1863100,"Action,Adventure,Casual,Indie,Massively Multiplayer,Simulation",13,9,4
975100,"Action,Indie",2,1,1
549920,"Adventure,Casual,Free to Play",0,0,0
33680,Indie,759,690,69
1799560,"Adventure,Indie",16,15,1
369890,"Action,Adventure,Indie,RPG",67,45,22
425230,"Action,Adventure,Indie,RPG,Early Access",4,3,1
387340,"Action,RPG",1055,939,116
333640,"Adventure,Indie,RPG,Strategy,Early Access",4414,4225,189
979710,Early Access,262,248,14
912730,"Action,Adventure,Indie",0,0,0
760550,"Adventure,Indie,RPG",0,0,0
1268530,"Action,Indie,Simulation",46,37,9
333970,"Indie,Strategy",55,42,13
1364340,Action,2,2,0
938630,"Casual,Indie",2,2,0
1432330,"Casual,Indie",2,1,1
1081110,"Adventure,Casual,Indie",2,1,1
1756950,Indie,0,0,0
1173700,"Casual,Indie,Simulation",2,1,1
460220,"Action,Indie",63,58,5
418440,"Adventure,Casual,Indie",113,103,10
246300,"Action,Adventure,Indie,Simulation,Early Access",292,176,116
1935790,"Adventure,Casual",2,2,0
1405960,Casual,2,2,0
369070,"Action,Indie",799,561,238
1574010,"Action,Casual,Free to Play,Indie",0,0,0
944910,"Adventure,Indie",13,10,3
1419170,"Free to Play,Simulation",0,0,0
793170,"Adventure,Free to Play,Indie",0,0,0
461220,"Adventure,Indie",81,73,8
1819160,Simulation,29,29,0
515900,"Action,Adventure,Casual,Indie,Simulation",2,0,2
1594400,"Action,Adventure,Casual,Indie,RPG,Simulation",27,25,2
1716650,"Casual,Indie",0,0,0
1204280,"Adventure,Indie,RPG",5,5,0
293680,"Adventure,Indie",404,352,52
1667280,"Action,Indie,RPG",0,0,0
511560,"Casual,Indie,Simulation,Sports",13,8,5
1114610,"Action,Indie,Sports,Early Access",0,0,0
8000,"Action,Adventure",1831,1453,378
1969620,"Action,Adventure,Indie",0,0,0
879120,"Action,Casual",4,2,2
1600890,"Adventure,Casual,Indie",4,2,2
1592650,Action,8,5,3
1503010,RPG,3,3,0
1812960,"Adventure,Indie",19,17,2
1877100,"Casual,Utilities",8,7,1
996430,"Casual,Indie,Racing,Simulation,Sports",1,0,1
541770,"Action,Adventure,Casual,Strategy",2,0,2
487430,"Casual,Indie",205,189,16
1507880,"Action,Adventure,Indie,RPG,Early Access",2,0,2
1985630,"Action,Adventure,Indie",3,3,0
1913780,Indie,0,0,0
1816520,"Racing,Simulation",0,0,0
931880,"Action,Indie",0,0,0
1146120,"Casual,Indie",1,0,1
676880,"Action,Adventure",2,0,2
498830,"Action,Adventure,Indie",11,11,0
394840,"Adventure,Indie,RPG,Simulation",38,13,25
368430,"Adventure,Indie",452,321,131
411970,"Action,Adventure,Indie",488,470,18
442710,"Free to Play,Indie,Massively Multiplayer,RPG,Early Access",4,4,0
1594610,"Casual,Indie,RPG,Strategy",3,3,0
1625670,"Casual,Indie,Early Access",2,2,0
1147030,"Adventure,Free to Play",5,3,2
18020,"Adventure,RPG",112,95,17
1597270,"Casual,Indie",29,26,3
593210,"Action,Casual,Indie,Simulation",34,28,6
1207520,"Adventure,Indie",1,1,0
1467190,"Adventure,Indie,RPG,Simulation,Strategy",1,1,0
850630,"Casual,Indie,Simulation",87,64,23
1214400,"Adventure,Indie",2,1,1
503950,"Indie,Simulation,Strategy",17,13,4
521700,Strategy,1,1,0
1248390,"Casual,Free to Play,Indie",0,0,0
836350,"Casual,Indie,Simulation",18,16,2
884880,"Action,Adventure,Indie,Massively Multiplayer,Early Access",6,5,1
1099980,"Casual,Indie,Strategy",0,0,0
1519070,"Simulation,Strategy",14,9,5
1413790,"Action,Adventure,Indie,RPG",13,11,2
690640,"Action,Adventure,Indie",2220,2075,145
964190,"Action,Adventure,Indie",1,1,0
1377360,"Adventure,Casual,Indie,RPG",263,248,15
1384790,"Adventure,RPG",18,11,7
1103930,"Action,Adventure,Indie",20,20,0
976850,"Racing,Simulation,Sports",10,9,1
961410,Indie,1,1,0
459050,"Action,Strategy",0,0,0
810450,"Adventure,Indie",5,5,0
1701460,"Adventure,Casual,Indie",0,0,0
462380,"Action,Indie",0,0,0
676510,"Adventure,Casual,Indie,Simulation,Strategy,Early Access",46,44,2
681190,"Action,Adventure,Indie,RPG",8,8,0
1635220,"Action,Casual,Indie",0,0,0
1747650,"Action,Adventure,Casual,Free to Play,Indie,RPG,Simulation",0,0,0
357700,"Action,Indie,Strategy",8,6,2
354140,"Action,Indie,Simulation",4599,4052,547
1415250,Indie,17,15,2
1310590,"Action,Free to Play,Indie",0,0,0
264160,"Action,Indie,RPG,Strategy",463,411,52
965030,"Casual,Indie",8,6,2
2007030,Casual,12,12,0
56438,Strategy,16,16,0
247240,"Action,Adventure,Indie",972,812,160
1776650,"Action,Indie,Early Access",0,0,0
1279220,"Action,Indie,Strategy,Early Access",1,1,0
1552930,Indie,0,0,0
2012650,"Action,Free to Play,Indie",0,0,0
1372310,"Adventure,Indie",11,10,1
819960,Indie,9,7,2
1386180,"Animation & Modeling,Design & Illustration,Education,Utilities,Game Development",8,7,1
1789560,"Adventure,Casual",7,7,0
1627820,"Adventure,Casual,Indie",0,0,0
593200,"Adventure,Indie",34,32,2
1379120,"Action,Indie,Early Access",2,2,0
1235460,"Adventure,Casual,Indie",10,7,3
720060,"Indie,Simulation,Strategy",4,2,2
709350,"Adventure,Casual",1,1,0
613610,"Sexual Content,Nudity,Violent,Gore,Action,Adventure,Indie,RPG",4,4,0
1990670,"Adventure,Casual,Indie",1,1,0
1198080,"Indie,RPG,Strategy",2,1,1
1516900,"Action,Indie",5,4,1
391730,"Action,Adventure,Indie,RPG",1300,1161,139
1172340,Action,1,0,1
1551230,"Action,Indie",9,7,2
855030,"Adventure,Casual,Indie",5,2,3
940780,"Casual,Strategy",12,10,2
1271300,"Adventure,Indie",24,24,0
303830,Racing,20,3,17
433670,Simulation,25,1,24
1993670,"Action,Casual",2,2,0
604770,"Action,Indie,Strategy,Early Access",29,25,4
769110,"Action,Adventure,Casual,Indie,Strategy",18,7,11
772500,"Action,Adventure,Indie,RPG",40,20,20
1413560,"Action,Adventure,Indie",3,2,1
268400,Strategy,1027,939,88
1647300,Adventure,0,0,0
826420,"Adventure,Casual",12,10,2
1850620,"Casual,Indie,Simulation,Sports",0,0,0
940710,"Action,Casual,Indie,RPG",194,182,12
1603980,Adventure,10,10,0
794300,"Action,Adventure,Indie,RPG",8,3,5
360380,"Adventure,Indie,Strategy",255,141,114
1199900,"Casual,Indie",10,8,2
653950,"Adventure,Indie",71,69,2
877360,Casual,99,70,29
1282500,"Adventure,Casual,Indie",0,0,0
1249480,"Action,Indie,Early Access",192,190,2
881090,"Indie,Sports",3,3,0
1318210,"Casual,Free to Play,Indie,Massively Multiplayer,Sports",0,0,0
1404770,"Action,Casual",1,1,0
12690,"Simulation,Sports",121,99,22
1092040,"Action,Indie",57,49,8
1170950,"Action,Indie,Massively Multiplayer,RPG",3930,2316,1614
417410,"Adventure,Casual,Simulation,Strategy",17,17,0
918260,"Casual,Indie,Simulation",7,4,3
839460,"Casual,Indie,Strategy",0,0,0
655700,"Action,Adventure,Indie",0,0,0
986920,"Action,Casual,Indie",1,1,0
610620,"Action,Adventure,Indie",0,0,0
781290,"Action,Strategy",3,1,2
1698290,"Casual,Free to Play,Indie,Simulation",0,0,0
1909430,Indie,4,3,1
400160,"Indie,Strategy",228,207,21
571530,"Action,RPG",264,243,21
331390,"Indie,RPG,Strategy",89,69,20
1281200,"Adventure,Indie",165,151,14
998760,"Casual,Indie,Early Access",0,0,0
1389560,"Action,Adventure,Casual,Indie,Simulation",43,37,6
18420,"Casual,Strategy",50,41,9
233700,"Casual,Indie,RPG,Strategy",825,705,120
1219520,"Action,Adventure,Casual,Indie",3,0,3
602160,"Action,Strategy",5,4,1
1565710,"Adventure,Indie,RPG,Early Access",7,4,3
760810,"Action,Casual,Indie",62,60,2
1069050,"Adventure,RPG,Strategy,Early Access",25,16,9
827950,"Sexual Content,Adventure,Indie,RPG",1,1,0
973700,"Action,Indie,Simulation",100,58,42
501610,"Animation & Modeling,Audio Production,Design & Illustration,Utilities,Video Production,Web Publishing",5,3,2
1651980,"Action,RPG",2,1,1
725050,"Violent,Action,Adventure,Indie",1,1,0
755950,Casual,45,37,8
1787210,Action,3,3,0
1557740,"Action,Indie",7609,7284,325
9970,Action,21,5,16
697490,"Adventure,Casual,Indie,Racing,Simulation,Early Access",4,0,4
1542080,"Action,Adventure,Casual,Indie",1,1,0
1024430,"Indie,Simulation,Sports",15,6,9
549790,"Action,Indie",0,0,0
275850,"Action,Adventure",121397,88274,33123
409510,"Action,Free to Play",12,3,9
1054450,"Adventure,Free to Play,Indie",0,0,0
1921180,"Action,Adventure,Sports",2,1,1
1607130,"Adventure,Casual,RPG",684,566,118
1589380,"Action,Indie,Sports",7,7,0
618420,"Free to Play,Indie",0,0,0
607590,Simulation,8,7,1
1197060,"Massively Multiplayer,Strategy",2,2,0
1439400,"Action,Adventure,Indie,Strategy",2,2,0
1115650,"Adventure,Indie,Simulation",22,10,12
818220,"Action,Casual,Indie",7,3,4
1962920,Action,0,0,0
965920,"Adventure,Casual,Free to Play,Sports",0,0,0
1180960,"Action,Indie",1,0,1
1009370,"Action,Casual,Indie",1,1,0
440800,"Action,Adventure,Indie",5,4,1
636910,"Action,Casual,Indie",8,7,1
628060,Strategy,41,26,15
1384680,"Action,Indie",1,1,0
474620,"Action,Indie",11,10,1
1600440,"Casual,Strategy",0,0,0
1244460,"Simulation,Strategy",6482,5491,991
697850,"Action,Adventure,Casual,Indie,Strategy",9,6,3
1225590,Adventure,416,340,76
1509360,"Casual,Indie",23,19,4
1034950,"Indie,RPG",9,9,0
438430,"Racing,Simulation,Sports",108,87,21
1126090,"Casual,Indie,Simulation",1,1,0
915930,Indie,2,2,0
1208050,"Action,Adventure,Casual,Indie,RPG,Strategy,Early Access",1,1,0
1044930,"Casual,RPG,Simulation",2,1,1
1204740,"Casual,Free to Play,Indie",0,0,0
1173010,"Casual,Indie",13,12,1
843870,Casual,25,14,11
207610,Adventure,18461,17840,621
504690,"Adventure,Casual,Indie",41,31,10
1091650,"Animation & Modeling,Design & Illustration,Utilities,Early Access",26,12,14
1014710,"Action,Casual,Indie,Early Access",6,4,2
38230,"Casual,Simulation,Strategy",100,47,53
224260,"Action,Free to Play,Indie",302,248,54
577570,"Action,Indie,Early Access",2,0,2
1181140,"Casual,Indie,Simulation",140,106,34
595300,"Adventure,Indie",14,9,5
1023750,"Action,Adventure,Indie",4,3,1
1290920,"Action,Simulation,Sports",4,4,0
811950,"Action,Indie",4,2,2
1063100,Action,0,0,0
258220,"Action,RPG",175,116,59
1238220,"Adventure,Casual,Indie",1,1,0
654450,"Action,Adventure,Indie",3,1,2
1257210,"Action,Casual,Indie,RPG,Simulation,Early Access",18,16,2
1065630,"Action,Indie",2,0,2
613980,"Action,Adventure",5,4,1
1180110,"Action,Casual,Indie",12,12,0
647570,"Adventure,Indie",181,128,53
1790580,"Casual,Indie,Simulation",1,1,0
504300,"Action,Free to Play,Indie,Massively Multiplayer,RPG,Early Access",0,0,0
1816420,"Casual,Indie",0,0,0
1740540,"Action,Adventure,Free to Play,Massively Multiplayer,RPG",0,0,0
1238810,Action,14941,10841,4100
1543550,"Massively Multiplayer,RPG,Strategy",0,0,0
1651090,"RPG,Strategy,Early Access",31,25,6
1091460,"Action,Adventure,Indie,RPG",17,8,9
657780,Racing,4,2,2
1574390,"Adventure,Indie,RPG",9,9,0
1916290,"Action,Adventure,Indie,Simulation",40,34,6
1122210,"Action,Adventure,Casual,Indie,RPG,Simulation,Sports,Strategy",2,0,2
709700,"Action,Adventure,Indie",14,5,9
289180,"Action,RPG,Simulation",57,39,18
1577120,Adventure,2285,1823,462
70210,"Adventure,Casual,Indie,Simulation",84,67,17
1146970,"Casual,Indie",198,183,15
928060,"Casual,Indie",28,9,19
1532260,"Casual,Strategy",18,17,1
55140,Racing,1284,1117,167
345230,"Adventure,Indie",70,42,28
627410,"Action,Adventure,Casual,Indie",10,6,4
788870,"Action,Adventure,Indie,Simulation,Strategy,Early Access",14,5,9
1064860,"Indie,RPG,Simulation",10,3,7
849520,"Action,Adventure,Indie",8,7,1
516520,"Action,Casual",4,4,0
1989190,"Action,Adventure,Casual,Indie,RPG,Simulation",11,10,1
1081410,"Action,Casual,Indie",12,11,1
2001570,"Casual,Indie,Simulation",33,33,0
524010,"Action,Indie,Strategy",229,139,90
535440,"Action,Free to Play,Indie,Massively Multiplayer",0,0,0
1379040,"Action,Adventure,Casual,Indie,Simulation",0,0,0
450150,"Casual,Simulation,Strategy",1,1,0
1257700,"Casual,Indie,Sports",1,1,0
1355310,"Indie,Simulation",33,31,2
445020,"Indie,Strategy",175,111,64
1863080,"Action,Casual",95,92,3
769580,"Action,Casual",1,1,0
1438060,"Casual,Indie",11,9,2
394030,"Action,Indie",26,25,1
1108780,"Action,Indie",0,0,0
513490,Indie,0,0,0
361790,"Indie,RPG,Strategy",6,3,3
1237090,"Action,Indie",2,2,0
458450,"Action,Indie",4,1,3
1041450,"Action,Adventure,Casual,Indie",3,3,0
1594300,"Racing,Simulation,Sports",1,0,1
1076830,"Adventure,Casual,Indie,Strategy",2,2,0
1664130,"Action,Casual,Free to Play,Indie",0,0,0
1421760,"Adventure,Casual,Indie",336,308,28
1836740,"Adventure,Casual,Indie,Early Access",0,0,0
1510380,"Action,Indie",22,18,4
1619200,"Casual,Indie,RPG,Simulation,Strategy",2,0,2
867080,"Action,Adventure,Casual,Indie",0,0,0
1104250,"Indie,Strategy",1,0,1
593330,"Adventure,Indie",48,13,35
1399850,"Casual,Indie,RPG,Simulation,Strategy",4,4,0
455990,"Action,Indie,Racing,Early Access",2,2,0
824520,"Nudity,Adventure,Casual,Indie,RPG",1,1,0
1469800,Indie,7,7,0
529870,Strategy,7,5,2
691540,"Action,Free to Play",0,0,0
564230,"Simulation,Sports",2031,1852,179
456670,"Action,Indie,RPG",1773,1503,270
428340,"Animation & Modeling,Design & Illustration,Video Production",128,116,12
2007000,"Action,Adventure,Indie,RPG,Early Access",3,3,0
1165600,Indie,0,0,0
1950240,"Action,Adventure",1,1,0
1849800,"Action,Indie",7,7,0
1281980,Indie,3,1,2
1819780,"Action,Adventure,Indie,RPG,Sports,Strategy",2,1,1
287900,Simulation,116,96,20
880800,Indie,7,5,2
666910,"Action,Adventure,Indie",3,3,0
917050,"Casual,Indie",0,0,0
609920,"Action,Indie,Racing",408,298,110
1419870,"Indie,RPG",9,8,1
448080,"Casual,Indie,Strategy",186,177,9
32390,Action,502,322,180
527250,"Indie,Simulation,Strategy",9,7,2
1929360,"Adventure,Casual,Indie,RPG",47,46,1
879580,"Indie,Sports,Early Access",0,0,0
1153070,"Casual,Indie",32,26,6
600670,"Indie,Early Access",4,2,2
894960,"Action,Indie,Early Access",1,1,0
1631190,"Action,Casual,Indie,RPG",0,0,0
881510,Action,5,2,3
1775510,"Action,Adventure,Casual,Indie,RPG",0,0,0
1180420,"Casual,Indie,Strategy",4,3,1
1853720,"Casual,Indie",1,1,0
1364500,"Action,Indie,Racing",1,0,1
284160,"Racing,Simulation,Early Access",71729,69654,2075
295490,"Action,Adventure,Casual,Indie",42,30,12
686000,"Casual,Indie,Strategy",1,1,0
1672840,Indie,23,20,3
1861620,"Adventure,Casual,Free to Play,Massively Multiplayer,Simulation",0,0,0
1595030,"Adventure,Casual,Indie,Early Access",185,163,22
345140,"Adventure,Indie",70,42,28
95300,"Action,Indie",376,312,64
1751230,"Adventure,Indie,RPG,Early Access",0,0,0
330460,"Action,Adventure,Indie,RPG,Simulation,Strategy,Early Access",286,206,80
322580,"Adventure,Casual,Indie",2,1,1
701470,"Action,Indie",55,50,5
1512610,"Casual,Indie",0,0,0
501420,"Casual,Indie,Simulation,Early Access",0,0,0
1213650,"Action,Indie",0,0,0
665920,"Casual,Early Access",7,7,0
1639610,Casual,324,320,4
1163870,"Action,Indie",518,477,41
1296550,"Action,Casual",1,1,0
1640000,"Casual,Indie,Strategy",1,0,1
1950710,Casual,0,0,0
660170,"Indie,Simulation,Strategy",2,0,2
1570850,"Action,Adventure,Indie",11,8,3
645700,"Nudity,Utilities",3,1,2
384100,"Action,Indie",11,6,5
1861110,"Action,Casual,Free to Play,Indie",0,0,0
471270,"Action,Casual,Indie",7,5,2
1858070,Indie,0,0,0
1156510,"Adventure,RPG",31,27,4
262210,"Action,Adventure,Casual,Indie",57,50,7
602520,"Casual,Indie",2147,2095,52
1352560,"Adventure,Casual,Indie,RPG,Strategy",8,7,1
1793060,"Action,Adventure,Free to Play,Indie,Simulation",0,0,0
1183410,"Indie,Simulation",2,2,0
329040,"Action,Adventure,Indie,RPG,Early Access",59,42,17
588980,"Casual,Indie,Simulation",5,4,1
925340,"Indie,Simulation",23,23,0
774511,"Action,RPG,Strategy",221,133,88
1911250,"Indie,Simulation,Early Access",5,4,1
596470,"Adventure,Free to Play,Indie",8,7,1
376760,Casual,26,19,7
42170,"Action,Adventure,Indie,RPG,Strategy",369,206,163
1867810,Strategy,8,5,3
454420,"Action,Casual,Indie",1,1,0
816670,"Action,Indie",6,3,3
979500,"Action,Casual,Indie,Massively Multiplayer",0,0,0
1350280,"Action,Indie,Massively Multiplayer",4,4,0
1890810,"Adventure,Casual,Indie",0,0,0
293180,"Action,Adventure,Indie",449,249,200
764570,"Casual,Indie,Simulation,Early Access",0,0,0
42940,Strategy,7,5,2
792370,"Adventure,Indie",8,7,1
606270,Casual,4,2,2
700100,"Action,Adventure,Casual,Indie,RPG",16,15,1
1009030,"Casual,Indie,Strategy",0,0,0
1267230,"Action,Adventure,Casual,Indie",0,0,0
1150900,Casual,0,0,0
1157020,"Action,Adventure,Casual,Free to Play,Indie,Strategy",0,0,0
1319420,"Adventure,Indie",210,190,20
837280,"Action,Adventure,Indie",0,0,0
204220,"Adventure,Casual,Indie",32,26,6
914450,"Free to Play,Strategy",0,0,0
239120,RPG,1288,1031,257
1768810,"Action,Massively Multiplayer,RPG,Simulation,Strategy",8,8,0
307620,"Action,Indie",46,31,15
1145530,"Casual,Indie,RPG",2,2,0
326060,"Adventure,Casual,Indie",32,24,8
1977900,"Action,Adventure,Casual,Strategy",0,0,0
306440,"Action,Adventure,Indie",73,41,32
1047810,"Action,Adventure,Casual,Indie,RPG",4,3,1
555080,Simulation,0,0,0
621880,"Action,Free to Play,Massively Multiplayer,RPG",0,0,0
550650,"Action,Free to Play",11,5,6
349320,"Adventure,Indie",15,11,4
636480,"Action,Indie,Early Access",30225,29414,811
1909080,"Casual,Indie",2,2,0
887520,Action,5,3,2
1382200,"Adventure,Free to Play,Indie,Simulation",0,0,0
386560,"Action,Indie",74,62,12
1660300,Sports,0,0,0
1356880,"Casual,Indie",0,0,0
383780,Adventure,6,3,3
35320,Racing,81,62,19
261470,"Simulation,Strategy",1058,765,293
786680,"Action,Free to Play,Indie",0,0,0
653870,"Action,Indie",1,0,1
1218300,"Action,Adventure,Casual,Indie",0,0,0
432950,"Gore,Action,Adventure,Indie,RPG",17,14,3
1509510,"Simulation,Strategy,Early Access",1455,1295,160
966670,"Adventure,Casual,Indie",41,32,9
964110,"Casual,Indie,Strategy",3,3,0
1458560,"Adventure,Indie",84,61,23
964960,"Action,Casual,Free to Play,Indie",0,0,0
7760,Strategy,2015,1958,57
1370940,"RPG,Strategy,Early Access",3,2,1
331440,"Action,Adventure,Indie,RPG",718,565,153
636590,"Casual,Simulation",5,2,3
767050,Indie,20,10,10
805040,"Adventure,Casual",2,2,0
1116290,"Adventure,Indie",13,11,2
1491980,"Action,Adventure,Indie,Simulation",6,4,2
394770,Indie,5,0,5
1406690,"Casual,Simulation",111,108,3
903830,"Casual,Indie,Simulation,Strategy",21,14,7
816400,"Action,Adventure,Indie,RPG",0,0,0
877340,"Action,Adventure,Indie,RPG,Early Access",1,1,0
1436980,"Casual,Indie,Simulation,Strategy",6,1,5
1316520,"Casual,Free to Play",0,0,0
452860,"Action,Casual,Indie",125,117,8
1004050,Action,4,0,4
1407210,"Adventure,Early Access",154,133,21
1382630,"Casual,Indie,Early Access",0,0,0
1046030,"Casual,Indie,Strategy",8861,8482,379
1786590,"Action,Adventure,Indie,RPG,Simulation",16,8,8
356550,"Adventure,Casual,Indie,Simulation",14,11,3
348440,Indie,59,55,4
1291100,"Action,Adventure,Indie,RPG,Strategy",3,2,1
293860,"Adventure,Casual,Indie",252,184,68
677160,"Adventure,Casual,Indie",1989,1595,394
500190,Strategy,53,38,15
1629480,"Action,Indie",2,2,0
638990,"Adventure,Indie,Early Access",134,120,14
1304100,"Adventure,Indie",4,0,4
1507190,"Adventure,Casual,Indie",216,197,19
1044490,"Adventure,Indie",82,76,6
1667270,"Action,Adventure,Indie",11,10,1
1265080,"Action,Casual,Indie,Racing,Sports,Early Access",2,2,0
588560,"Action,Indie",47,25,22
785110,"Casual,Indie",61,52,9
13560,Action,1262,1110,152
1263780,"Action,Adventure,Casual,Indie,RPG,Simulation,Strategy",7,0,7
1128150,Indie,1,0,1
1622660,"Action,Free to Play",0,0,0
1234940,"Casual,Indie,RPG,Strategy",473,437,36
1530920,"Massively Multiplayer,Simulation",28,26,2
678760,Adventure,19,10,9
1629320,"Adventure,Casual,Indie,RPG",0,0,0
644010,"Casual,Indie,Racing,Sports",16,9,7
1288300,"Action,Adventure,Indie",0,0,0
2061580,"Action,Adventure,Free to Play,Indie,RPG,Strategy",0,0,0
978010,RPG,4,4,0
1212470,"Casual,Indie",1,0,1
1132220,Action,9,9,0
349690,"Action,Indie",28,27,1
485500,"Action,Indie",27,18,9
1011510,"Free to Play,RPG,Strategy",0,0,0
1579850,"Action,Adventure,Casual,Indie",5,5,0
2065240,"Casual,Indie,Simulation",40,39,1
1890710,"Action,Adventure,Indie",6,3,3
706560,"Indie,RPG",336,314,22
679960,Indie,0,0,0
353330,Indie,528,497,31
517300,"Casual,Simulation",6,2,4
1184720,"Adventure,Indie",1,1,0
483680,"Casual,Free to Play,Simulation,Early Access",1,1,0
921660,"Action,Adventure,Casual,Indie,RPG",1,1,0
521920,"Action,Casual,Indie",169,147,22
752810,"Adventure,Indie,RPG",6,2,4
949570,"Casual,Indie",0,0,0
1448320,"Action,Adventure,Indie",2,1,1
1739070,"Action,Casual,Indie,Simulation,Strategy,Early Access",74,74,0
894160,"Action,Casual,Indie",2,2,0
1090690,Indie,1,1,0
542910,"Indie,Strategy,Early Access",6,4,2
1680900,"Adventure,Casual,Indie,Racing,Simulation",0,0,0
1807250,"Adventure,Casual,Indie",3,0,3
1247160,"Action,Casual,Indie",6,6,0
1674470,"Action,Adventure,Free to Play,Massively Multiplayer",263,180,83
352360,"Adventure,Indie,Early Access",15,9,6
462070,Strategy,9,4,5
1113950,"Casual,Indie",0,0,0
434390,"Action,Adventure,Indie",4,4,0
1179220,"Action,Indie,Early Access",16,11,5
838840,"Action,Indie",4,0,4
998730,"Casual,Indie,Strategy",1,1,0
31800,Adventure,90,70,20
1722440,"Action,Adventure,Casual,Indie,Racing,Sports,Strategy",3,1,2
1262120,"Action,Casual",8,6,2
1774960,"Casual,Indie,RPG,Strategy,Early Access",0,0,0
487590,Casual,7,6,1
485340,"Adventure,Casual,Indie",20,15,5
1516490,"Casual,Indie,Simulation,Strategy",46,33,13
681990,"Casual,Indie,Strategy,Early Access",4,4,0
1996930,"Casual,Free to Play",0,0,0
1260700,"Adventure,Casual,Indie,RPG,Simulation,Strategy",8,7,1
1552830,"Adventure,Casual,Indie,Early Access",2,2,0
1272240,"Action,Indie",3,3,0
1516250,"Action,Indie",0,0,0
1814870,RPG,7,7,0
250260,"Adventure,Indie",4035,3763,272
1141990,"Action,Indie,Simulation",14,9,5
896940,"Action,Indie",0,0,0
7020,Action,195,183,12
1744650,"Indie,RPG",3,1,2
1935630,"Action,Casual,Massively Multiplayer,Simulation,Sports",0,0,0
801340,"Casual,RPG,Simulation",6,0,6
483490,"Action,Indie",6,5,1
1997790,Indie,9,8,1
987210,"Adventure,Indie,RPG",12,9,3
373620,"Action,Indie",24,19,5
433210,"Indie,RPG,Strategy",2,2,0
568460,"Adventure,Casual,Indie",13,12,1
1803420,Indie,18,11,7
1484560,"Action,Casual,Indie",8,5,3
2013060,Action,9,7,2
410150,"Casual,Indie",19,19,0
1390370,"Free to Play,RPG",0,0,0
453990,"Action,Indie",50,48,2
595780,"Action,Adventure,Indie,RPG",3,1,2
1088160,"Action,Racing,Early Access",0,0,0
1234260,"Action,Casual,Indie,Early Access",47,37,10
1165020,"Adventure,Casual,Indie",1,1,0
1905900,"Action,Free to Play,Indie,Racing",0,0,0
1506820,RPG,21,21,0
835600,"Action,Indie,Massively Multiplayer,Strategy",3,2,1
981010,"Adventure,Indie,Early Access",0,0,0
1624870,Casual,1,1,0
1574700,"Casual,Free to Play,Indie,Racing,Simulation",0,0,0
1828100,"Indie,Simulation",0,0,0
1264730,"Action,Casual,Indie,Racing,Simulation,Sports",15,15,0
525760,"Action,Indie,Racing,Sports,Early Access",5,5,0
1744450,"Adventure,Casual,Indie",5,5,0
518620,"Action,Indie",12,7,5
545040,"Adventure,Casual,Indie,Simulation",190,169,21
645940,Casual,1,1,0
80,Action,5246,4773,473
1257660,"Action,Indie",16,16,0
343860,"Adventure,Indie",1846,1653,193
527770,"Casual,Indie",12,5,7
1246170,"Action,Adventure,Indie,Early Access",1,1,0
801250,Indie,0,0,0
974320,"Casual,Indie,Strategy",6,4,2
1543030,"Action,Adventure,RPG",558,489,69
210950,"Action,Adventure",292,266,26
1037130,"Action,Indie",172,140,32
403120,"Adventure,Casual,Simulation",1158,858,300
1437500,Action,205,191,14
514820,"Action,Casual",1,0,1
916860,Casual,6,3,3
953820,"Action,Adventure,Simulation",6,6,0
556140,Casual,30,27,3
806990,"Action,Casual,Indie",5,2,3
1343480,"Racing,Simulation,Sports,Early Access",0,0,0
705860,"Casual,Early Access",0,0,0
467940,Indie,8,8,0
1975120,"Adventure,Free to Play,Indie",0,0,0
1368120,"Casual,Simulation,Early Access",11,8,3
424760,Action,31,18,13
1713450,"Adventure,Casual,Indie",2,1,1
351450,"Action,Casual,Indie",34,19,15
1035550,"Action,Free to Play,Indie,Racing",0,0,0
12520,Racing,243,185,58
788930,"Action,Casual,Indie",57,54,3
588990,"Action,Adventure,Indie,Early Access",14,10,4
1491400,"Action,Indie",5,4,1
1799890,Action,0,0,0
980160,"Action,Free to Play,Indie",0,0,0
1570050,"Action,Adventure,Casual,Indie",1,1,0
427970,"Action,Indie,Strategy",5,1,4
1261530,"Action,Indie",14,10,4
1542450,"Adventure,Casual,Indie",2,1,1
1735120,"Action,Indie,Strategy",3,1,2
661070,"Casual,Indie",1,1,0
1163560,"Action,Adventure,Indie",33,21,12
841270,"Adventure,Indie",0,0,0
403040,Utilities,10,6,4
540740,Simulation,36,17,19
1103970,"Casual,Indie,Simulation",0,0,0
954530,Indie,23,12,11
96900,"Action,Indie,Strategy",10,4,6
1097580,"Adventure,Indie,Simulation",471,404,67
914900,"Action,Adventure,Casual,Indie",3,3,0
989010,"Adventure,Casual,Simulation",3,1,2
1156470,"Action,Casual,Indie",0,0,0
933300,RPG,7,5,2
1168530,"Adventure,Casual,Indie,RPG,Strategy,Early Access",0,0,0
1205170,"Action,Adventure,Indie",58,56,2
1163550,"Action,Casual,RPG,Sports",667,444,223
1267770,"Casual,Free to Play,Indie",0,0,0
520230,"Action,Casual,Indie,Early Access",2,2,0
354960,"Action,Adventure,Indie",11,7,4
610750,"Adventure,Casual,Indie",98,75,23
1623620,"Action,Adventure,Free to Play,Massively Multiplayer,Racing,Sports,Strategy",0,0,0
683240,"Action,Casual,RPG",4,4,0
1240370,"Action,Casual,Indie,Simulation",7,7,0
1798690,"Casual,Indie,Simulation",2,2,0
350640,"Action,Adventure",2201,1724,477
1298000,"Adventure,Casual,Indie,RPG,Simulation,Sports,Strategy",0,0,0
386600,"Action,Free to Play,Indie,Early Access",3,3,0
1112950,"Adventure,Casual,Indie",0,0,0
985600,"Action,Adventure,Indie",0,0,0
446330,"Adventure,Indie,RPG",81,77,4
1935410,"Casual,Indie,Racing,Simulation,Sports",2,1,1
312980,"Simulation,Strategy",486,431,55
1016430,Indie,11,11,0
1659800,"Casual,Indie",39,26,13
1128370,"Casual,Indie,Simulation",1,1,0
1233230,"Casual,Indie,Simulation,Early Access",7,6,1
355490,"Indie,Strategy,Early Access",21,9,12
718990,"Action,Simulation,Strategy",2,0,2
2062150,"Action,Casual,Indie,Early Access",1,1,0
1740000,"Action,Adventure,Casual,Indie,Strategy",24,14,10
518680,"Action,Casual,Indie",1,1,0
2020630,"Casual,Indie",8,7,1
318090,"Casual,Indie,Strategy",126,80,46
780850,"Casual,Indie",4,4,0
509260,"Action,Adventure,Casual,Indie,Simulation,Strategy,Early Access",10,4,6
657280,"Audio Production,Utilities,Early Access",130,111,19
603400,"Action,Adventure,Indie,RPG",56,36,20
1367770,"Indie,Simulation",1,1,0
1817910,"Free to Play,Massively Multiplayer,RPG",0,0,0
559030,"Adventure,Casual,Indie",4,2,2
1845370,"Action,Indie,Sports",0,0,0
469920,"Indie,Massively Multiplayer,RPG,Simulation",517,407,110
411550,"Adventure,Casual,Simulation,Strategy",10,6,4
1324860,"Free to Play,Indie",0,0,0
1375440,"Adventure,Indie,Early Access",0,0,0
1391020,"Adventure,Casual,Indie,RPG",22,14,8
1460650,"Adventure,Indie,RPG,Simulation,Strategy,Early Access",39,31,8
479990,"Action,Indie,RPG",59,40,19
1441760,"Adventure,Casual,Indie,Simulation,Strategy",1,0,1
1256650,"Action,Casual,Indie,Sports",0,0,0
600280,"Indie,Simulation,Strategy",66,41,25
277110,"Adventure,Casual",135,101,34
1549200,"Casual,Indie",23,16,7
644160,"Action,Adventure,Indie",6,4,2
978380,"Action,Casual,Indie,Early Access",1,1,0
1346600,Adventure,11,10,1
592640,"Action,Adventure,Casual,Racing,Simulation,Sports,Early Access",0,0,0
773150,"Action,Casual,Indie",0,0,0
1393210,"Action,Adventure,Indie,Early Access",38,38,0
1299360,"Action,Indie",181,165,16
1022650,"Adventure,Casual,Indie,RPG,Simulation,Strategy",7,6,1
1324010,Adventure,16,6,10
236850,"Simulation,Strategy",39414,33881,5533
568040,"Action,Indie",198,177,21
894110,"Adventure,Casual,Indie",0,0,0
1412250,"Casual,Indie",1,1,0
318570,"Indie,Strategy",73,46,27
1267170,"Action,Adventure,Indie",2,1,1
745380,"Casual,Indie",13,7,6
680420,"Action,Adventure,RPG",29133,19837,9296
1287140,"Indie,RPG",14,4,10
236090,"Action,Adventure,Indie,RPG",8453,8049,404
38600,"Casual,Indie,RPG",855,776,79
340330,"Adventure,Indie,RPG,Strategy",6,4,2
1932220,Casual,0,0,0
1225780,"Adventure,Casual,Indie,RPG,Simulation",13,13,0
1414180,"Indie,Simulation,Strategy",34,33,1
571890,"Animation & Modeling,Design & Illustration,Early Access",77,65,12
798140,"Action,Casual,Indie,Racing,Early Access",4,4,0
566440,"Action,Strategy",1757,996,761
1746500,"Casual,Indie",18,17,1
673430,"Casual,Free to Play",0,0,0
1904690,"Animation & Modeling,Design & Illustration,Photo Editing,Utilities,Web Publishing,Early Access",0,0,0
1268100,"Action,Adventure,Casual,Indie,Early Access",7,5,2
1987040,"Action,Adventure,Indie",0,0,0
1931680,"Casual,Indie",3,1,2
673910,"Indie,RPG,Simulation,Sports",31,31,0
423880,"Casual,Free to Play,Indie",30,27,3
1736310,"Casual,Indie",1,1,0
912450,Adventure,55,41,14
315450,"Adventure,Indie",11,6,5
501210,"Adventure,Casual,Indie,Massively Multiplayer,RPG,Strategy,Early Access",214,165,49
2023640,"Action,Adventure,Casual,Indie,Racing,Simulation,Sports,Strategy",0,0,0
1287260,"Adventure,Casual,Indie,Simulation",0,0,0
1612550,"Adventure,Casual",5,4,1
490450,"Action,Adventure,Indie",184,135,49
1432320,"Action,Racing,Simulation,Sports,Early Access",74,68,6
1074310,"Action,Casual,Indie,Sports",10,10,0
1868840,"Action,Indie,RPG",5,3,2
810460,"Action,Adventure,Indie",32,18,14
1866610,"Action,Racing,Sports,Early Access",17,16,1
1580210,"Casual,Indie",22,20,2
1260960,"Free to Play,Indie,Simulation",0,0,0
1616690,"Action,Indie",9,8,1
1265110,"Adventure,Indie",0,0,0
1452280,Action,11,9,2
1953410,RPG,0,0,0
762180,"Action,Adventure,Casual,Indie,RPG,Simulation,Sports,Strategy",35,27,8
1878770,"Adventure,Indie,Strategy",7,7,0
798490,"Indie,Strategy",1727,1441,286
514090,"Casual,Simulation",72,63,9
1787320,"Action,Adventure,Indie,Strategy",25,22,3
865850,"Action,Adventure,Indie,RPG,Early Access",16,10,6
497880,"Casual,Indie,Strategy,Early Access",7,2,5
2054050,"Action,Adventure,Indie",0,0,0
1479390,"Adventure,Indie",45,45,0
1201910,"Action,Adventure,Casual,Indie,RPG",12,4,8
671620,"Violent,Gore,Action,Indie,Simulation,Sports,Strategy",565,480,85
792030,"Casual,Indie",1,1,0
517470,"Casual,Indie",15,14,1
1606920,Simulation,2,1,1
1035880,Indie,0,0,0
1734820,"Animation & Modeling,Design & Illustration,Utilities,Game Development",2,2,0
1206260,"Adventure,Indie",6,6,0
1334900,"Action,Casual,Indie",2,2,0
1336560,"Free to Play,Indie,Massively Multiplayer,Racing,RPG,Simulation,Sports",327,205,122
1842900,"Adventure,Indie",1,1,0
774051,"Action,Adventure,Casual,Indie,Sports,Early Access",1,0,1
405960,"Action,Indie,RPG",25,10,15
1583610,"Action,Indie,RPG",2,2,0
1899010,Indie,0,0,0
1059470,"Action,Adventure,Indie,RPG",1,1,0
1077030,"Adventure,Early Access",0,0,0
986800,"Casual,Indie",300,291,9
1577350,"Action,Adventure,Indie,Strategy",1,1,0
410490,"Action,Massively Multiplayer,RPG",8,1,7
533090,"Adventure,Casual",6,4,2
1042820,"Adventure,Indie",10,4,6
1383450,"Adventure,Casual,Indie",14,11,3
292400,"Adventure,Indie,RPG",100,64,36
949520,"Adventure,Simulation",2,0,2
741100,"Adventure,Casual,Indie",9,3,6
1351470,"Free to Play,Indie,Early Access",5,4,1
266980,Adventure,9,4,5
1515280,"Adventure,Casual,Indie,Simulation",25,17,8
1297200,"Free to Play,Strategy,Early Access",0,0,0
1471200,"Adventure,Indie,RPG,Strategy",63,44,19
1579380,"Indie,Strategy",649,599,50
1064620,"Action,Adventure,Indie",1,1,0
989260,"Simulation,Sports",3,1,2
563680,"Action,Casual,Indie,Racing,Simulation,Sports",8,2,6
937160,"Action,Simulation",2,1,1
1145550,"Adventure,Casual,Indie,RPG",1,0,1
442660,"Violent,Gore,Action,Indie,RPG,Early Access",52,31,21
1573010,Utilities,0,0,0
1569370,"Strategy,Early Access",0,0,0
1024480,"Action,RPG,Strategy",174,105,69
1134150,"Action,Free to Play,Simulation,Strategy",2,2,0
542120,"Action,Free to Play",0,0,0
1138310,"Action,Adventure,Indie",1,1,0
2003560,"Adventure,Casual,Indie,Simulation,Strategy",0,0,0
803320,"Adventure,Indie,RPG,Early Access",2,0,2
533470,"Adventure,Indie,RPG",1,0,1
1171260,"Action,Adventure,Indie",24,18,6
1658830,"Casual,Free to Play,Indie,Simulation",0,0,0
33980,Action,72,36,36
698770,"Adventure,Indie,Sports",21,20,1
460160,"Adventure,Casual",150,136,14
605990,"Adventure,Casual,Indie,Simulation",83,80,3
577560,"Indie,Strategy",2,2,0
1864090,"Casual,Indie",0,0,0
370840,Sports,68,40,28
1120940,"Adventure,Indie",12,11,1
1998420,"Action,Adventure,Indie",0,0,0
630490,"Action,Simulation,Strategy",40,14,26
680950,"Casual,Indie,Simulation,Sports,Early Access",31,21,10
576960,"Adventure,Casual,Indie,RPG,Simulation,Strategy",44,33,11
40380,Racing,339,267,72
699820,"Action,Indie,Early Access",10,5,5
1165100,Casual,1,1,0
1132230,Action,9,8,1
1085510,Racing,5448,4925,523
524030,"Action,Adventure,Free to Play,Indie",2,1,1
779430,"Simulation,Sports",96,80,16
1926260,"Free to Play,Simulation,Strategy",0,0,0
1730140,"Action,Adventure,Indie,RPG,Early Access",15,14,1
269550,"Audio Production,Utilities,Video Production",22,11,11
418610,"Action,Indie",42,21,21
1637570,"Action,Casual,Indie,Early Access",2,2,0
1906290,"Casual,Strategy",51,50,1
1493840,"Casual,Indie,Strategy",31,28,3
368800,"Action,Indie",18,14,4
497850,"Indie,Simulation,Strategy",243,194,49
276810,"RPG,Strategy",4025,2858,1167
1410700,"Action,Adventure,Indie",12,12,0
725920,Simulation,0,0,0
1044040,"Adventure,Indie,Simulation,Strategy",38,19,19
390670,"Free to Play,Massively Multiplayer,Simulation",52,43,9
546780,"Casual,Indie,Simulation",25,22,3
523650,"Adventure,Indie",1158,800,358
1998300,"Casual,Indie",6,4,2
521730,Strategy,1,0,1
1235830,"Action,Adventure,Casual,Indie",5,5,0
1051470,"Action,Adventure,Casual,Indie",3,3,0
1415620,Casual,1,1,0
1034160,"Casual,Indie,Racing,Simulation,Sports",12,6,6
477900,"Indie,Simulation,Strategy",51,42,9
826470,"Action,Indie",10,10,0
1825180,"Action,Casual,Indie",0,0,0
1921140,"Action,Adventure",14,10,4
675270,Indie,9,8,1
869290,"Action,Indie,Racing",13,11,2
686270,"Adventure,Free to Play,Indie",0,0,0
1597950,"Action,Adventure,Free to Play,Indie",0,0,0
1513740,"Action,Indie",0,0,0
427980,"Adventure,Indie",147,119,28
1435020,"Adventure,Indie,RPG,Simulation",0,0,0
1129540,"Action,Casual,RPG,Simulation,Sports,Strategy,Early Access",1085,970,115
892460,"Casual,Indie,Strategy",1,0,1
2007410,"Adventure,Casual",0,0,0
497860,"Action,Adventure,Free to Play,Indie,Massively Multiplayer,RPG",1,1,0
1422520,Strategy,0,0,0
1595000,"Action,Adventure,Indie,RPG",28,22,6
1053750,"Action,Indie,Strategy",4,3,1
1341830,"Action,Simulation",0,0,0
1043430,"Indie,Simulation",59,54,5
401810,"Action,Adventure,Indie",301,281,20
1081510,"Adventure,Indie",356,282,74
1989460,"Action,Adventure,Indie",2,1,1
1883480,"Casual,Simulation,Sports",3,2,1
311560,"Action,Adventure",4425,3761,664
1928800,"Adventure,Free to Play,Indie,RPG",0,0,0
662170,"Adventure,Casual",3,3,0
1186530,"Casual,Indie,Strategy",3,2,1
1307380,"Adventure,Casual,Indie,Strategy",10,10,0
1504110,Indie,2,0,2
1706940,"Action,Adventure,Indie",6,6,0
438940,Adventure,12,11,1
1439220,"Indie,Simulation,Strategy",8,4,4
1838860,"Action,Adventure,Indie,Early Access",0,0,0
285010,"Action,Casual,Indie,Simulation,Strategy",77,54,23
1482720,"Casual,Indie,Strategy",0,0,0
2054730,"Adventure,Indie",2,0,2
1564450,"Casual,Indie,RPG,Simulation,Strategy",24,17,7
217120,"Action,Early Access",56,48,8
927890,"Casual,Indie,RPG,Simulation",803,749,54
525500,"Action,Adventure,Casual,Indie",17,13,4
1950610,Casual,0,0,0
1627410,"Action,Free to Play",0,0,0
413830,"Action,Adventure,Indie",11,6,5
1072920,"Casual,Indie",9,2,7
324810,"Action,Free to Play,Indie",1019,849,170
1546900,"Action,Adventure,Casual,Indie,Early Access",3,1,2
1386500,"Action,Adventure,Indie",9,6,3
1614990,"Action,Indie",3,3,0
737690,"Action,Indie",5,5,0
1941860,"Free to Play,RPG",0,0,0
225020,Action,490,285,205
965410,"Action,Adventure,Casual,Indie,RPG",3,2,1
375850,"Action,Casual,Indie,Strategy",12,5,7
1834960,"Casual,Indie,Simulation",15,14,1
1685920,Indie,1,0,1
728240,"Adventure,RPG",200,170,30
1548060,"Casual,Strategy",0,0,0
1025230,"Free to Play,Indie,Strategy",0,0,0
1103070,Casual,0,0,0
828230,"Adventure,Casual,Indie,RPG",0,0,0
781860,"Action,Adventure,Casual,Indie",3,3,0
713230,"Racing,Simulation,Sports,Early Access",9,2,7
1071100,"Audio Production,Utilities",215,191,24
857470,"Adventure,Casual,Indie,Simulation",20,17,3
358030,"Indie,RPG",32,29,3
1450750,"Action,Indie",1,0,1
701580,RPG,1,0,1
295770,Action,291,221,70
1044520,Casual,12,12,0
1490970,"Adventure,Free to Play",0,0,0
1221660,"Action,Casual,Indie,Simulation,Sports",2,1,1
1719540,"Action,Adventure,Casual,Indie",0,0,0
514760,"Adventure,Casual",6,6,0
1903360,"Adventure,Casual,Indie,RPG",0,0,0
1695791,Action,97,93,4
1152570,"Adventure,Indie",0,0,0
1320550,"Casual,Free to Play,Indie,Simulation",0,0,0
1358050,"Action,Adventure,Casual,Indie,RPG",0,0,0
731420,"Action,Casual,Indie",20,15,5
1192440,"Indie,RPG,Simulation,Strategy,Early Access",24,24,0
1418140,"Adventure,Casual,Indie",4,4,0
882750,"Action,Indie",1,1,0
1878300,"Action,Adventure,Indie,Early Access",2,0,2
1766700,Indie,1,1,0
1569520,"Casual,Indie,Simulation",5,3,2
1634980,"Adventure,Casual,Indie",5,3,2
1056060,"Action,Casual,Indie,Strategy",0,0,0
1142270,Casual,41,34,7
1747220,"Adventure,Indie,RPG,Early Access",1,1,0
1259370,"Casual,Indie",4,4,0
745560,"Action,Free to Play,Indie",0,0,0
992330,"Adventure,Indie",27,23,4
1016820,"Action,Adventure,Racing,Early Access",1,1,0
656240,"Action,Adventure,Indie,RPG,Simulation",1546,771,775
207930,Action,180,118,62
576390,"Action,Adventure,Indie,RPG,Simulation",10,3,7
1240840,"Casual,RPG",2,2,0
1181750,"Adventure,Casual,Indie,Simulation,Sports",2,1,1
649630,"Adventure,Casual,Strategy",2,1,1
1751560,"Adventure,Casual,Indie",23,20,3
775530,"Casual,Indie,Simulation",77,66,11
1936130,"Adventure,RPG,Early Access",9,9,0
563180,"Adventure,Indie",27,24,3
92600,"Action,Indie",57,47,10
1542850,"Casual,Indie",14,13,1
658890,"Action,Indie",235,222,13
1161180,"Action,Adventure,Casual,Indie,RPG",13,13,0
1411420,"Action,Casual,Indie,Simulation,Strategy,Early Access",4,3,1
1109460,"Adventure,Casual,Free to Play,Indie,RPG",0,0,0
916970,"Action,Adventure,Casual,Indie,Simulation,Sports",1,1,0
2004700,"Action,Free to Play,Indie",0,0,0
2055390,"Casual,Free to Play,Indie",0,0,0
808020,"Indie,Early Access",1,0,1
303340,"Action,Indie",21,16,5
1644960,"Simulation,Sports",10914,7477,3437
1453350,"Action,Adventure,Indie,Early Access",2,2,0
1359870,"Indie,Simulation",14,2,12
353560,"Adventure,Casual,Indie",1920,1626,294
1805100,"Adventure,Casual",2,0,2
948020,"Adventure,Casual,Indie",22,20,2
716040,"Action,Casual,Indie,Early Access",7,5,2
1696240,"Adventure,Indie",1,0,1
1198570,Action,0,0,0
1831980,RPG,26,19,7
1887490,"Action,Adventure,Indie",4,2,2
831350,"Adventure,Casual,Indie,Simulation,Sports",1,0,1
1152950,"Action,Adventure,Casual,Indie",19,7,12
370280,"Adventure,Casual,Indie",148,138,10
1922180,"Adventure,Casual,Indie,Simulation",6,4,2
755670,"Action,Indie,Strategy",18,13,5
1640670,"Action,Adventure,Indie",5,4,1
1147690,"Adventure,Free to Play,Indie,Simulation",0,0,0
962240,"Action,Indie",0,0,0
1253460,Casual,1,0,1
1750210,Utilities,0,0,0
1356080,"Adventure,Casual,Free to Play,Indie,Simulation",0,0,0
525370,"Action,Free to Play,Indie",1,0,1
657500,Strategy,10,6,4
278570,"Adventure,Casual,Indie",117,97,20
995000,"Adventure,Casual,Indie",13,8,5
1250270,"Action,Indie",0,0,0
648060,"Adventure,Indie,RPG,Simulation,Early Access",5,1,4
1804420,"Casual,Indie",0,0,0
622870,"Action,Indie",137,115,22
1020020,"Animation & Modeling,Utilities,Early Access",1,1,0
758880,"Indie,Massively Multiplayer,Strategy",10,5,5
1844060,Indie,36,26,10
1066180,"Action,Casual,Indie",153,126,27
1921080,"Action,Free to Play",0,0,0
1818750,"Action,Free to Play",3370,3142,228
1575260,"Casual,Simulation",3,0,3
704990,"Action,Indie,Strategy",1,1,0
1347110,"Action,Adventure,Indie,RPG",0,0,0
550840,"Action,Adventure,Indie,RPG",109,61,48
284850,Casual,409,395,14
1891460,"Action,Adventure,Indie",0,0,0
1098130,"Casual,Free to Play,Indie",0,0,0
1686980,"Adventure,Casual",9,5,4
269770,"Action,Adventure,Indie,RPG,Early Access",2411,2151,260
667160,"Casual,Free to Play,Indie",0,0,0
1981000,"Casual,Simulation,Early Access",1,1,0
1281700,Adventure,3,2,1
1359990,"Action,Adventure,Casual,Indie",1,1,0
1959900,Indie,0,0,0
877800,"Action,Adventure,Casual,Indie",4,4,0
1944750,"Casual,Indie",0,0,0
486660,"Indie,Early Access",4,4,0
1803840,"Action,Adventure,Casual,Indie",12,11,1
689660,"Action,Adventure,Indie,Massively Multiplayer,RPG,Simulation,Early Access",1,0,1
402170,"Casual,Indie",20,6,14
1909220,"Action,Adventure,Casual,Indie,Massively Multiplayer,RPG,Simulation,Early Access",18,18,0
1175880,"Action,Simulation,Strategy",337,203,134
1724840,RPG,10,6,4
975620,"Adventure,Indie,Simulation",10,10,0
1193300,"Action,Adventure,Indie,RPG,Strategy",10,10,0
1509520,"Simulation,Strategy",1,1,0
645200,"Indie,RPG,Early Access",5,3,2
1486340,"Casual,Indie",3,3,0
1114170,"Action,Indie,Simulation,Early Access",0,0,0
1027800,"Action,Casual,Indie,Racing,Sports",3,2,1
793830,"Action,Adventure,Indie",22,22,0
1853150,"Action,Adventure,Casual,Indie",3,3,0
563190,"Action,Adventure,Indie",72,67,5
1277900,"Action,Adventure,Simulation,Early Access",1,1,0
581760,"Casual,Indie",71,65,6
1485210,"Action,Adventure,Casual,Strategy",9,2,7
1717260,"Casual,Simulation",0,0,0
1676350,"Casual,Indie,Simulation",0,0,0
48720,"Action,RPG",2917,2382,535
243780,Strategy,370,321,49
2024860,"Casual,Free to Play,Indie,Simulation",0,0,0
1803290,RPG,0,0,0
1087440,"Action,Adventure,Indie",28,23,5
1023320,"Action,Free to Play,Indie",0,0,0
1510090,"Action,Adventure,Indie",2,1,1
563550,"Action,Adventure,Casual,Indie",55,44,11
1988820,"Adventure,Casual",0,0,0
356790,"Action,Indie",24,21,3
1165920,"Casual,Indie,Simulation",8,5,3
1923170,"Action,Adventure,Casual",10,9,1
739180,"Casual,Indie",18,17,1
361890,Strategy,33,14,19
1892500,"Free to Play,Simulation",0,0,0
1747490,"Casual,Indie,RPG,Strategy",0,0,0
689210,"Adventure,Indie,Simulation",1,1,0
331290,"Action,Indie",7,5,2
1494720,Casual,14,14,0
674440,"Casual,Indie",8,7,1
926070,"Adventure,Casual",3,3,0
1346300,"Action,Casual,Indie,Sports,Early Access",4,4,0
1341460,"Indie,Strategy",14,11,3
583850,Design & Illustration,15,10,5
1373080,"Action,Casual,Indie",6,5,1
1140490,"Action,Adventure,Indie",0,0,0
1604780,"Action,Indie",20,20,0
1748970,Adventure,2,1,1
1226010,"Action,Casual,Indie,Simulation,Strategy",9,8,1
630470,Casual,6,4,2
1658750,Casual,0,0,0
1422270,"Action,Indie,Simulation,Strategy,Early Access",1,1,0
881170,"Action,Indie",7,2,5
1198740,"Simulation,Strategy",98,90,8
333690,"Adventure,Indie",8,4,4
1433420,"Casual,RPG,Simulation,Strategy",156,118,38
962810,"Action,Adventure,Casual,Free to Play,Indie",0,0,0
1034260,Casual,2,1,1
1409680,"Casual,Indie",2,2,0
772290,"Adventure,Indie",128,110,18
1210380,"Casual,Free to Play,Indie",0,0,0
643700,"Action,Adventure,Casual,Indie,Simulation,Sports",33,25,8
46250,Action,121,88,33
885570,"Action,Indie,Simulation,Early Access",7,4,3
655910,"Action,Casual",28,27,1
1887270,"Indie,RPG,Strategy,Early Access",0,0,0
1512730,"Adventure,Casual,Indie",1,1,0
552180,"Adventure,Casual,Free to Play,Indie,Massively Multiplayer,RPG,Simulation",1,1,0
222880,"Action,Indie,Strategy",35664,32915,2749
1150080,"Action,Adventure,RPG",1051,807,244
1867260,"Action,Adventure",0,0,0
1607430,"Casual,Indie",5,5,0
983830,"Action,Adventure,Indie",7,5,2
1645620,"Adventure,Casual,Indie",0,0,0
363650,"Casual,Indie",29,12,17
1624380,"Adventure,Casual,Simulation",24,19,5
1307560,"Indie,RPG",10,6,4
1346390,"Action,Indie,RPG",33,29,4
1180360,"Adventure,Free to Play",0,0,0
1904400,"Casual,Indie,Simulation",6,6,0
625220,"Adventure,Casual,Indie,Simulation",0,0,0
1885990,"Casual,Indie,RPG",1,1,0
1622010,"Action,Adventure,Indie,RPG,Strategy,Early Access",2,2,0
1885540,"Casual,Indie",28,26,2
1646930,Adventure,8,8,0
1471040,Simulation,173,74,99
731770,"Adventure,Free to Play,Indie",0,0,0
954270,"Casual,Indie,Strategy",21,17,4
405820,"Action,Adventure",1792,1702,90
838710,"Adventure,Casual",2,2,0
2050820,Adventure,0,0,0
1813300,Casual,3,3,0
906100,"Adventure,Indie",1807,1453,354
1453400,"Action,Indie,Strategy",14,7,7
1155980,Simulation,8,7,1
1487160,"Action,Indie",1,1,0
455910,"Action,Simulation",749,527,222
932870,"Action,Adventure,Free to Play,Indie",0,0,0
319250,"Action,Adventure,Indie,RPG",396,357,39
1383700,"Action,Adventure,Indie",18,15,3
510360,"Action,Indie,Early Access",8,3,5
260530,"Action,Indie,Strategy",32,28,4
241300,"Adventure,Indie,Strategy",113,100,13
1314730,"Action,Adventure,Casual,Indie",0,0,0
396310,Indie,270,226,44
670160,"Action,Adventure,Indie,Early Access",272,253,19
1797040,"Action,Indie,Simulation",12,12,0
1708820,Action,1,0,1
888670,"Action,Casual,Free to Play,Indie",0,0,0
1186400,"Adventure,Casual,Indie,RPG,Simulation",174,135,39
412290,"Adventure,Casual,Indie",29,6,23
1489150,"Adventure,Indie,Simulation",26,22,4
1092000,"Adventure,Casual,Indie,RPG",43,38,5
1141340,RPG,0,0,0
1634950,Indie,32,31,1
348730,"Action,Adventure,Indie,Strategy",18,6,12
1046300,"Adventure,Casual,Indie,Strategy",179,150,29
1114830,"Indie,Simulation,Strategy",72,40,32
397780,"Indie,RPG",99,78,21
1788800,"Indie,RPG",0,0,0
811190,"Action,Adventure,Casual,Indie",5,2,3
551320,"Nudity,Gore,Adventure,Casual,Indie",13,9,4
1632890,"Simulation,Animation & Modeling,Design & Illustration",2,0,2
1731360,"Simulation,Strategy",0,0,0
307570,"Adventure,Casual,Indie",124,93,31
1044460,"Adventure,Indie,RPG,Early Access",1,0,1
280680,"Animation & Modeling,Design & Illustration,Photo Editing",1203,1140,63
433130,"Action,Massively Multiplayer,Simulation",6,1,5
1915410,"Action,Indie",6,0,6
608670,"Action,Adventure,Indie",15,14,1
1548050,Indie,27,16,11
1017580,"Adventure,Indie",11,7,4
1257550,"Action,Free to Play,Indie,Massively Multiplayer,RPG,Early Access",0,0,0
1522140,"Action,Adventure,Indie,RPG",18,11,7
233410,Action,81,71,10
1314620,"Casual,Indie,Simulation",10,8,2
1349920,"Casual,Free to Play,Indie",0,0,0
1492360,"Simulation,Strategy,Early Access",168,136,32
595160,"Adventure,Casual",12,6,6
427290,"Action,RPG",6346,4790,1556
513170,"Action,Indie,Simulation",4,3,1
1020650,"Action,Casual,Indie,Strategy,Early Access",1,1,0
829490,"Action,Indie",2,2,0
1989140,"Indie,RPG,Early Access",5,5,0
279940,Adventure,305,269,36
1292180,Strategy,59,44,15
1345080,"Adventure,Free to Play,Indie",0,0,0
837470,"Action,Indie",4827,4630,197
1186760,Indie,0,0,0
749860,"Action,Indie,Sports",17,10,7
1096310,"Action,Casual,Free to Play,Indie",0,0,0
294680,"Adventure,Casual",91,87,4
405860,"Action,Adventure,Indie",4,4,0
1987780,"Adventure,Free to Play,Indie",0,0,0
1362580,"Action,Free to Play,Indie,Strategy",0,0,0
1903590,"Casual,Strategy",0,0,0
1274980,"Action,Adventure,Indie,RPG",17,15,2
602590,"Adventure,Indie",11,9,2
1750540,Adventure,0,0,0
1157910,"Action,Adventure,Indie",4,4,0
861290,Indie,4,2,2
1663890,"Casual,Indie",2,2,0
827770,"Action,Adventure,Indie,RPG,Early Access",2,0,2
446990,"Adventure,Casual,Indie,RPG",54,45,9
712010,"Action,Adventure,RPG",37,24,13
824900,Strategy,0,0,0
537020,Strategy,3,3,0
1885640,"Racing,Simulation,Early Access",22,15,7
774441,"Casual,Indie,Simulation",45,32,13
1636350,"Action,Adventure,Casual,Indie,Simulation",0,0,0
423220,"Casual,Indie",5,5,0
681000,"Action,Adventure,Indie,Early Access",5,4,1
1234160,"Casual,Indie,Strategy",0,0,0
1934810,"Adventure,Casual,Free to Play,RPG,Strategy",0,0,0
288000,"Action,Adventure,Indie",6,1,5
1592120,"Adventure,Indie,RPG",3,1,2
490880,"Action,Indie",18,13,5
805440,"Action,Casual,Indie",6,4,2
1741640,"Simulation,Strategy,Early Access",254,244,10
1385990,"Adventure,Casual,Indie",2,2,0
263040,"Adventure,Casual,Indie,RPG,Simulation,Strategy,Early Access",46,27,19
1113620,Utilities,24,17,7
1356180,Casual,95,79,16
1208120,"Casual,Indie,Simulation,Strategy",7,1,6
1474860,"Action,Adventure,Casual",8,8,0
1673920,"Adventure,Casual,Indie,Strategy",6,4,2
1722590,"Casual,Indie",1,1,0
824200,"Sexual Content,Adventure,Casual,Indie",9,7,2
893480,"Action,Adventure,Casual,Indie",0,0,0
41060,"Action,Indie",403,379,24
1341210,"Action,Adventure,Indie,Massively Multiplayer,RPG,Simulation,Strategy,Early Access",161,109,52
569370,"Casual,Free to Play,Indie",0,0,0
601920,"Casual,Indie",8,6,2
904810,"Action,Adventure,Indie,Early Access",2,2,0
327930,"Adventure,RPG",149,135,14
248650,"Adventure,Casual,Indie",306,216,90
851770,"Action,Indie",3,1,2
905060,"Action,Adventure",9,2,7
2008010,"Casual,Strategy",0,0,0
1012800,"Adventure,Indie",1,1,0
1706820,"Adventure,Casual,Indie",35,34,1
1668660,"Audio Production,Education,Utilities,Video Production,Game Development,Early Access",0,0,0
1706220,Adventure,7,6,1
1224010,"Action,Casual,Indie",0,0,0
1045150,"Action,Casual,Indie",0,0,0
630720,"Action,Indie,RPG",213,164,49
1151090,"Action,Adventure,Casual,Indie,Simulation,Sports,Strategy",0,0,0
1019580,Adventure,0,0,0
868370,"Adventure,Indie,RPG",0,0,0
1225130,Action,19,19,0
818410,"Adventure,Indie",16,16,0
377970,"Adventure,Indie",170,112,58
381780,"Adventure,Indie,Strategy",783,725,58
1489330,"Action,Adventure,Casual,Indie,RPG,Strategy",7,6,1
511500,"Indie,Strategy",23,16,7
287860,"Action,Indie",41,24,17
1014010,Casual,13,7,6
1233780,"Action,Casual,Indie,Massively Multiplayer",75,54,21
1688270,"Casual,Indie",1,1,0
340540,"Action,Adventure,Free to Play,Massively Multiplayer",1,0,1
503410,"Action,Indie",12,8,4
46790,Strategy,30,17,13
942310,"Action,Casual,Free to Play",0,0,0
1296560,"Action,Free to Play,Indie",0,0,0
1267370,"Adventure,Indie",14,7,7
1830980,"Indie,Sports",4,3,1
1740950,RPG,3,0,3
705120,"Adventure,Casual,Indie,Strategy",427,364,63
1479880,"Adventure,Indie,Strategy,Early Access",8,7,1
779320,"Adventure,Indie,RPG,Strategy",1,1,0
1660420,"Adventure,Casual",4,4,0
1082520,"Action,Casual,Indie",0,0,0
741450,"Adventure,Casual,Indie",8,1,7
944080,"Adventure,Casual,Indie",61,56,5
731500,"Violent,Gore,Action,Adventure,Indie,RPG",0,0,0
557580,"Action,Adventure,Indie",25,20,5
746300,"Action,Adventure,Casual,Indie",1,0,1
1120580,"Indie,Simulation,Strategy",7,2,5
1693610,Casual,13,12,1
386080,"Action,Adventure,Indie,RPG",102,81,21
1911640,"Adventure,Strategy,Early Access",2,2,0
490250,"Casual,Free to Play,Indie,Simulation",21,17,4
1151430,"Action,Casual,Indie",4,3,1
667770,"Adventure,Indie,Simulation",9,5,4
655220,"Violent,Gore,Action,Adventure,Indie",2,2,0
1057740,"Free to Play,Indie,Massively Multiplayer,Strategy",0,0,0
1845630,"Action,Adventure,Casual,Free to Play,Indie,Simulation",0,0,0
1456490,"Action,Casual,Indie,Sports",0,0,0
1237260,"Indie,Strategy",15,13,2
1602420,Action,0,0,0
1135690,"Casual,Indie,Simulation",9096,8375,721
1063280,"Action,Adventure,Casual,Indie,Simulation,Sports,Strategy",2,0,2
1377580,"Action,Free to Play,Massively Multiplayer,RPG",0,0,0
1370050,"Action,Adventure",376,285,91
1625700,Casual,0,0,0
1885130,"Adventure,Casual,Simulation",2,1,1
1034910,Action,167,140,27
868390,"Adventure,Indie,RPG",1,0,1
631270,"Adventure,Casual",8,4,4
1066680,"Simulation,Strategy,Early Access",5,5,0
1802630,"Indie,Strategy",8,4,4
1083850,"RPG,Simulation,Strategy",19,7,12
355630,"Adventure,Indie",110,102,8
1843760,"Casual,Strategy",2445,1979,466
1840,"Animation & Modeling,Video Production",180,170,10
1570610,"Casual,Indie",0,0,0
350000,"Action,Indie",6,3,3
385560,Action,217,188,29
1041130,"Action,Adventure,RPG,Early Access",7,4,3
1835290,Action,1,1,0
826430,"Adventure,Casual",3,1,2
894120,Adventure,2,2,0
402120,"Action,Adventure,Indie,RPG",234,198,36
1658370,Casual,0,0,0
343820,"Adventure,Indie",39,29,10
833940,"Violent,Action,Casual,Indie,Early Access",1,1,0
1115380,"Casual,Free to Play,Indie",0,0,0
340000,Action,413,367,46
1488060,"Action,Casual,Indie",1,0,1
1124940,"Action,Free to Play,Indie,Strategy,Early Access",0,0,0
1456640,"Casual,Indie,Strategy,Early Access",2,2,0
773210,Utilities,11,10,1
1980520,"Action,Casual,Free to Play",0,0,0
34800,Adventure,37,28,9
1011440,"Action,Adventure,Casual,Indie",0,0,0
1738420,"Adventure,Indie,RPG",17,15,2
1586540,"Action,Indie",1,1,0
724120,"Action,Casual,Indie",3,3,0
320090,"Indie,Simulation",29,24,5
731950,"Casual,Simulation",6,5,1
1289340,"Indie,Simulation,Strategy,Early Access",737,648,89
1225640,"Casual,Indie,Strategy",4,3,1
1111450,"Casual,Indie",2,2,0
1638870,"Action,Casual,Indie",2,2,0
1360450,"Casual,Free to Play,Massively Multiplayer,Strategy",0,0,0
1103870,"Action,Casual,Early Access",1,1,0
747330,"Action,Adventure,Indie,RPG,Early Access",0,0,0
1168000,Free to Play,0,0,0
1253570,"Free to Play,Simulation,Sports,Strategy",0,0,0
203630,Strategy,573,496,77
863210,"Action,Indie,Strategy,Early Access",5,5,0
464500,"Adventure,Casual",32,31,1
72850,RPG,100142,92638,7504
951940,"Action,Casual,Indie,Strategy",40,31,9
1250720,"Action,Casual,Indie,Early Access",8,5,3
878510,Casual,1,1,0
1460970,"Casual,Indie",2,2,0
220780,Indie,3242,3036,206
779290,"Indie,RPG",462,310,152
1007360,"Casual,Indie,Simulation",0,0,0
1882230,Indie,5,2,3
714050,"Action,Adventure,Indie,Massively Multiplayer,Strategy",5,2,3
1560100,"Adventure,Casual,RPG,Simulation",0,0,0
333950,"Action,Indie,Simulation,Strategy",3862,1981,1881
1627130,"Adventure,RPG,Strategy",1,1,0
820660,"Action,Adventure,Casual,Indie,Simulation,Sports",2,0,2
1836520,"Indie,RPG",7,3,4
1129580,"Action,Adventure,RPG,Simulation",10012,8958,1054
1416020,"Action,Adventure,Casual,Indie",0,0,0
367240,"Action,Adventure,RPG",6,2,4
1626530,"Casual,Simulation,Strategy,Early Access",14,13,1
527790,"Adventure,Casual,Indie,Early Access",2,0,2
1461220,"Action,Adventure,Indie",0,0,0
48220,"RPG,Strategy",3349,1257,2092
1178460,"Utilities,Early Access",43,37,6
1399240,"Adventure,Casual",22,21,1
775730,"Casual,Indie",1,1,0
283230,"Adventure,Casual,Indie",164,105,59
1617780,"Adventure,Casual,Indie",0,0,0
1253870,"Action,Adventure",899,790,109
689090,"Free to Play,Simulation",0,0,0
1448780,"Casual,Indie",19,19,0
1245090,"Casual,Indie",18,15,3
740230,"Action,Indie,Simulation,Sports",95,86,9
1631420,"Action,Indie",0,0,0
1416980,"Casual,Indie,RPG",15,14,1
422420,"Casual,Indie,Simulation,Strategy,Early Access",312,40,272
404550,"Action,Adventure,Casual,Indie,Strategy,Early Access",61,39,22
932350,"Casual,Indie",3,2,1
1902210,"Action,Adventure,Casual,Indie,Simulation,Strategy",5,2,3
1550510,"Adventure,Indie",108,89,19
1423200,"Adventure,Casual,Indie",13,7,6
1486860,Indie,1,0,1
549280,"Casual,Indie,Racing",3,0,3
732980,"Violent,Action,Indie,Early Access",0,0,0
1446980,"Action,Adventure,Casual,Indie",2,2,0
867640,"Indie,Racing",5,3,2
1584630,"Action,Indie,Massively Multiplayer",0,0,0
1308280,"Adventure,Free to Play,Indie,RPG,Early Access",0,0,0
1580600,Indie,10,10,0
551700,"Action,Indie",245,190,55
1162750,"Indie,Simulation,Strategy,Early Access",1414,1378,36
565180,"Action,Indie",28,26,2
1226820,"Adventure,Indie,RPG,Early Access",0,0,0
1343690,Casual,2,1,1
1858120,"RPG,Early Access",4,4,0
1234070,"Action,Casual,Indie",1,1,0
1335910,"Action,Indie,RPG,Strategy",0,0,0
669410,"Action,Adventure,Indie,RPG",0,0,0
1406770,"Action,Indie",1,1,0
928390,Action,101,87,14
859440,"Action,Indie,Strategy",15,8,7
710120,"Action,Casual,Indie,Simulation,Strategy",14,9,5
1875590,"Casual,Free to Play,Massively Multiplayer,RPG,Strategy",0,0,0
913100,Indie,10,8,2
347710,"Adventure,Indie",99,81,18
228380,"Action,Indie,Racing,Simulation,Sports",14691,12648,2043
1973470,"Adventure,Indie,RPG,Early Access",1,0,1
288730,Casual,21,8,13
675870,"Action,Indie",2,1,1
953370,"Adventure,Casual,Indie",87,52,35
321400,"Action,Casual,Free to Play,Indie,Sports",185,121,64
1323950,Indie,0,0,0
1177610,"Action,Indie,Early Access",27,20,7
812070,"Action,Adventure,Indie",61,46,15
765250,"Simulation,Early Access",48,22,26
1198810,"Action,Adventure,Casual,Indie,Strategy",6,5,1
1666190,Action,0,0,0
1519770,"Casual,Indie",1,1,0
449530,"Action,Adventure,Casual,Indie,RPG,Simulation,Strategy",118,78,40
48110,Simulation,1256,511,745
783180,"Adventure,RPG",29,27,2
977920,"Indie,Simulation,Early Access",164,138,26
1172000,"Casual,Indie",2,1,1
588230,"Adventure,Indie",54,42,12
377030,Education,3,2,1
1029240,"Action,Adventure,Simulation",87,62,25
1756180,Action,72,65,7
1240620,"Action,Indie",0,0,0
1481680,"Action,Indie,RPG",9,8,1
1682070,"Action,Adventure,Indie,Sports,Early Access",0,0,0
1863240,Indie,1,0,1
356730,"Adventure,Casual,Indie,RPG",4,3,1
732710,Accounting,1,1,0
656550,"Action,Adventure,Indie",25,24,1
780320,"Adventure,Casual,Indie",11,6,5
781880,"Action,Adventure,Indie,Strategy",8,2,6
839250,"Adventure,RPG,Strategy",2,1,1
1172480,Indie,2,2,0
4760,Strategy,7554,7156,398
951070,"Action,Adventure,Indie",0,0,0
234920,"Adventure,Casual,Indie,Simulation",150,116,34
540360,Casual,8,6,2
387990,"Action,Adventure,Indie,Simulation,Early Access",36680,33903,2777
1392190,"Adventure,Casual,Indie,Massively Multiplayer",4,1,3
719800,"Action,Indie",16,13,3
1734970,Action,1,1,0
380670,"Action,Casual,Indie,Simulation,Strategy",268,251,17
2015700,"Adventure,Casual,RPG",0,0,0
1107490,"Action,Adventure,Indie,Early Access",0,0,0
647790,Indie,1,1,0
282400,"Simulation,Strategy",865,675,190
1393610,"Action,Casual,Indie,Sports",1,0,1
844250,"Indie,RPG,Simulation,Strategy,Early Access",5,0,5
1551510,"Action,Adventure,Indie,RPG",10,9,1
1687280,"Action,Casual,Indie",2,1,1
697430,"Indie,Racing,Simulation,Sports,Early Access",3,3,0
989870,"Adventure,Indie",0,0,0
345790,"Casual,Indie,Simulation",9,5,4
1125000,"Action,Indie",3,1,2
1799500,"Adventure,Casual,Indie",0,0,0
434420,"Action,Adventure,Indie,RPG",473,312,161
1928660,"Action,Indie",12,12,0
1689280,"Indie,RPG,Strategy",0,0,0
1509040,Casual,33,31,2
698790,"Action,Adventure,Casual,Indie,Simulation",24,21,3
1971790,"Action,Adventure,Indie",2,2,0
613790,"Action,Adventure,Indie,Simulation,Early Access",18,14,4
1701760,"Action,Adventure,Casual,Indie,Early Access",1,0,1
605140,"Action,Adventure,Indie",23,14,9
1456280,Action,0,0,0
1031850,Action,0,0,0
1465740,"Action,Adventure,Indie",3,1,2
1206270,"Action,Casual,Indie",2,2,0
209370,Indie,1211,1148,63
1641410,"Adventure,Casual,Indie,RPG",0,0,0
761300,"Action,Adventure,Indie",5,5,0
1055960,Indie,1,1,0
1455230,"Adventure,Casual,Indie,Strategy",24,23,1
425220,Action,606,479,127
436470,"Action,Free to Play,Indie",14,13,1
1429610,"Indie,RPG,Simulation",1,1,0
1074250,"Action,Adventure,Casual,Indie",0,0,0
973260,"Animation & Modeling,Design & Illustration",3,1,2
937530,"Action,Indie,RPG,Early Access",32,25,7
540590,"Action,Indie",3,1,2
1541220,"Adventure,Free to Play,Indie",0,0,0
1049410,"Adventure,Indie",8713,8187,526
880180,"Action,Adventure,Casual,Indie",0,0,0
840920,"Action,Adventure,Indie,RPG,Early Access",1,0,1
33670,"RPG,Strategy",166,85,81
2062920,"Action,Casual,Indie",3,3,0
951500,"Casual,Indie",8,1,7
1448140,"Action,Indie,Racing,Early Access",1,1,0
535980,Casual,36,32,4
651640,"Action,Indie,Strategy,Early Access",9,9,0
1456880,"Action,Adventure,Indie",255,254,1
571340,"Violent,Gore,Action,Adventure,Indie",33,21,12
822900,"Action,Casual,Strategy",10,6,4
1451410,"Casual,Simulation,Sports",15,13,2
259720,"Adventure,Indie,Simulation",151,93,58
398960,"Adventure,Casual,Indie,RPG",11,11,0
1142100,"Action,Sports",202,139,63
1078040,"Adventure,Casual",1,1,0
260930,Simulation,99,57,42
1213460,Adventure,0,0,0
595650,"Adventure,Casual",1,1,0
251630,Indie,675,580,95
1170970,"Casual,Free to Play,Massively Multiplayer,Racing,Simulation",0,0,0
1950920,"Casual,Indie,Simulation",7,5,2
894930,"Adventure,Casual,Indie,RPG,Strategy",2,0,2
35000,"Action,Adventure",1014,896,118
1742170,Strategy,3,2,1
974470,"Casual,Indie",0,0,0
619310,"Free to Play,Indie,Massively Multiplayer,Strategy",0,0,0
1402790,"Casual,Indie,Simulation,Strategy",3,3,0
1908640,"Action,Indie,Racing",0,0,0
1983560,"Action,Casual,Indie",0,0,0
1504340,"Action,Indie",102,100,2
1936230,"Casual,Indie,Simulation",0,0,0
1505740,"Simulation,Strategy",1,0,1
331470,"Adventure,Casual,Free to Play,Indie",51,46,5
661490,Indie,11,1,10
275490,"Action,Casual,Indie",12,8,4
680830,"Adventure,Casual,Indie",36,26,10
1691990,"Indie,Simulation,Strategy,Early Access",3,2,1
292410,Racing,791,655,136
464070,"Action,Casual,Indie",10,7,3
1638390,"Strategy,Early Access",65,52,13
1283620,"Action,Sports",0,0,0
1530280,"Casual,Indie",1,1,0
2009950,"Adventure,Indie",13,12,1
1588870,"Action,Adventure,Indie,Simulation",93,40,53
1428130,"Action,Adventure,Casual,Indie",2,1,1
1605690,"Casual,Free to Play,Indie,Strategy",0,0,0
439490,"Action,Indie",237,232,5
571040,"Design & Illustration,Education,Photo Editing,Software Training,Utilities",5,3,2
251290,RPG,1723,1687,36
559250,"Adventure,Casual,Indie,Strategy",3,3,0
1243560,"Action,Casual,Indie,Early Access",6,5,1
1260920,"Action,Adventure,RPG",1,0,1
667580,"Action,Indie",0,0,0
1510030,"Adventure,Casual,Simulation",271,260,11
388410,"Action,Adventure,RPG",3591,2628,963
1160440,"Action,Adventure,Indie",15,15,0
1724040,"Indie,RPG",0,0,0
1262830,"Casual,Indie",1,0,1
443070,"Action,Indie",4,0,4
641940,"Action,Indie,Simulation,Sports",0,0,0
1603200,"Action,Adventure,Casual,Indie,RPG",55,46,9
334100,"Action,Adventure,Casual,Indie",20,17,3
511430,"Adventure,Indie,Simulation",65,41,24
884370,"Action,Adventure,Casual,Indie,Strategy,Early Access",4,3,1
1770830,"Adventure,Indie",1,1,0
671470,"Action,Indie,Racing",2,2,0
365670,"Animation & Modeling,Design & Illustration,Video Production",76,73,3
910400,"Casual,Indie,Simulation",2,1,1
1701090,"Action,Adventure,Free to Play,Indie",0,0,0
1289100,"Casual,Indie,RPG,Simulation",0,0,0
1454190,"Action,Indie,Simulation",8,6,2
1655710,Indie,1,0,1
4870,Strategy,86,70,16
330580,"Action,Indie",633,514,119
284970,"Action,Indie",37,15,22
1774220,"Action,Indie",35,34,1
1294060,"Adventure,Casual,RPG",0,0,0
444350,"Action,Adventure,Casual,Indie,RPG,Simulation,Strategy",105,25,80
728670,"Casual,Indie",2,1,1
7110,RPG,1225,910,315
673190,"Action,Indie,Racing,Sports",54,39,15
687870,"Utilities,Video Production",0,0,0
1247170,Indie,49,43,6
1698140,"Adventure,Casual,Indie,Simulation",0,0,0
1585460,"Adventure,Casual,Indie",1,1,0
1805670,"Action,Adventure",3,3,0
387770,Software Training,2,2,0
567010,Adventure,8,7,1
1546360,Casual,3,2,1
753270,"Casual,Indie,Simulation",10,6,4
597180,"Simulation,Strategy",758,599,159
955640,"Casual,Indie,Simulation,Early Access",36,33,3
1582780,"Action,Indie",0,0,0
320430,"Casual,Strategy",694,586,108
1020080,"Adventure,Strategy",2,2,0
1769220,Strategy,0,0,0
1814400,"Adventure,Indie,Strategy",1,1,0
1806460,"Adventure,Casual,Indie,Simulation,Strategy",0,0,0
826810,Action,0,0,0
595470,"Action,Sports,Early Access",1,0,1
1041630,"Action,Adventure,Indie",0,0,0
521100,"Action,Adventure,Indie",20,8,12
1922120,Casual,0,0,0
841190,"Casual,Indie,Simulation,Strategy,Early Access",522,430,92
644680,"Adventure,Casual,Simulation",4,4,0
982700,"Action,Indie",51,36,15
509020,"Animation & Modeling,Design & Illustration",1,1,0
494220,Strategy,1,1,0
985340,"Adventure,Casual,Indie",0,0,0
1134020,"Action,Indie,Strategy",24,17,7
1825440,"Indie,RPG",0,0,0
1903540,Adventure,4,3,1
463480,"Action,Indie",7,6,1
1035310,"Action,Adventure,Indie,RPG",9,5,4
1416720,"Casual,Indie,Simulation,Sports,Strategy",17,17,0
1486030,"Casual,Indie,Strategy",17,14,3
1040550,"Casual,Indie",284,273,11
1443170,Casual,2,1,1
1466070,"Adventure,Indie",3,1,2
781000,"Action,Adventure,Casual,Indie",2,2,0
1258310,"Adventure,Casual,Indie",187,184,3
925050,"Casual,Indie",4,4,0
755790,"Action,Free to Play,Massively Multiplayer",237,168,69
1797490,"Indie,Simulation,Strategy,Early Access",15,12,3
1005060,"Adventure,Casual,Strategy",7,5,2
494840,"Action,Indie,Simulation,Strategy,Early Access",5756,4781,975
1293950,Casual,0,0,0
1626740,"Adventure,Casual,Indie",20,14,6
458960,"Free to Play,Massively Multiplayer,Simulation,Sports",17,9,8
1035340,Education,0,0,0
724370,"Adventure,Casual,Indie",11,11,0
281200,Adventure,103,80,23
1076640,"Simulation,Sports",72,43,29
1446840,"Action,Adventure,Indie",1,0,1
1584860,"Adventure,Casual,Indie",2,2,0
1539270,"Casual,Indie,Strategy,Early Access",0,0,0
1625690,"Action,Adventure,Casual,Strategy",0,0,0
757430,"Action,Casual,Indie,Simulation,Strategy",6,4,2
1620160,"Adventure,Casual,Simulation,Strategy",0,0,0
730460,"Action,Adventure,Casual,Indie,RPG,Simulation,Strategy",1,0,1
1401620,Strategy,2,2,0
1593040,RPG,10,10,0
575860,"Action,Adventure,Casual,Indie",9,3,6
1151390,"Action,Adventure,Casual,Indie,RPG,Simulation,Strategy",47,44,3
827130,"Adventure,Casual",6,3,3
1292960,"Adventure,Casual,Indie",4,3,1
577980,"Action,Adventure,Strategy",17,9,8
1267860,"Action,Casual,Indie",8,5,3
1556120,"Casual,Indie",3,1,2
915060,"Adventure,Casual,Free to Play,Indie,RPG,Early Access",0,0,0
1297470,"Adventure,Indie",11,6,5
353700,"Action,Adventure,Indie",524,473,51
938960,"Adventure,Indie,RPG",3,3,0
421700,"Adventure,Casual",249,222,27
972520,"Action,Adventure,Indie",3,3,0
1783740,"Adventure,Indie",8,8,0
1063220,Strategy,4,2,2
537700,"Adventure,Indie",10,5,5
1373550,"Action,Adventure,RPG",235,191,44
999750,Action,0,0,0
944610,Adventure,1,1,0
445600,"Action,Indie,RPG",44,27,17
1762680,"Adventure,Casual,Indie",0,0,0
1220100,"Action,Adventure,Casual,Indie",21,20,1
1755890,"Action,Adventure,Indie",4,4,0
1676550,"Adventure,Indie",2,2,0
490980,"Adventure,Casual,Indie,RPG,Simulation",44,33,11
898940,"Casual,Indie,RPG,Simulation",5,3,2
1710390,"Action,Free to Play",0,0,0
777770,Strategy,202,139,63
826010,"Casual,Indie",34,26,8
1948430,"Free to Play,Indie,Strategy,Early Access",0,0,0
910490,"Action,Indie,RPG",1246,934,312
408060,"Action,Adventure,Indie,RPG,Early Access",45,42,3
1713160,"Action,Adventure,Indie",0,0,0
1906910,"Action,Casual,Indie",0,0,0
1195070,Action,11,11,0
290380,"Casual,Indie",76,71,5
921780,"Action,Adventure,Indie",272,184,88
490280,"Action,Adventure,Indie,RPG",463,374,89
1218030,Simulation,1,1,0
1932230,"Adventure,Casual,Indie",36,35,1
658330,Indie,11,10,1
497640,"Adventure,Casual,Free to Play,Indie",14,11,3
598440,"Action,Adventure,Indie",75,50,25
892310,"Casual,Indie,Massively Multiplayer,Strategy,Early Access",14,12,2
585970,"Action,Casual,Indie",1,1,0
1899450,"Action,Adventure",1,0,1
436280,"Casual,Indie",15,8,7
518280,"Adventure,Indie",19,17,2
347430,"Adventure,Casual,Indie",591,438,153
237970,"Adventure,Indie",48,28,20
878770,"Action,Casual,Indie",5,4,1
409920,"Adventure,Casual,Simulation",150,141,9
1332010,"Adventure,Indie",38107,37230,877
1589010,Casual,14,13,1
271990,"Adventure,Casual,Indie,RPG,Strategy",20,16,4
454220,"Adventure,Indie,Simulation",61,43,18
847650,"Free to Play,Simulation",0,0,0
803050,"Indie,Simulation,Strategy",1644,1228,416
1272680,Action,5,2,3
1454340,"Action,Indie,Racing,Simulation,Sports",2,0,2
600250,"Action,Indie,RPG,Strategy,Early Access",9,7,2
744550,"Action,Indie",2,1,1
588350,"Education,Utilities",2,1,1
433790,"Adventure,Indie",10,4,6
1002900,"Utilities,Web Publishing",0,0,0
598610,"Casual,Indie,Strategy",17,10,7
365730,"Adventure,Indie",7,7,0
360730,"Free to Play,Indie,Massively Multiplayer,Strategy",40,29,11
839040,"Adventure,Indie,Massively Multiplayer,RPG",4,2,2
1013430,"Casual,Indie",0,0,0
825300,Simulation,100,85,15
1428180,"Adventure,Casual,Indie",0,0,0
1072120,"Casual,Indie,Sports",188,167,21
809610,"Adventure,Casual,Indie,Simulation,Sports",3,1,2
1260620,"Casual,Indie,Strategy",13,10,3
767420,"Casual,Free to Play,Simulation",0,0,0
1322520,"Adventure,Indie",1,0,1
1342060,"Action,Adventure,RPG",29,19,10
254860,"Simulation,Strategy",14,4,10
1804320,Casual,0,0,0
1127820,"Adventure,Indie",4,3,1
267600,"Free to Play,Massively Multiplayer,Simulation,Strategy",357,43,314
1714790,"Indie,Simulation,Strategy",0,0,0
1303820,Action,9,4,5
210490,"Action,Strategy,Indie",36,0,36
1010650,"Action,Casual,Strategy",6,5,1
1176580,Simulation,12,7,5
1202780,"Indie,Simulation",12,7,5
868480,"Utilities,Early Access",3,2,1
1486630,"Action,Indie",713,660,53
494230,"Adventure,Casual,Indie,Simulation",199,186,13
1891270,"Adventure,Free to Play,Indie",0,0,0
1485350,"Casual,Indie,Simulation",0,0,0
1076770,"Action,Indie",3,3,0
1275540,"Action,Free to Play,Indie,Racing,Sports",0,0,0
1135170,"Adventure,Indie",4,3,1
1388490,"Indie,Simulation,Strategy",3,2,1
605610,"Adventure,Casual,Free to Play",0,0,0
622420,"Indie,RPG,Simulation,Early Access",94,40,54
1066030,RPG,10,7,3
686740,"Action,Adventure,RPG",5,4,1
1179060,"Action,Indie",12,7,5
492430,"Adventure,Indie",30,17,13
303260,"Action,Adventure,Indie",19,10,9
1095360,"Adventure,Casual,Indie",1,1,0
1073060,"Action,Adventure,Indie",0,0,0
1375930,"Casual,Indie",33,29,4
1592260,"Action,Adventure,Free to Play",0,0,0
743130,"Casual,Indie,Simulation,Early Access",458,434,24
721940,"Casual,Indie",25,16,9
824600,"Action,Indie,Early Access",1419,1391,28
458660,"Action,Adventure,Indie,RPG",14,10,4
1568880,"Adventure,Indie",0,0,0
363050,Casual,30,30,0
566320,"Adventure,Casual,Indie",5,4,1
428740,"Action,Indie",3,1,2
1281580,"Action,Adventure,Casual,Indie,Early Access",5,5,0
629030,"Gore,Adventure,Casual,Indie",73,16,57
1748090,"Action,Casual,Free to Play,Indie,Early Access",3,3,0
1388380,Education,2,0,2
1079000,"Adventure,Casual,Indie,RPG,Strategy",146,135,11
1409370,"Action,Free to Play,Indie",0,0,0
711660,"Adventure,Casual,Indie",906,738,168
432640,"Action,Adventure,Indie,RPG,Strategy",9,3,6
718220,Indie,9,5,4
1905510,"Animation & Modeling,Video Production",3,3,0
236450,Action,2533,2434,99
1871880,"Casual,Indie",12,12,0
1936450,"Adventure,Indie",3,1,2
1838400,"Casual,Indie",0,0,0
1016760,RPG,24,13,11
702930,"Casual,Indie",0,0,0
250620,"Action,Adventure,Indie",2508,2195,313
8330,Casual,62,39,23
820600,"Action,Casual,Indie,Strategy",25,25,0
715840,"Casual,Indie",21,12,9
1215750,Action,19,16,3
982290,"Casual,Indie,Simulation,Strategy",534,476,58
238050,Action,188,174,14
1298180,"Adventure,Casual,Indie,RPG,Simulation,Strategy",4,2,2
1226640,"Casual,Indie,Simulation",172,145,27
1107370,"Action,Adventure,Indie",94,66,28
258950,"Adventure,Indie",110,59,51
1591400,"Adventure,Casual,RPG",0,0,0
1722780,"Action,Casual,Indie,Strategy",1,1,0
1689420,Casual,6,5,1
42950,Strategy,9,8,1
1439630,"Action,Adventure,Indie",3,1,2
650310,RPG,3,0,3
1182690,RPG,1,0,1
1891440,"Action,Casual,Indie,RPG,Simulation",0,0,0
2006360,"Action,Indie",2,2,0
1283250,"Casual,Free to Play,Early Access",0,0,0
233510,"Casual,Indie",61,41,20
1491340,"Casual,Indie,Racing,Simulation,Early Access",464,428,36
1333490,"Action,Adventure,Casual,Indie,Massively Multiplayer,RPG,Simulation,Early Access",76,68,8
1966910,"Adventure,Indie,RPG",0,0,0
1634870,"Animation & Modeling,Design & Illustration",0,0,0
1522870,Adventure,811,789,22
1479990,"Action,Indie",27,26,1
1911230,Simulation,0,0,0
1075960,"Action,Adventure,Casual,Indie,Strategy",0,0,0
1018800,"Action,Casual,Indie,Simulation",1071,1001,70
2023160,"Action,Indie",0,0,0
767030,"Casual,Indie,Simulation,Strategy",16,9,7
1096240,"Casual,Indie",5,3,2
966000,"Adventure,Casual,Indie",19,14,5
1758020,Indie,1,1,0
1542290,"Casual,Indie",9,8,1
1419070,"Adventure,Casual,Indie,RPG",24,16,8
636580,"Violent,Gore,Action,Free to Play,Indie",0,0,0
1347430,Casual,511,459,52
1444870,"Action,Adventure,Simulation",1,1,0
361350,"Action,Indie",52,43,9
340440,"Action,Indie,RPG,Strategy",29,21,8
419480,"Action,RPG,Simulation,Strategy",1735,1326,409
1022640,"Casual,Indie,RPG",1,1,0
1346280,"Action,Casual,Indie",0,0,0
628660,"Action,Casual",60,48,12
1288370,"Action,Adventure,Indie,RPG",0,0,0
1621950,"Action,Indie",0,0,0
1069360,Indie,0,0,0
1853970,"Action,Indie",6,3,3
701290,"Casual,Indie",12,9,3
403390,Adventure,14,4,10
1515140,"Action,Adventure,Early Access",9,3,6
38100,Simulation,10,9,1
1582890,"Casual,Indie",2,2,0
521630,"Action,Casual,Indie",126,103,23
235900,Web Publishing,515,472,43
1064590,"Casual,Indie",12,9,3
1714730,"Adventure,Casual,Indie",0,0,0
1089860,"Adventure,Free to Play,Simulation",0,0,0
425260,"Action,Indie,Strategy,Early Access",6,4,2
1503930,"Action,Adventure,Indie",2,1,1
457580,"Casual,Indie",136,101,35
402190,"Action,Indie,Simulation",15,4,11
492100,"Action,Indie",0,0,0
621500,"Design & Illustration,Early Access",26,9,17
1475140,"Action,Adventure,Casual,Indie",6,6,0
509070,"Action,Casual,Indie,Sports",17,11,6
755080,"Action,Casual,Free to Play,Massively Multiplayer,Strategy,Early Access",0,0,0
1958750,"Indie,Simulation,Strategy,Early Access",3,2,1
277630,"Simulation,Strategy",59,49,10
284200,"Casual,Indie",0,0,0
1917870,"Action,Adventure,Indie,Early Access",0,0,0
1904220,"Adventure,Casual,Indie,RPG,Strategy",0,0,0
1196580,"Adventure,Indie,RPG",8,8,0
716230,"Action,Casual,Indie,Strategy",9,6,3
1568720,"Action,Adventure,Indie,RPG,Early Access",3,2,1
772210,"Adventure,Casual",0,0,0
390310,"RPG,Simulation,Strategy",209,132,77
622470,"Action,Adventure,Free to Play,Indie,Massively Multiplayer,Racing,RPG,Strategy,Early Access",0,0,0
270760,RPG,17,11,6
969230,"Action,Adventure,Indie",7,2,5
892690,Indie,55,47,8
835950,"Action,Casual",51,48,3
1569590,Simulation,87,43,44
1330500,Strategy,1,1,0
1632960,"Action,Adventure,Casual,Indie",0,0,0
1895330,"Casual,Indie,Strategy",0,0,0
776890,"Casual,Indie,Simulation",45,16,29
1649430,"Adventure,Casual,Indie",4,3,1
853220,"Adventure,Indie,Strategy",2,1,1
1013960,"Racing,Sports,Strategy",20,15,5
418070,"Casual,Indie",1345,1246,99
1524750,"Action,Adventure,Casual,Indie,Racing,Simulation",79,49,30
963680,"Simulation,Strategy",19,18,1
764780,"Casual,Indie",1,0,1
639720,"Action,Indie",29,25,4
1671600,"Action,Adventure,Free to Play,Indie,RPG",0,0,0
1837700,"Action,Casual,Indie",0,0,0
1222470,"Casual,Indie",16,10,6
33180,"Action,Indie,RPG",119,95,24
1173330,"Action,Adventure,Indie",0,0,0
224480,"Action,Adventure,Indie",5203,4866,337
1069150,"Action,Adventure,Indie",0,0,0
654660,Indie,12,5,7
1136680,"Casual,Simulation,Strategy",0,0,0
717910,"Action,Adventure,Casual,Indie",0,0,0
714280,"Action,Adventure,Casual,Indie",6,4,2
1454320,"Adventure,Indie",3,2,1
1257880,"Action,Adventure",131,77,54
1476290,"Action,Adventure,Indie",1,0,1
1006770,"Action,Adventure,Indie",1,0,1
1164250,"Casual,Simulation",268,215,53
1046660,"Casual,Indie,Simulation,Strategy",176,131,45
956390,"Adventure,Casual",1,1,0
1519670,"Casual,Indie",0,0,0
1263060,"Action,Adventure,Indie",3,3,0
985930,"Action,Casual,Indie,Sports",0,0,0
1081560,"Action,Adventure,Indie,Strategy,Early Access",83,58,25
849390,Indie,2,1,1
8320,Adventure,25,18,7
1987440,"Action,Indie",1,1,0
981900,"Casual,Indie,Strategy",0,0,0
635320,"Adventure,Indie",643,537,106
793240,"Action,Casual,Indie",9,7,2
729340,"Casual,Indie",1,0,1
662920,"Action,Indie,Strategy",24,21,3
1872790,"Indie,Simulation,Strategy",105,91,14
1162760,"Action,Adventure,Casual,Early Access",4,4,0
857140,"Action,Casual,Indie",12,10,2
1162010,"Action,Adventure,Casual,Indie,RPG,Strategy",1,1,0
1142500,"Action,Indie,Simulation",2791,2534,257
321610,Casual,11,5,6
1753760,"Action,Indie",0,0,0
1013870,"Indie,RPG",70,61,9
764080,"Action,Casual,Indie",0,0,0
468670,"Action,Adventure,Indie",33,26,7
1291690,"Action,Indie,Strategy,Early Access",0,0,0
2068750,"Action,Casual,Indie",0,0,0
67000,"Action,Casual,Indie",350,264,86
602010,"Action,Adventure,Casual,Indie,Simulation",28,24,4
1714590,"Action,Indie,Racing",351,330,21
546400,"Action,Adventure,Casual,Indie",30,11,19
1763550,Casual,4,4,0
298830,"Adventure,Casual,Indie,RPG",15,13,2
1335350,"Adventure,Casual,Indie",1,1,0
493310,Action,36,30,6
1755950,"Adventure,Indie",0,0,0
1097300,"Action,Adventure,Indie,Massively Multiplayer,Early Access",0,0,0
1852870,"Action,Adventure,Casual,Free to Play,Indie,Early Access",0,0,0
888640,"Violent,Gore,Action,Adventure,Casual,Indie",1,1,0
1042310,"Adventure,Indie",5,2,3
676830,"Adventure,Indie,RPG,Strategy",32,27,5
1754150,"Action,Adventure,Casual,Indie,Racing,Simulation,Sports",27,11,16
1494140,"Adventure,Casual,Indie,Simulation",19,15,4
936140,"Casual,Simulation,Sports",118,83,35
465990,"Adventure,Casual",10,8,2
1584330,Indie,38,30,8
877980,"Action,Indie,Racing,Early Access",1,0,1
1849510,Indie,0,0,0
786560,Indie,13,7,6
1066290,"Adventure,Casual,Indie,RPG,Strategy",2,1,1
1072600,Indie,0,0,0
243470,"Action,Adventure",12424,8383,4041
1862990,Indie,0,0,0
937090,"Action,Casual,Indie",2,2,0
791880,"Adventure,Casual,Indie,RPG",5,4,1
1846800,"Casual,Simulation",0,0,0
465050,"Action,Indie,Early Access",2,2,0
1754720,"Free to Play,Indie,RPG,Simulation,Strategy",0,0,0
333130,"Action,Adventure,Indie",4,3,1
1609590,"Action,Adventure,Free to Play,Massively Multiplayer,RPG,Simulation,Strategy",0,0,0
724310,Simulation,0,0,0
556990,"Action,Casual",9,8,1
828680,Action,26,26,0
1623530,"Adventure,Casual,RPG",1,0,1
1438100,"Indie,Strategy",18,13,5
464850,"Simulation,Sports",248,152,96
1711680,"Casual,Free to Play,Indie",0,0,0
1340080,"Casual,Indie",3,3,0
416630,"Casual,Indie,Simulation",42,17,25
1184960,Early Access,11,10,1
1345900,"Casual,Indie,Strategy",5,2,3
1110670,"Action,Adventure,Casual,Indie,Strategy",0,0,0
1742470,"Casual,RPG",20,10,10
1084600,"Adventure,Casual,Indie,RPG,Simulation,Early Access",2335,2242,93
383690,"Adventure,Indie",106,85,21
1214280,"Adventure,Free to Play,Indie,Simulation",0,0,0
376730,"Action,Indie",392,293,99
1953240,"Action,Adventure,Indie,Strategy",0,0,0
1257840,Action,10,5,5
918440,"Casual,Indie",1,0,1
73220,Strategy,112,73,39
1748240,"Adventure,Indie",2,2,0
1852000,Simulation,1,0,1
1625130,"Action,Casual,Indie,Simulation,Strategy",2,2,0
1587950,"Action,Casual,Indie",1,1,0
1303370,"Free to Play,Indie",0,0,0
992950,"Action,Casual,Indie,Racing,Sports",5,4,1
923550,"Casual,Indie",3,3,0
431370,"Casual,Indie,Simulation",9,8,1
1544380,"Action,Casual",0,0,0
1600350,Indie,6,0,6
1865680,"Adventure,Casual,Indie",0,0,0
1623340,"Casual,Indie,Strategy",1,1,0
916730,"Action,Adventure,Indie",1282,1215,67
726260,"Action,Indie",0,0,0
1289380,"Indie,RPG,Simulation,Strategy",487,282,205
891720,Casual,10,8,2
1466010,"Action,Free to Play,Indie,Racing,Simulation,Sports",0,0,0
1055160,"Adventure,Indie",0,0,0
1844580,"Casual,Indie",6,6,0
1084710,"Action,Adventure,Casual,Indie,Simulation",8,7,1
394480,Casual,1,0,1
667810,"Action,RPG",42,25,17
459780,"Action,Indie",4,4,0
1883450,"Indie,RPG",1,1,0
1770400,"Adventure,Indie,RPG",44,36,8
622510,"Casual,Indie,Strategy",1,1,0
1046570,"Indie,Strategy",7,4,3
1349100,"Action,Casual,Indie,Racing,Strategy",0,0,0
1152910,"Casual,Indie",0,0,0
1251460,"Action,Adventure,Indie,Racing,Sports",293,278,15
1163070,"Indie,RPG",50,44,6
1565830,"Adventure,Casual,Indie,RPG,Strategy,Early Access",0,0,0
1187490,"Adventure,RPG",4,3,1
848430,"Action,Indie",4,2,2
843980,"Action,Indie",1,1,0
687890,"Action,Adventure,Casual,Indie",7,5,2
1175240,Indie,0,0,0
1301970,"Casual,Indie",3,3,0
1883110,"Adventure,Casual,Indie,RPG,Strategy",0,0,0
879470,"Casual,Indie,RPG,Simulation,Strategy",40,25,15
576650,"Action,Free to Play",6,6,0
299420,"Action,Free to Play,Indie,Early Access",16,8,8
513810,Adventure,7,2,5
1346320,"Action,Indie",2,2,0
1404660,"Adventure,Indie,Early Access",87,75,12
449200,"Adventure,Indie,RPG",25,9,16
994140,"Adventure,Indie",220,212,8
1566870,"Adventure,Indie,RPG",0,0,0
1588650,"Indie,Simulation",7,1,6
1987130,"Free to Play,Massively Multiplayer,RPG,Simulation,Strategy",0,0,0
1182970,"Action,Simulation",17,6,11
923260,"Casual,Indie,Sports",145,138,7
1902350,"Action,Casual,Indie",6,6,0
1296840,"Action,Casual,Indie,Sports",278,265,13
476650,Adventure,319,273,46
488960,"Casual,Indie,RPG,Strategy",12,11,1
762270,"Action,Indie",8,8,0
307170,"Action,Casual,Indie",16,10,6
1374900,"Indie,Simulation",4,4,0
1554460,"Adventure,Casual,Indie",17,16,1
269490,"Action,Adventure,Casual,Indie,RPG,Strategy",422,374,48
1944780,"Casual,Indie",5,4,1
1727260,"Casual,Indie",0,0,0
1901410,"Adventure,Indie,Simulation",21,9,12
1544510,Simulation,2,2,0
1145660,"Indie,Racing,Simulation",318,241,77
1258070,"Adventure,Indie,RPG",2,2,0
1357400,"Action,Adventure,Indie,RPG",2,2,0
730670,"Casual,Indie",1,1,0
529860,Casual,11,5,6
951920,"Casual,Indie,RPG,Simulation,Strategy,Early Access",1,0,1
1483600,"Action,Free to Play,Indie,RPG",0,0,0
588040,"Adventure,Casual,Indie",215,184,31
1947260,"Action,Adventure,Casual,Indie,Simulation,Strategy",11,11,0
910500,"Action,Indie,Simulation,Sports",2,2,0
552120,"Casual,Indie,Simulation",12,9,3
1424980,"Indie,Strategy",524,482,42
1816270,"Casual,Indie",1,1,0
533580,"Casual,Indie",12,12,0
489260,"Action,Adventure",48,31,17
1809040,"Action,Adventure",2,1,1
347000,"Adventure,Indie",58,39,19
1335830,"Action,Adventure,Indie,Early Access",941,841,100
631120,"Casual,Indie,Utilities",4,4,0
1756920,Casual,0,0,0
304410,"Casual,Indie,Strategy",1906,1859,47
755570,"Action,Adventure,Indie,RPG",41,20,21
936190,RPG,47,46,1
1162330,"Action,Indie,Simulation",0,0,0
470090,"Action,Indie",16,14,2
1522180,"Indie,Simulation",0,0,0
1279480,"Action,Adventure,Casual,Indie",2,2,0
931360,"Casual,Indie",3,3,0
948350,"Casual,Free to Play,Indie,RPG,Strategy,Early Access",1,1,0
1388010,"Casual,Indie",1,1,0
624430,"Action,Adventure,Simulation",14,8,6
1553840,"Adventure,Indie",10,9,1
448060,"Action,Indie",27,10,17
1913730,"Action,Adventure,Free to Play,Massively Multiplayer,RPG,Simulation",0,0,0
350010,"Adventure,Casual",138,64,74
727610,"Sexual Content,Casual,Indie",1,1,0
1703330,"Adventure,Casual,Indie,Massively Multiplayer,RPG,Strategy,Early Access",1,0,1
669050,"Nudity,Indie",128,113,15
1059300,"Action,Casual,Indie,Simulation",2,2,0
814140,"Action,Adventure,Indie,Early Access",4,2,2
459880,"Indie,Simulation,Strategy,Early Access",11,6,5
453340,"Casual,Indie",827,784,43
751480,"Action,Casual",6,4,2
1401520,"Casual,Indie",1,1,0
1315660,"Action,Indie",10,8,2
492500,"Action,Adventure,Indie,RPG",150,114,36
1167590,Casual,0,0,0
1202860,"Animation & Modeling,Design & Illustration,Game Development",4,0,4
1486430,Simulation,0,0,0
1494120,"Indie,Racing,Game Development",0,0,0
1043790,"Adventure,Indie",0,0,0
1786780,"Casual,Indie",4,4,0
1256220,"Action,Casual,Indie",0,0,0
1679320,"Adventure,Casual,Indie",147,141,6
1407300,"Action,Adventure,Indie",2,2,0
1633060,"Action,Adventure,Casual,Indie,Simulation",13,11,2
1757680,"Casual,Indie",20,19,1
891470,"Casual,Indie,Strategy",3,1,2
817660,"Casual,Indie,RPG,Simulation,Strategy",8,6,2
1874780,RPG,0,0,0
1146660,"Simulation,Strategy",0,0,0
528820,"Adventure,Indie,RPG,Strategy",40,22,18
1549780,"Action,Casual,Indie",0,0,0
1455720,"Casual,Indie",1,1,0
691990,"Casual,Indie,Simulation",0,0,0
1597240,Action,3,3,0
1383290,"Adventure,Casual,Indie,Strategy",0,0,0
1126510,"Action,Casual,Indie",0,0,0
1546860,"Action,Adventure,Casual,Simulation",763,728,35
1719230,"Casual,Indie,Racing,Simulation,Early Access",0,0,0
854120,"Adventure,Indie",10,10,0
1373240,"Action,Casual,Indie",2,1,1
1455760,"Action,Adventure,Casual,Indie",16,14,2
50960,Casual,38,30,8
654430,"Action,Adventure,Indie,Strategy",19,17,2
1277840,Action,6,6,0
811900,"Action,Casual,Indie",7,4,3
1429350,"Action,Casual,Simulation",30,29,1
1049510,"Adventure,Indie",6,4,2
1087190,"Casual,Free to Play",0,0,0
1278230,Indie,9,2,7
1516580,"Action,Adventure,Indie",0,0,0
523570,"Casual,Indie,Racing",0,0,0
369530,"Action,Adventure,Indie,RPG,Simulation,Strategy",476,399,77
1895370,Simulation,42,19,23
573670,"Adventure,Casual,Simulation,Strategy",6,6,0
1112200,"Adventure,Indie,Early Access",2,1,1
258910,RPG,150,129,21
1927650,"Action,Casual,Free to Play,Indie",0,0,0
1529810,"Adventure,Casual,Indie",462,407,55
1646000,"Action,Casual,Indie,Strategy",0,0,0
1153250,"Action,Adventure,Indie,RPG",15,3,12
1283440,Early Access,4,3,1
562470,"Adventure,Strategy",33,23,10
924070,"Action,Adventure,Indie,RPG",330,272,58
956280,"Action,Adventure,Casual,Indie",0,0,0
1394800,"Casual,Indie,RPG",214,140,74
1569550,"Action,Adventure",216,195,21
376480,"Adventure,Indie,RPG",10,3,7
485080,"Casual,Indie,Simulation,Strategy",32,24,8
1916850,"Action,Adventure",20,16,4
490490,Action,164,142,22
1173250,"Adventure,Indie",5,5,0
577180,"Indie,RPG,Strategy",0,0,0
1084530,"Action,Indie,Strategy",1,1,0
518650,"Action,Adventure,Indie",21,20,1
1092180,"Adventure,Indie,Early Access",0,0,0
524240,"Action,Indie",4,2,2
645500,"Casual,Indie,Simulation",18,13,5
1019080,"Action,Adventure,Strategy,Early Access",1,0,1
681550,"Action,Adventure,Indie,Simulation,Early Access",12,7,5
1768990,"Action,Adventure,Strategy",0,0,0
10100,Adventure,186,155,31
1012180,"Casual,Indie,RPG,Simulation,Early Access",0,0,0
1361690,"Indie,RPG,Strategy",0,0,0
965400,Utilities,0,0,0
1015520,Strategy,0,0,0
1475420,"Action,Adventure,Indie",8,8,0
1925500,"Free to Play,Indie",0,0,0
1192630,"Action,Adventure,Indie,RPG",0,0,0
1742240,"Indie,RPG",3,3,0
1366940,"Action,Indie",0,0,0
1849310,"Action,Adventure,Indie,RPG",1,0,1
631570,Adventure,674,637,37
1594340,"Action,Adventure",6,4,2
626580,RPG,47,40,7
532030,"Action,Adventure,Casual,Indie,Simulation",65,26,39
1773330,"Action,Casual",3,2,1
1295270,RPG,275,257,18
780840,"Adventure,Indie",17,15,2
678060,"Action,Casual,Indie,Simulation",15,8,7
797520,Accounting,0,0,0
1538850,"Adventure,Indie",72,68,4
412970,"Action,Casual,Indie",7,3,4
999640,"Action,Casual,Indie",29,16,13
530960,"Action,Indie",83,51,32
1958190,"Casual,Indie,Simulation,Strategy,Early Access",0,0,0
1490670,"Action,Indie,RPG",0,0,0
884350,"Action,Free to Play,Indie,RPG,Early Access",0,0,0
569870,"Action,Indie",6,2,4
1348520,"Action,Indie",5,3,2
498570,"Racing,Simulation",95,81,14
689350,"Action,Indie",32,9,23
1149710,"Action,Adventure,Indie,RPG",75,55,20
504430,"Action,Adventure,Indie",18,13,5
274170,"Action,Indie",16418,14986,1432
522040,"Action,Indie,RPG",258,247,11
773010,"Adventure,Indie",5,2,3
1033150,"Action,Casual,Indie,Simulation,Sports,Early Access",0,0,0
1870210,"Adventure,RPG",2,2,0
497480,"Casual,Indie,Sports",1,1,0
1683410,"Casual,Indie",2,1,1
1575590,"Indie,RPG,Early Access",5,5,0
575420,"Casual,Indie",26,24,2
1829490,"Casual,Indie",14,13,1
1230500,"Action,Adventure,Indie,RPG",0,0,0
815320,"Adventure,Simulation",25,17,8
365260,"Casual,Simulation,Strategy",131,117,14
888970,"Action,Casual,Indie,Massively Multiplayer,Racing",7,2,5
1086810,"Casual,Indie",10,10,0
1236960,"Adventure,Casual",7,7,0
1776350,"Action,Adventure",7,5,2
745370,"Adventure,Indie",18,5,13
478000,Education,1,0,1
667010,"Violent,Action,Casual,Indie",15,13,2
587390,"Action,Casual,Indie",2,1,1
926170,Indie,32,23,9
1695680,"Casual,Free to Play,Indie,Early Access",0,0,0
1071190,"Action,Adventure,Indie",12,12,0
746410,"Casual,Indie,Strategy",25,18,7
1721410,"Action,Adventure,Free to Play,Indie",0,0,0
1233530,"Adventure,Indie,RPG",44,30,14
697010,"Action,Indie",16,7,9
795630,"Animation & Modeling,Audio Production,Design & Illustration,Photo Editing,Software Training,Video Production",517,388,129
1891300,"Animation & Modeling,Photo Editing,Video Production",1,1,0
618190,"Action,Indie",3,3,0
812100,"Adventure,Casual",6,5,1
1681810,"Adventure,Indie",0,0,0
649510,"Action,Adventure,Casual,Indie",5,2,3
1128900,"Casual,Indie",47,33,14
1593750,"Free to Play,Indie,Strategy",0,0,0
1335880,"Casual,Indie",3,3,0
1161650,Simulation,39,36,3
326230,"Indie,RPG,Simulation,Strategy",15,5,10
987900,"Adventure,Casual,Free to Play,Indie,Strategy",0,0,0
1963630,"Adventure,Casual,Strategy",2,0,2
1467620,Indie,6,4,2
342610,Indie,263,255,8
931590,"Action,Indie,RPG",0,0,0
696630,"Action,Adventure,Casual,Indie,RPG,Simulation,Early Access",2,2,0
341800,Indie,5950,5868,82
1454800,"Casual,Indie",0,0,0
606920,"Casual,Indie,Audio Production",83,81,2
1075790,"Action,Adventure,Indie",5,1,4
970190,"Action,Adventure,Indie,Early Access",33,20,13
799590,"Action,Indie",4,4,0
393860,"Casual,Indie,Sports",11,6,5
513690,"Indie,Racing",57,32,25
1790640,"Action,Casual,Indie",2,2,0
1566700,"Action,Casual",8,1,7
486630,"Action,Adventure,Indie",5,4,1
63610,"Adventure,Casual",728,635,93
1021200,Casual,0,0,0
1779070,"Action,Casual,Indie,Early Access",5,5,0
346080,"Casual,Indie,Strategy",20,7,13
1341100,"Action,Adventure,Casual,Indie,Simulation",5,5,0
517550,"Adventure,Casual,Indie,Simulation,Strategy",0,0,0
1200600,"Casual,Indie,Strategy",1,1,0
526890,"Casual,Indie,Strategy",10,9,1
1848310,Indie,9,7,2
1928430,"Casual,Free to Play,Indie,Simulation",0,0,0
1591310,"Indie,Racing",5,4,1
1926780,"Adventure,Casual,Indie,Strategy",0,0,0
1250790,"Casual,Free to Play,Indie,Simulation,Strategy",0,0,0
900790,"Casual,Indie,Simulation,Strategy",24,22,2
975980,Casual,0,0,0
923400,"Adventure,Indie,RPG",0,0,0
820760,"RPG,Strategy",6,4,2
1209060,"Action,Adventure,Indie,RPG",6,2,4
339830,"Action,Adventure,Indie",56,32,24
1106060,"Action,Indie,Strategy",25,18,7
340290,"Action,Indie",24,16,8
1325400,"Audio Production,Video Production",52,36,16
973000,"Action,Adventure,Indie",46,27,19
1505670,"Casual,Early Access",0,0,0
661330,"Casual,Indie",2,2,0
1126320,Indie,4801,4683,118
1127980,Racing,839,694,145
1253760,"Action,Indie,RPG,Strategy,Early Access",1,1,0
1855220,"Adventure,Indie",6,5,1
1264410,"Action,Indie",2,2,0
1059190,"Action,Casual,Indie,Simulation,Early Access",10,2,8
4290,Racing,1,1,0
1341640,"Indie,Racing,Sports",6,6,0
1265200,"Action,Indie",6,4,2
211580,"Action,Adventure,Indie,RPG",208,104,104
324270,"Adventure,Indie",4,1,3
716400,"Gore,Action",10,6,4
681800,"Action,Casual,Indie",1,1,0
1736260,Casual,2,2,0
923710,"Indie,Simulation,Strategy,Early Access",40,30,10
1944520,RPG,2,0,2
1702740,"Adventure,Casual,Indie",6,1,5
380700,"Action,Adventure,Casual,Indie",9,5,4
943710,"Action,Adventure,Indie,RPG",0,0,0
1784600,"Action,Adventure,Indie,RPG",11,10,1
1279310,"Action,Casual,Strategy",4,4,0
751980,"Casual,Indie",4,3,1
2024840,"Casual,Strategy",4,4,0
1317950,"Free to Play,Indie,RPG",7,7,0
1445440,"Adventure,RPG,Simulation,Strategy",57,45,12
703700,"Adventure,Indie,Simulation",60,46,14
1660750,"Casual,Indie,RPG,Simulation",11,11,0
374280,"Action,Free to Play,Massively Multiplayer",455,262,193
793600,"Action,Indie",16,14,2
1716790,Indie,1,1,0
595520,RPG,3088,2782,306
1164860,"Action,Indie",0,0,0
1841040,Casual,2,0,2
576940,"Action,Free to Play,Strategy,Early Access",0,0,0
1555710,"Action,Free to Play",0,0,0
736250,"Violent,Action,Indie",39,33,6
845690,"Indie,Strategy",49,46,3
1409000,"Action,Adventure,Indie,Simulation",17,11,6
393530,"Adventure,Casual,Free to Play,Indie,RPG,Simulation,Strategy",19,13,6
1188060,"Action,Adventure,Casual,Indie,RPG,Simulation,Sports,Strategy",3,1,2
688050,"Indie,Simulation",1,1,0
1103880,"Action,Casual,Indie,Massively Multiplayer",279,236,43
434730,"Action,Adventure",1096,839,257
1083240,"Adventure,Casual,Simulation",9,9,0
1105450,"Animation & Modeling,Design & Illustration",6,5,1
1574240,"Action,Adventure,Indie,RPG,Early Access",284,271,13
1888490,"Adventure,Casual,Indie,RPG",0,0,0
1033080,"Adventure,Indie",56,51,5
1803700,"Action,Adventure,Casual,RPG",0,0,0
356420,"Indie,Strategy",116,100,16
417350,"Action,Adventure,Indie,RPG,Strategy",3,0,3
443360,Adventure,20,11,9
937770,"Indie,Early Access",14,12,2
1443250,Action,0,0,0
336010,"Racing,Simulation,Sports",48,35,13
1673780,Free to Play,0,0,0
1377380,"Action,Adventure,Indie,Simulation,Early Access",2088,1722,366
789770,"Action,Indie",4,3,1
1268150,"Action,Adventure,Casual,Indie,Massively Multiplayer,Simulation,Strategy",5,3,2
619880,"Action,Indie",391,300,91
1143170,Simulation,4,4,0
1131680,"Action,Casual,Indie",4,3,1
672250,"Action,Adventure,Indie,RPG",10,5,5
1733310,"Action,Adventure,Indie",3,2,1
1225570,"Action,Adventure",962,787,175
1529570,Audio Production,27,13,14
1139480,"Action,Indie",16,9,7
459820,"Casual,Free to Play,Indie",347,306,41
602090,"Indie,Simulation,Web Publishing",0,0,0
351710,"RPG,Strategy",1375,1256,119
663110,"Action,Adventure,Indie,Massively Multiplayer,RPG",36,15,21
1587680,"Action,Indie",0,0,0
2011030,"Action,Adventure,Early Access",2,0,2
993740,"Casual,Indie,RPG,Simulation",162,148,14
1098190,Simulation,0,0,0
1423780,"Adventure,Indie,Simulation",30,23,7
13540,Action,509,395,114
839670,"Adventure,Casual,Indie",19,16,3
943590,"Action,Indie,RPG,Early Access",5,4,1
599600,Simulation,18,14,4
600310,"Action,Indie",5,5,0
1470650,"Action,Indie",2,2,0
1742800,"Action,Adventure,Indie",0,0,0
1534300,"Action,Adventure",0,0,0
1845610,"Casual,Indie",10,10,0
308520,"Indie,Massively Multiplayer,RPG,Early Access",28,11,17
1694600,Action,428,335,93
1528880,"Action,Adventure,Casual,Indie",3,3,0
346510,"Action,Casual,Indie",20,18,2
713060,"Adventure,Casual,Free to Play",0,0,0
860070,"Violent,Gore,Action,Casual,Indie",9,6,3
444160,"Casual,Indie,Simulation",44,20,24
1941000,"Casual,Free to Play,Simulation",0,0,0
901020,"Adventure,Indie,RPG,Early Access",2,2,0
542690,Casual,2,2,0
1444420,"Action,Adventure,Free to Play,Indie",0,0,0
935980,"Action,Adventure,Casual,Indie,RPG,Simulation,Strategy",26,12,14
1557400,Indie,0,0,0
349300,"Casual,Simulation,Strategy",57,41,16
213650,"Casual,Free to Play,Indie,Strategy",6,4,2
852760,"Action,Adventure,Indie",1,1,0
625340,"Action,Adventure,Free to Play,Indie,Massively Multiplayer,Simulation,Strategy",734,476,258
1599520,"Adventure,Casual,Indie",7,7,0
691690,"Adventure,Indie,RPG,Strategy",990,681,309
1081160,Indie,0,0,0
719350,"Action,Adventure,Indie",1,1,0
1248650,"Free to Play,Massively Multiplayer,Simulation,Strategy,Early Access",0,0,0
1036580,"Casual,Indie",111,101,10
1913810,"Indie,Simulation",0,0,0
990720,Indie,0,0,0
375230,"Action,Adventure,Free to Play,Massively Multiplayer",2503,1255,1248
1104330,"Indie,Simulation,Strategy",610,490,120
656140,"Action,Adventure,Indie",27,20,7
1481070,"Action,Indie",2,2,0
1223380,"Adventure,Indie,Early Access",2,1,1
1121570,"Action,Indie,Early Access",0,0,0
209360,"Action,Indie",24,19,5
817460,"Action,RPG",23,14,9
1134570,"Racing,Simulation,Sports",11736,10205,1531
851640,"Indie,Racing,Early Access",49,44,5
553640,"Action,Adventure,RPG",2474,2004,470
1151310,"Action,Adventure,Casual,Indie,Strategy",1,0,1
879260,"Adventure,Indie,RPG",3,3,0
730580,"Action,Racing",9,6,3
1019740,"Action,Early Access",0,0,0
1653170,"Adventure,Casual,Indie",2,2,0
958050,"Action,Indie",23,19,4
1353730,"Casual,Indie,Simulation,Strategy",0,0,0
1722770,"Casual,Indie",19,13,6
2003030,Indie,3,3,0
208630,"Adventure,Casual",26,24,2
1050560,"Casual,Indie",1,1,0
225280,"Action,Indie,RPG",265,226,39
773790,"Indie,Simulation,Strategy,Early Access",1490,1354,136
503940,"Simulation,Strategy",3208,2579,629
982980,"Action,Indie",0,0,0
1378020,"Adventure,Casual,Indie",76,66,10
868410,Strategy,38,15,23
1084630,"Action,Adventure,Casual,Free to Play,RPG",0,0,0
453780,"Casual,Indie",16,16,0
992960,"Casual,Indie",6,4,2
644330,"Action,Adventure,Indie",0,0,0
871860,"Action,Adventure,Simulation,Early Access",1,0,1
1067780,"Adventure,Indie",0,0,0
1196750,"Action,Casual,Indie,RPG",8,4,4
965490,Indie,11,11,0
427910,"Adventure,Casual,Indie,RPG,Strategy",138,89,49
29900,Action,199,165,34
513780,"Casual,Indie",196,163,33
1316050,"Indie,Simulation",21,17,4
1311330,"Simulation,Sports,Strategy",22,8,14
750780,Casual,3,3,0
455770,"Action,Casual,Indie,Sports",8,6,2
307760,"Simulation,Strategy",92,55,37
720310,"Gore,Action",2,0,2
1863570,"Action,Adventure,Indie",5,5,0
703500,"Action,Casual,Indie,Strategy",45,41,4
1310770,"Adventure,Indie,RPG",0,0,0
545430,"Sexual Content,Violent,Action,Casual,Indie",49,46,3
630830,"Adventure,Casual",37,34,3
40990,"Action,Adventure",1569,1344,225
1431690,"Adventure,Casual,Indie",2,2,0
250720,"Action,Indie,Simulation",38,8,30
1263990,"Adventure,Indie",14,4,10
1103080,Casual,0,0,0
1612030,"Action,Casual,Indie,Sports",12,12,0
590670,Strategy,0,0,0
855850,"Action,Casual,Indie",69,59,10
340210,"Indie,Strategy",43,23,20
1448450,Action,0,0,0
368830,"Action,Adventure,Indie",29,27,2
301730,Casual,29,12,17
864880,"Violent,Gore,Action,Adventure",5,3,2
1662790,"Action,Indie",6,6,0
1258840,"Action,Casual,Indie",4,4,0
1575540,"Adventure,Indie,RPG",9,5,4
1626560,"Casual,Indie",2,2,0
205910,Indie,1560,1435,125
1361180,"RPG,Strategy",7,5,2
1218810,"Indie,Strategy",5,4,1
1418830,Indie,3,3,0
1034750,"Adventure,Indie",75,56,19
337270,"Adventure,Casual,Indie,RPG",122,102,20
600420,Simulation,40,32,8
241660,"Audio Production,Software Training",11,9,2
1157130,Utilities,0,0,0
848530,"Adventure,Casual,Indie",15,13,2
8600,Racing,456,412,44
344890,"Action,Adventure,Indie,RPG,Simulation,Strategy,Early Access",41,10,31
1463470,"Adventure,Free to Play,Indie",0,0,0
645440,"Adventure,Casual,Indie",7,2,5
1989090,"Casual,Indie",2,2,0
1354370,"Action,Adventure,Free to Play,Indie,RPG",0,0,0
1505500,"Action,Indie,RPG",1,1,0
667410,"Violent,Gore,Adventure,Indie",1,0,1
779580,"Action,Casual,Indie,Early Access",4,4,0
441440,"Indie,RPG",96,69,27
268770,"Adventure,Indie",133,105,28
1869630,"Casual,Indie,Strategy",0,0,0
1672490,"Action,Free to Play,Indie",0,0,0
718560,Strategy,1715,1564,151
966530,"Action,Adventure,Casual,Indie,Simulation",33,18,15
564340,Casual,2,0,2
882140,"Adventure,Indie,Simulation,Strategy,Early Access",339,326,13
1981540,Action,0,0,0
1131160,"Casual,Massively Multiplayer,RPG,Simulation,Early Access",1,0,1
1072180,"Adventure,Casual",5,5,0
774351,"Casual,Indie,Simulation,Strategy",620,463,157
1612200,"Casual,Indie,Strategy",11,11,0
325870,"Action,Indie",10,8,2
782450,"Action,Adventure,Casual,Indie",1,0,1
1083760,"Indie,RPG",61,55,6
1544970,"Casual,Indie,Early Access",0,0,0
411620,"Action,Casual,Simulation",26,16,10
851950,"Action,Indie",39,35,4
2014750,Action,0,0,0
1329830,"Adventure,Casual",6,5,1
1038280,"Adventure,Casual,Indie",94,87,7
619470,"Action,Indie",8,4,4
1453200,"Action,Adventure,Indie,RPG",2,1,1
1608210,"Action,Adventure,Indie",2,1,1
393550,"Adventure,Casual,Indie",23,15,8
1674880,"Action,Adventure,Casual,Indie",8,7,1
270850,Simulation,1539,1218,321
1470860,"Action,Adventure,Indie",0,0,0
499660,"Action,Indie,Simulation,Strategy",1160,909,251
476670,"Action,Casual,Indie,RPG,Strategy",3,2,1
857510,"Casual,Indie",4,2,2
1793000,"Adventure,Indie",0,0,0
1697040,"Indie,Strategy,Early Access",0,0,0
1562340,"Action,Adventure,Indie,Simulation,Early Access",3,1,2
779380,"Indie,Simulation,Strategy,Early Access",12,8,4
511460,"Action,Indie",8,4,4
263640,"Action,Adventure,Indie",63,29,34
1699280,"Action,Indie,RPG,Strategy,Early Access",26,25,1
1407200,"Action,Free to Play,Massively Multiplayer,Simulation",33,24,9
1425170,Racing,1,1,0
540230,Strategy,13,9,4
1066040,"Casual,Indie",14,14,0
1504740,"Indie,Simulation",297,266,31
691430,"Casual,Indie",21,21,0
1037600,"Action,Adventure,RPG,Sports",0,0,0
1749980,"Action,Indie,Simulation,Early Access",32,20,12
374630,"Action,Indie",4,4,0
1179880,"Action,Indie",2,1,1
1027280,Utilities,0,0,0
1335340,"Adventure,Casual,Indie",0,0,0
292630,"Adventure,Casual,Indie",160,69,91
1387250,"Action,Adventure",5,1,4
1370170,"Casual,Indie,Simulation,Early Access",122,115,7
1494960,"Free to Play,Indie,Strategy",0,0,0
1360980,"Adventure,Casual,Indie",604,501,103
465450,"Action,Adventure,Indie,Simulation,Early Access",22,16,6
348160,"Action,Casual,Indie,Racing",5,5,0
301930,"Adventure,Indie,Strategy",12,10,2
953560,"Action,Adventure",0,0,0
2063290,"Action,Adventure,Casual,Indie,RPG",2,2,0
8930,Strategy,69182,66462,2720
1200150,"Action,Racing",8,8,0
1492130,Casual,2,1,1
2057000,"Casual,Indie,Simulation,Early Access",0,0,0
1109400,"Adventure,Free to Play,RPG",0,0,0
1327440,"Action,Adventure,Indie,RPG",14,14,0
1030490,"Adventure,Casual,Indie,RPG,Simulation",6,6,0
285110,"Indie,Simulation,Strategy",740,651,89
1717170,"Casual,Free to Play,Simulation",0,0,0
377290,"Action,Indie",52,20,32
970260,"Action,Adventure,Indie,RPG,Early Access",2,1,1
715290,"Action,Adventure,Indie",1,0,1
1676420,Action,3,2,1
350200,Adventure,52,14,38
701280,"Casual,Early Access",7,4,3
749150,"Action,Adventure,Indie",1,0,1
1397940,"Action,Adventure,Indie",0,0,0
751400,"Action,Casual",3,3,0
1230410,"Action,Casual,Free to Play,Indie",0,0,0
664780,"Adventure,Casual,Indie,RPG,Simulation",38,24,14
1846990,"Action,Adventure,Free to Play,Indie,RPG",0,0,0
790750,"Action,Indie",10,8,2
603330,"Action,Indie,RPG,Strategy",44,39,5
1481710,"Adventure,Indie",2,1,1
658880,"Casual,Indie,Sports",0,0,0
978650,"Action,Adventure,Indie,Sports",1,0,1
494450,Adventure,58,28,30
1974510,"Casual,Indie",1,0,1
588200,"Action,Indie,Early Access",6,6,0
1874170,"Action,Simulation,Sports",735,714,21
245490,Racing,1187,789,398
761220,Indie,4,2,2
1278480,Utilities,8,4,4
1077760,"Adventure,Indie,Strategy",2,1,1
1398590,Casual,2,2,0
1560890,"Adventure,Indie",0,0,0
690130,"Action,Casual,Indie",3,3,0
806770,"Action,Casual,Indie",45,33,12
27200,Sports,11,9,2
1967760,"Casual,Strategy",0,0,0
1291370,"Action,Casual,Indie,Racing",4,4,0
351170,"Action,Indie,Strategy,Early Access",6,5,1
1087600,"Action,Casual,Indie",13,8,5
1025240,"Action,Casual,Indie,Strategy",3,2,1
1013700,"Indie,Simulation,Sports",13,8,5
495420,"Action,RPG,Simulation",11040,9635,1405
754120,"Casual,Indie,Strategy",70,52,18
958990,"Casual,Indie",1,0,1
1460040,"Adventure,Casual,Indie,RPG,Simulation",62,50,12
914290,"Action,Adventure,Casual",136,108,28
32440,Adventure,11323,10950,373
1912870,"Adventure,Casual,Indie,RPG",0,0,0
1987160,"Adventure,Indie,RPG",8,6,2
1345380,"Action,Casual,Indie,Strategy",28,17,11
1590920,"Indie,Strategy",2,1,1
748990,"Action,Indie",0,0,0
860330,"Action,Casual,Free to Play,Indie",0,0,0
1516750,"Simulation,Strategy,Early Access",116,85,31
600750,"Adventure,Free to Play,RPG,Strategy",3,2,1
340800,Indie,94,87,7
456130,"Action,Indie",5,4,1
674400,"Action,Casual,Free to Play,Indie,Strategy",0,0,0
380020,"Action,Adventure,Indie",140,62,78
34640,Strategy,22,20,2
1543360,"Adventure,Indie",1,1,0
1338570,"Indie,Early Access",4,4,0
411300,"Action,Adventure,RPG",4589,3114,1475
614260,"Violent,Gore,Action,Adventure",37,23,14
1501000,"Action,Adventure,Indie",0,0,0
1231710,"Simulation,Sports",0,0,0
1459720,"Casual,Indie",3,2,1
1086240,Animation & Modeling,0,0,0
1831010,"Action,Indie",1,1,0
1576150,"Action,Adventure,Indie",2,1,1
1617190,"Indie,RPG,Simulation,Strategy",0,0,0
447980,"Action,Casual,Indie",15,15,0
772600,Action,4,1,3
339610,"Action,Casual,Free to Play,Massively Multiplayer,Sports",82,53,29
1041920,"Casual,Indie",546,519,27
391290,"Action,Indie,Racing,Early Access",2,2,0
980090,"Casual,Indie",1,1,0
857710,"Action,Indie",1,1,0
671480,"Adventure,Casual,Indie",2,2,0
209230,"Adventure,Casual",176,153,23
896380,"Adventure,Indie,Simulation",8,5,3
833650,"Casual,Indie,Racing,Sports",1,0,1
821720,"Adventure,Casual",10,8,2
544590,"Violent,Action",2,1,1
924460,"Adventure,Casual,Indie,Simulation,Early Access",2,1,1
858360,"Action,Adventure,Indie",61,56,5
1901510,"Casual,Indie",3,2,1
1151860,"Action,Casual,Free to Play,Indie",0,0,0
1725480,Indie,4,3,1
527470,"Action,Indie",52,39,13
555970,"Adventure,Casual,Indie,Early Access",18,17,1
472060,"Free to Play,Indie,Strategy",3,3,0
343990,"Casual,Strategy",14,6,8
1412900,"Action,Simulation",17,7,10
1551360,"Action,Adventure,Racing,Simulation,Sports",36084,32256,3828
1687020,"Action,Adventure,Indie,Early Access",6,4,2
1611880,"Action,RPG",0,0,0
1913330,"Indie,Simulation",9,8,1
715350,"Action,Adventure,Casual,Indie,Simulation,Strategy",0,0,0
1535900,"Action,Indie",0,0,0
1200160,"Casual,Indie",1,1,0
331790,"Adventure,Indie,RPG",38,23,15
1171370,"Adventure,Casual,Free to Play,Indie",11,11,0
803850,"Action,Indie",28,20,8
639560,Indie,49,40,9
236790,"Casual,Simulation",201,39,162
1922100,"Action,Massively Multiplayer,Racing,Sports",3,2,1
1541890,"Action,Indie",0,0,0
502470,"Casual,Simulation,Strategy",15,3,12
1048920,"Adventure,Casual,Indie",3,2,1
1648580,"Indie,Sports",3,0,3
331760,"Adventure,Indie",17,12,5
1882280,RPG,70,64,6
692920,"Casual,Free to Play,Indie,RPG",0,0,0
774211,"Action,Indie,Racing,Strategy",5,4,1
431850,"Adventure,Casual,Indie",33,26,7
1515830,"Adventure,Casual,Indie,RPG",1,0,1
576230,"Casual,Indie,Simulation,Strategy,Early Access",0,0,0
539330,"Action,Adventure,Indie,RPG,Simulation,Strategy",121,101,20
375130,"Indie,RPG",250,240,10
1049730,"Adventure,Indie",2,1,1
576740,"Action,Indie,Sports",7,7,0
1342180,"Indie,RPG",0,0,0
1626570,"Action,Casual,Indie,Strategy",0,0,0
495110,"Adventure,Casual",242,223,19
855620,"Action,Casual,Indie",1,1,0
273600,Action,141,109,32
905180,"Action,Adventure,Free to Play,Simulation",0,0,0
1131190,"Action,Casual,Free to Play,Indie",0,0,0
1570860,"Adventure,Casual,Indie,Strategy",3,1,2
1902900,Strategy,3,1,2
262870,Simulation,11,1,10
2008330,"Action,Adventure",11,3,8
455310,"Action,Adventure,Indie,Simulation",23,15,8
812560,"Adventure,Casual,Simulation",37,21,16
908350,"Sexual Content,Casual",2,2,0
869170,"Action,Adventure,Casual,Indie",78,62,16
97000,"Action,Adventure,Casual,Indie,Simulation",1019,923,96
1014600,Adventure,0,0,0
1389630,"Action,Adventure,Free to Play,Indie",0,0,0
758170,"Action,Adventure,Indie",5,4,1
687720,"Adventure,Indie",6,4,2
1410360,RPG,16,13,3
514530,"Casual,Indie,Racing,Strategy",2,2,0
1274340,"Action,Indie",1,1,0
1297390,"Action,Adventure,Indie,RPG",16,11,5
1820710,"Indie,Simulation,Sports",1,1,0
1092210,"Action,Casual,Indie,Simulation",26,16,10
1672920,"Casual,Free to Play,Indie,Strategy",0,0,0
343280,"Action,Indie,RPG,Simulation,Strategy",51,18,33
1659610,"Action,Adventure,RPG,Early Access",0,0,0
231160,"Action,Adventure,Indie",3060,2887,173
327400,"Adventure,Simulation",425,405,20
297350,"Adventure,Indie",377,267,110
239140,"Action,RPG",65260,61433,3827
1936480,"Adventure,Indie,RPG,Simulation",1,1,0
1973600,"Adventure,Simulation",3,1,2
1700140,"Adventure,Casual,Indie,Strategy",4,4,0
2400,"Action,Indie,RPG",1812,1543,269
1690240,Casual,1,0,1
744660,"Adventure,Casual,Free to Play",0,0,0
743000,"Indie,RPG,Simulation",0,0,0
1419100,"Adventure,Free to Play,Indie,Simulation,Strategy",0,0,0
1865100,"Casual,Indie",10,10,0
1449230,"Adventure,Casual,Indie",42,35,7
1061390,"Casual,Indie",0,0,0
488070,"Action,Indie",7,3,4
621000,"Indie,Strategy",25,18,7
1815000,"Adventure,Casual,Indie",0,0,0
569420,"Action,Casual,Indie,Sports",6,6,0
1924020,"Indie,Strategy,Early Access",2,2,0
1336070,"Action,Adventure,Casual,Indie",0,0,0
314360,"Adventure,Indie",2,2,0
1612150,"Action,Adventure,Indie",1,0,1
1293650,"Casual,Free to Play,Indie,Early Access",0,0,0
884960,Strategy,23,21,2
776510,"Casual,Massively Multiplayer,Simulation,Strategy",0,0,0
1090910,"Indie,RPG,Strategy",2,1,1
1250610,"Action,Free to Play,Indie,Sports",0,0,0
274270,"Action,Adventure,Indie",964,826,138
376130,"Action,Indie",38,21,17
1063110,"Adventure,Casual,Indie,RPG,Simulation,Strategy",5,5,0
1848720,"Action,Adventure,Casual,Indie",0,0,0
705670,"Action,Casual,Indie",18,15,3
936940,"Casual,Indie,Strategy",0,0,0
1633390,"Casual,Indie",2,2,0
1055090,"Indie,Simulation,Strategy,Early Access",245,156,89
1338880,"Casual,Indie,Simulation,Strategy",1,1,0
1357430,"Action,Casual,Indie,Racing,Sports,Early Access",12,12,0
596400,"Adventure,Casual",4,4,0
562480,"Adventure,Casual",28,26,2
1517190,"Action,Adventure,Indie,Strategy",4,2,2
683260,"Adventure,Indie",0,0,0
402150,Casual,24,15,9
1008950,"Action,Indie,RPG,Simulation,Strategy,Early Access",28,21,7
2074580,Adventure,3,1,2
705020,"Indie,Sports,Strategy",32,24,8
208580,RPG,14016,13142,874
1257860,"Action,Adventure,Indie",17,17,0
912900,"Strategy,Early Access",15,14,1
783940,"Adventure,Indie",49,45,4
1094170,Adventure,2,2,0
1094050,"Action,RPG",22,17,5
1515040,"Casual,Indie,Simulation",6,5,1
1492140,"Action,Casual,Indie,Early Access",17,14,3
675620,"Adventure,Casual,Indie",6,4,2
1084350,"Action,Adventure,Indie,Massively Multiplayer",20,14,6
1233540,Casual,67,61,6
1021800,"Adventure,Casual,Indie,RPG,Strategy",2,1,1
1809480,"Action,Adventure,Casual,Simulation,Strategy,Early Access",3,2,1
946090,Casual,258,192,66
792660,"Simulation,Strategy",80,62,18
1701820,"Action,Indie",0,0,0
1788980,Casual,1,0,1
1329110,"Casual,Free to Play,Indie",1,1,0
218760,"Audio Production,Utilities,Video Production",214,191,23
1789380,"Action,Casual,Indie,Racing",0,0,0
1029900,"Casual,Indie,Massively Multiplayer,Simulation,Strategy",23,18,5
749980,"Adventure,Indie",10,6,4
1807240,"Action,Casual,Free to Play,Indie",0,0,0
1504020,"Casual,RPG",988,946,42
1249080,"Casual,Indie,Strategy",9,8,1
664720,"Action,Adventure,Casual,Indie,RPG,Simulation",4,0,4
1755550,Casual,2,1,1
1230800,Racing,148,135,13
1210770,"Massively Multiplayer,Early Access",9,6,3
500170,"Casual,Simulation",23,8,15
854540,"Adventure,Indie",0,0,0
521230,"Violent,Action,Indie,Strategy",8,8,0
1220520,"Action,Indie",3,3,0
666620,"Violent,Action,Adventure,Indie,RPG",13,2,11
802530,"Adventure,Indie,RPG,Strategy",3,1,2
1410870,"Adventure,Casual,Free to Play,Indie",0,0,0
1037420,"Casual,Indie",5,4,1
1406090,"Adventure,Casual,Indie",8,7,1
1127130,"Casual,Indie",5,5,0
396870,"Action,Adventure,Indie",14,8,6
674370,"Indie,Simulation,Strategy,Early Access",32,15,17
1493880,"Action,Adventure,Indie",5,3,2
1286950,"Adventure,Casual,Indie",4,3,1
1590110,"Free to Play,Utilities",0,0,0
1536070,RPG,20,13,7
1703030,RPG,2,1,1
690830,"Indie,Simulation,Strategy,Early Access",5334,4689,645
1190310,"Casual,Indie,Early Access",2,2,0
881420,"RPG,Simulation,Strategy",311,249,62
1179540,"Action,Adventure,Casual",4,4,0
333580,"Action,Casual,Indie",6,5,1
755830,"Action,Casual,Indie,Simulation",7,7,0
1144860,"Action,Casual,Indie,Racing,Simulation,Sports",17,16,1
1713100,"Casual,Indie,RPG",1,0,1
1299720,Adventure,1,1,0
1625830,"Adventure,Casual,Indie,RPG,Sports",21,21,0
817160,"Action,Casual,Indie,Strategy",10,8,2
781440,"Action,Adventure,Free to Play,Indie",0,0,0
1058490,"Simulation,Early Access",7,1,6
239030,"Adventure,Indie",27808,26989,819
823180,"Casual,Indie",2,1,1
507440,"Adventure,Simulation,Early Access",5,1,4
1708390,"Casual,Indie",1,0,1
1802120,"Action,Indie,Simulation,Strategy",0,0,0
848930,Indie,26,24,2
1889710,Free to Play,0,0,0
267610,Simulation,161,36,125
1186350,"Action,Casual,Indie,Early Access",1,1,0
811880,"Simulation,Strategy",224,115,109
948270,"Action,Adventure,Casual,Indie,Early Access",0,0,0
1547090,"Action,Indie,Strategy,Early Access",7,3,4
1788720,"Casual,Early Access",0,0,0
865200,"Casual,Massively Multiplayer,Early Access",0,0,0
1289900,Indie,1,0,1
703490,"Indie,Simulation,Strategy,Early Access",5,4,1
1592560,"Utilities,Video Production",0,0,0
1862630,Casual,3,2,1
841950,"Action,Indie",9,6,3
377840,RPG,4298,4029,269
1554380,"Action,Adventure,Casual,Indie,Simulation",12,10,2
2700,"Simulation,Strategy",2944,2667,277
992260,"Action,Adventure,Indie,RPG,Early Access",1,1,0
1644390,"Action,Indie",2,1,1
547980,"Indie,RPG,Strategy",44,42,2
1002430,"Action,Indie,Simulation,Sports,Strategy,Early Access",133,122,11
363960,"RPG,Strategy",15,6,9
1560480,"Action,Adventure,Indie,Early Access",0,0,0
1276390,"Action,Casual,Free to Play,Indie,Strategy",0,0,0
315660,Simulation,1399,1078,321
722600,"Adventure,Indie,RPG",6,5,1
436320,"Action,Indie,Strategy",1644,1347,297
1765180,"Adventure,Casual,Indie,Simulation,Strategy",7,5,2
824280,"Casual,Racing,Sports",193,127,66
1246930,"Casual,Strategy",25,22,3
1395280,"Casual,Indie,Simulation",9,3,6
1407850,"Adventure,Indie,RPG",0,0,0
1698340,Video Production,20,14,6
422020,"Action,Indie",26,18,8
1543380,"Simulation,Early Access",36,35,1
683690,"Indie,Simulation,Strategy,Early Access",22,11,11
1992420,"Action,Indie",0,0,0
1348180,RPG,0,0,0
1547920,Software Training,1,0,1
1678600,"Adventure,Casual,Indie",0,0,0
445130,"Casual,Free to Play,Indie",12,8,4
1561100,"Action,Adventure,Casual,Indie",3,2,1
1398270,"Adventure,Indie",5,5,0
375550,"Action,Casual,Indie,RPG,Early Access",4,4,0
454080,"Casual,Indie",9,4,5
516460,"Indie,Simulation,Early Access",1,0,1
546650,Indie,18,12,6
749550,"Casual,Indie,Racing",17,13,4
993270,Animation & Modeling,18,16,2
769060,"Indie,Simulation",7,5,2
1339260,"Action,Adventure,Indie,RPG",2,1,1
225000,"Action,Adventure",242,171,71
1945970,"Action,Indie",3,3,0
791790,"Action,Adventure,Indie",1,0,1
1156780,"Adventure,Indie,RPG",3,3,0
515890,Indie,0,0,0
2057420,"Adventure,Free to Play,Indie,RPG",0,0,0
1453670,"Adventure,Indie,RPG,Early Access",1,1,0
647050,"Action,Adventure,Casual,Indie,Strategy",4,1,3
1166200,"Audio Production,Software Training,Utilities,Video Production",0,0,0
1371780,"Action,Adventure,Casual,Indie,RPG",3,3,0
1458880,"Casual,Indie,Strategy",1,1,0
40700,"Adventure,Indie",2971,2811,160
32400,Action,1493,1329,164
587970,"Action,Casual,Indie,Strategy",16,10,6
361300,"Action,Indie",1324,1118,206
1481940,"Casual,Indie,Strategy",1,0,1
865410,"Casual,Indie,Strategy",0,0,0
1604420,"Action,Adventure,Indie",0,0,0
1701470,RPG,1,1,0
1789180,"Casual,Indie",2,2,0
716370,Indie,0,0,0
1305610,"Action,Casual,Free to Play",0,0,0
269150,"Action,Casual,Indie,Simulation",46,41,5
1686890,"Action,Adventure,RPG,Early Access",3,2,1
1794370,"Action,Adventure,RPG",0,0,0
1394680,Indie,4,3,1
297750,"Simulation,Strategy",253,161,92
921900,"Casual,Indie",70,60,10
1617510,"Indie,Strategy,Early Access",0,0,0
1455630,"Casual,Simulation,Strategy",1021,782,239
1480120,"Adventure,Casual,Indie",125,118,7
992200,"Action,Adventure,Indie",14,12,2
1859060,Casual,1,1,0
1552090,"Casual,Indie",4,3,1
961420,"Action,Indie",21,16,5
681750,"Action,Adventure,Simulation",9,1,8
1383010,"Casual,Simulation",1,1,0
889220,"Casual,Free to Play,Indie",0,0,0
1448750,"Adventure,Casual,Indie,RPG,Simulation",141,128,13
764300,"Action,Adventure,Indie",251,233,18
1766790,"Adventure,Casual,Indie",73,73,0
745340,"Action,Adventure,Indie",19,7,12
1020830,"Casual,Indie,RPG,Simulation,Strategy,Early Access",0,0,0
371700,"Action,Casual,Indie,Racing",1,1,0
918170,"Casual,Free to Play,Indie",0,0,0
1906250,"Casual,Indie,Simulation",14,13,1
816000,Casual,0,0,0
259530,"Action,Indie",1400,1317,83
253390,"Action,Adventure,Indie,RPG",63,46,17
374420,"Action,Adventure,Indie",1,1,0
897550,"Casual,Indie,Simulation,Strategy",7,1,6
1378820,"Casual,Indie,RPG",1,1,0
502920,"Action,Indie,Early Access",6,6,0
1048690,"Simulation,Strategy",1,1,0
294730,"Casual,Simulation,Strategy",48,37,11
1461240,"Indie,Simulation",0,0,0
549100,"Action,Casual,Indie",93,71,22
1643820,"Casual,Indie,Strategy,Early Access",6,6,0
1864630,"Action,Adventure,Indie",14,9,5
1839960,"Adventure,Casual",0,0,0
576020,"Violent,Adventure,Casual",6,1,5
1788840,"Casual,Indie",2,2,0
1841350,Casual,1,1,0
1066940,"Action,Casual,Indie",19,18,1
105000,"Adventure,Indie",506,326,180
1468040,"Adventure,Indie,RPG,Simulation",43,33,10
361550,"Adventure,Indie",837,522,315
1792520,"Casual,Indie,Simulation,Strategy",5,2,3
1250210,"Action,Indie,Early Access",1,0,1
547740,"Action,Indie",6,3,3
438560,"Adventure,Casual",39,23,16
452710,"Adventure,Free to Play,Simulation",1,1,0
1216980,RPG,1,1,0
1764910,Action,1,1,0
714360,"Adventure,Casual,Indie",8,4,4
1865700,"Action,Casual,Indie",0,0,0
307340,Action,183,172,11
1688390,Action,2,0,2
889970,"Casual,Simulation",4,1,3
1293520,"Action,Indie",26,26,0
1693160,Action,1,1,0
1666810,"Casual,Indie",1,1,0
631920,"Action,Indie",5,3,2
1156550,"Action,Adventure,Casual,Indie,RPG,Early Access",7,6,1
284390,"Adventure,Indie",811,770,41
1832280,"Action,Casual,Indie",0,0,0
406970,"Adventure,Indie",540,362,178
1082940,"Casual,Indie",4,2,2
929800,"Casual,Indie,Simulation,Strategy",2,1,1
1830740,"Action,Adventure,Casual,Indie,Racing,Simulation",0,0,0
1306160,"Action,Adventure,Indie",1,0,1
406690,"Action,Indie",1,1,0
1808690,"Action,Adventure,Casual,Indie,Racing",7,6,1
1963980,"Action,Adventure,RPG",2,1,1
950180,"Action,Indie,Strategy",369,319,50
556480,Sports,116,81,35
494990,"Action,Casual,Indie",17,7,10
1169630,"Adventure,Indie",0,0,0
696580,"Adventure,Indie",4,3,1
959520,"Indie,Simulation",526,332,194
31700,"Action,Indie",190,163,27
695990,"Adventure,Casual",1,1,0
475150,"Action,RPG",6096,5499,597
1643340,"Casual,Indie",4,3,1
989750,Casual,1,1,0
513190,"Action,Casual,Indie,Early Access",28,21,7
1668150,"Action,Casual,Indie,Strategy",0,0,0
760860,"Action,Adventure,Casual,Indie,RPG,Early Access",14,7,7
908120,"Casual,Indie",2,1,1
814770,"Adventure,Indie",13,3,10
1374500,"Casual,Indie",13,11,2
1120600,"Casual,Indie",4,4,0
1168550,Adventure,0,0,0
417980,"Action,Indie",19,17,2
1853600,"Action,Indie,Animation & Modeling,Utilities,Game Development",1,1,0
1819560,Casual,2,0,2
1559070,"Action,Early Access",2,2,0
1112380,"Casual,Indie,Simulation",0,0,0
805710,"Indie,Strategy",6,3,3
1471180,"Casual,RPG,Strategy",16,10,6
574590,Indie,8,8,0
1707050,"Action,Adventure,Indie",0,0,0
658710,"Action,Adventure,Indie,Strategy",1,0,1
1420580,"Action,Free to Play,Indie,Early Access",0,0,0
1783350,"Adventure,Casual,Indie,Strategy",0,0,0
467930,"Action,Casual,Indie",186,147,39
292880,Adventure,71,62,9
1295910,"Action,Adventure,Indie,Strategy",0,0,0
978980,"Action,Casual,Indie",1,1,0
1360820,"Indie,Racing",2,2,0
6830,Strategy,787,644,143
1289830,"Adventure,RPG",0,0,0
1825620,Indie,23,20,3
1130970,"Action,Adventure,Casual,Indie",0,0,0
1502530,"Action,Casual,Indie",0,0,0
583060,"Action,Adventure,Casual,Indie,Strategy",11,5,6
935660,"Action,Adventure,Casual,Indie",2,2,0
767490,"Adventure,Indie,Simulation",72,49,23
1371690,"Action,Adventure,RPG,Early Access",360,243,117
1022000,"Casual,Indie",1,1,0
1580950,"Casual,Indie,Simulation",1,1,0
1803590,"Action,Casual,Indie,Early Access",16,15,1
1568280,"Action,Indie",0,0,0
392680,"Action,Indie",23,18,5
1534850,"Adventure,Indie",31,27,4
523440,"Action,Adventure,Casual,Indie,Early Access",5,5,0
395270,"Adventure,Indie",225,172,53
1405220,"Action,Adventure,Indie",41,37,4
865370,"Action,Adventure,Casual,Free to Play,Indie,Sports,Early Access",0,0,0
1425270,Strategy,30,30,0
1494220,"Adventure,Casual,Indie,Strategy",1,1,0
683600,"Casual,Simulation,Sports,Strategy",16,4,12
1724060,"Action,Adventure,Indie",1,1,0
707300,Action,193,120,73
816580,"Sexual Content,Nudity,Casual,Indie,Simulation",6,3,3
1461020,"Action,Casual,Indie",3,3,0
1511320,"Adventure,Indie,RPG",0,0,0
331970,"Action,Adventure,Strategy",130,125,5
770410,"Adventure,Indie",45,30,15
1452850,"Action,Casual,Free to Play,Indie,Strategy",0,0,0
908260,"Casual,Indie,Racing",2,1,1
555610,"Action,Adventure,Indie",32,22,10
828950,"Adventure,Casual,Indie",19,14,5
1063360,"Action,Adventure,Casual,Indie,RPG,Simulation,Strategy",1,1,0
58550,Strategy,246,70,176
246070,"Adventure,Casual,Indie",405,231,174
1927370,"Action,Indie",2,2,0
748060,Casual,5,1,4
1505520,Indie,0,0,0
476410,"Adventure,Casual,Indie",34,34,0
1155500,"Indie,Simulation,Early Access",2,0,2
355270,"Adventure,Indie",134,123,11
399260,"Action,Adventure,Indie",8,6,2
1934090,"Casual,Indie",0,0,0
527110,"Adventure,Indie",7,6,1
911640,"Casual,Indie,Strategy",0,0,0
1486280,"Adventure,RPG,Early Access",30,22,8
414950,"Indie,RPG,Simulation,Strategy",114,78,36
1233800,Racing,105,91,14
639170,Adventure,569,513,56
521450,Indie,25,11,14
1632360,"Casual,Indie",0,0,0
2018380,"Action,Casual",1,1,0
1493360,"Adventure,Indie,Simulation",16,9,7
1397720,"Action,Indie,Early Access",2,2,0
1124560,"Action,Adventure,Indie,RPG",60,48,12
1921900,Simulation,331,320,11
1341330,"Action,Adventure,Indie,RPG",0,0,0
795920,"Action,Casual,Indie",7,6,1
1504010,"Action,Adventure,Indie",1,0,1
1110840,"Adventure,Casual,Indie",4,2,2
1969140,"Casual,Indie",0,0,0
1903420,"Casual,Indie,Strategy",1,1,0
536320,"Casual,Indie",24,8,16
497100,"Action,Adventure,Casual,Indie,Sports",24,17,7
1520900,"Casual,Indie,Simulation,Strategy,Early Access",5,4,1
830410,"Adventure,Indie",1,1,0
733910,"Action,Casual,Indie,Early Access",3,2,1
1904800,"Action,Adventure,Casual,Indie,Simulation",15,12,3
1624880,Casual,1,0,1
1955990,RPG,0,0,0
1461100,"Indie,Simulation,Sports,Strategy",33,26,7
873070,"Action,Casual,Indie",18,17,1
971150,"Action,Indie",6,6,0
677520,"Action,Casual,Indie",9,7,2
314410,"Action,Adventure,Indie,RPG",873,799,74
1227570,"Adventure,Casual,Indie",17,13,4
1771880,"Action,Indie",0,0,0
10150,"Action,Adventure",3185,2406,779
237570,"Indie,RPG",199,169,30
798330,"Action,Adventure,Indie,RPG,Simulation",2,2,0
864970,Action,42,34,8
573080,"Adventure,Casual,Indie",55,38,17
1469310,"Casual,Free to Play,Massively Multiplayer,RPG",0,0,0
257790,"Action,Indie,Racing,Simulation,Sports",228,207,21
1201240,"Action,Casual,Free to Play,RPG",0,0,0
1079860,"Casual,Indie",3,2,1
1487080,"Casual,Animation & Modeling,Design & Illustration,Game Development",5,1,4
1492080,"Casual,Indie,Simulation",0,0,0
1440840,"Adventure,Indie",1,1,0
1341240,Adventure,1,1,0
1184210,"Adventure,Indie",168,133,35
412540,"Action,Indie",4,2,2
1166000,"Casual,Simulation,Strategy",8,6,2
1769390,"Casual,Indie,Strategy",1,1,0
1187330,"Action,Sports,Early Access",117,101,16
1827770,"Adventure,Casual,Racing,Early Access",0,0,0
1586070,"Adventure,Casual,Free to Play,Indie",0,0,0
1162930,"Casual,Free to Play,Simulation",0,0,0
345750,"Simulation,Strategy",61,31,30
1058000,Free to Play,0,0,0
839130,"Action,Casual,Indie",1,1,0
586100,"Action,Casual,Free to Play,Indie,RPG,Simulation,Strategy",6,0,6
1541850,"Casual,Indie,Strategy",12,9,3
1976160,"Design & Illustration,Education,Photo Editing,Software Training,Game Development",0,0,0
1585040,"Action,Adventure,Indie,Strategy",0,0,0
1365950,Simulation,8,6,2
1749380,Casual,13,13,0
1059390,"Action,Indie",0,0,0
1535780,"Action,Adventure,Indie",18,17,1
1061460,"Action,Indie,Early Access",0,0,0
1522190,Audio Production,0,0,0
856370,"Casual,Indie,RPG",3,2,1
494820,"Action,Adventure,Casual,Indie,Early Access",0,0,0
371400,"Action,Indie,Simulation",6,4,2
1598370,"Action,Casual,Indie",24,23,1
1321110,"Adventure,Casual,Indie,RPG,Strategy",1,1,0
247660,"Action,Adventure",1572,1047,525
1418720,RPG,113,92,21
1373920,"Action,Casual,Free to Play,Indie",0,0,0
1502800,"Adventure,Indie",7,6,1
723760,"Adventure,Indie",5,4,1
1007430,"Action,Adventure,Casual,Indie,Massively Multiplayer",4,4,0
707750,"Casual,Simulation",9,1,8
562570,"Casual,Indie",104,74,30
1171800,"Action,Adventure,Massively Multiplayer",0,0,0
1032210,Action,0,0,0
893900,"Action,Early Access",12,12,0
1949190,"Adventure,Indie,Simulation,Strategy",846,755,91
1566090,"RPG,Strategy,Early Access",42,39,3
1096950,"Adventure,Casual,Indie",10,5,5
370310,"Action,Adventure,Casual,Indie",1,1,0
1133120,"Casual,Indie,Simulation,Strategy,Early Access",208,173,35
667610,"Adventure,Indie,Simulation,Strategy,Early Access",341,196,145
226720,Action,808,494,314
936020,"Casual,Indie",6,5,1
1209990,"Action,Adventure,Indie,RPG",1,0,1
1245920,"Action,Indie,Sports,Early Access",5,4,1
275180,"Adventure,Casual,RPG",443,387,56
1422260,Racing,63,43,20
18820,"Action,Indie,Racing,Sports",173,140,33
1434330,Racing,5,4,1
493490,"Indie,Racing,Simulation",3513,2573,940
1271110,"Action,Casual,Indie,Simulation,Strategy",9,7,2
1879670,"Adventure,Indie",3,1,2
972890,"Casual,Simulation",1,1,0
502410,"Action,Simulation",16,9,7
1770760,"Action,Free to Play",0,0,0
311170,"Casual,Indie",14,6,8
624610,"Action,Indie,Simulation",2,1,1
406170,"Action,Adventure,Indie",97,52,45
747910,"Indie,Simulation",200,165,35
1345370,"Adventure,Indie",80,65,15
2056560,"Casual,Indie,Simulation",0,0,0
1202610,"Action,Adventure,Casual,Indie",1,1,0
1856110,"Indie,Simulation",1,1,0
580540,"Action,Adventure,Casual,Strategy",2,1,1
395640,Racing,2,0,2
1694620,"Casual,Racing,Sports",1,0,1
1954300,"Action,Adventure,Free to Play,Indie",0,0,0
116120,"Action,Indie",49,45,4
368680,"Action,Indie",66,59,7
1444360,"Casual,Indie",15,10,5
671440,"Indie,Simulation,Strategy",1652,1269,383
1499940,Indie,1,0,1
485600,"Casual,Indie,Simulation",34,29,5
1363560,RPG,5,5,0
493370,"Adventure,Casual,Free to Play,RPG,Simulation,Strategy",17,10,7
797090,"Casual,Indie,Simulation,Strategy",14,6,8
1240510,"Adventure,Casual,Indie,RPG",0,0,0
516040,"Indie,Strategy",13,8,5
700590,"Action,Adventure,Indie,Early Access",6,4,2
1311140,"Adventure,Indie",0,0,0
1501090,"Casual,Indie",5,5,0
1779790,"Action,Adventure,Indie,Simulation",5,4,1
917760,"Indie,Simulation,Early Access",0,0,0
715050,"Casual,Indie,Simulation",160,109,51
654240,Action,5,3,2
564920,"Casual,Indie,Sports",2,1,1
1437030,"Action,Adventure,Indie",20,15,5
1825910,Simulation,11,11,0
1261280,"Action,Adventure,Casual,Free to Play,Indie,Racing,RPG,Simulation,Strategy",1,1,0
1298050,"Adventure,Indie",5,4,1
844950,"Adventure,Indie,RPG",1,1,0
676070,"Violent,Adventure,Free to Play,Indie,RPG",0,0,0
1826860,"Casual,Indie",96,94,2
39560,Action,149,41,108
312670,"Action,Adventure",1728,1512,216
1286650,"Action,Indie",0,0,0
704190,"Action,Adventure,Casual,Indie",15,7,8
1888750,"Adventure,Indie",1,1,0
1548830,"Adventure,Casual,Indie",4,4,0
929060,"Action,Adventure,Indie,Simulation,Early Access",182,126,56
1995090,Indie,14,13,1
808770,"Adventure,RPG",17,10,7
1653120,"Action,Adventure,Indie,RPG",1,0,1
1228510,"Audio Production,Utilities",8,4,4
1482770,"Simulation,Strategy,Early Access",0,0,0
976390,"Casual,Simulation",138,130,8
1951840,"Action,Adventure,Indie,RPG,Early Access",21,16,5
1799580,"Action,Adventure,Indie",2,0,2
612610,"Action,Free to Play,Indie,Early Access",0,0,0
1911010,"Casual,Indie,Strategy,Early Access",1,0,1
441350,Action,66,46,20
516030,"Adventure,Casual,Indie,RPG,Strategy",13,9,4
1122250,"Adventure,Indie,Simulation",4,2,2
1943850,"Casual,Free to Play,Indie",2,1,1
983140,"Casual,Indie",20,20,0
1016600,"Action,Adventure,Indie",349,319,30
1981590,"Casual,Indie",10,9,1
1125360,"Indie,Simulation",9,9,0
1125700,Action,0,0,0
1434730,"Action,Adventure",0,0,0
735550,"Action,Sports,Strategy",2,1,1
1014970,Simulation,0,0,0
1200200,"Casual,Indie,Strategy",1,0,1
1298510,"Casual,Indie,Strategy",2,2,0
1776270,Indie,0,0,0
1894790,Strategy,0,0,0
909570,"Action,Indie,Strategy",25,15,10
1098990,Indie,9,8,1
717330,"Action,Adventure,Casual,Indie",2,1,1
1798460,"Action,Casual,Indie",0,0,0
1830240,"Adventure,Indie,RPG",0,0,0
1780110,"Casual,Indie",0,0,0
1038240,"Animation & Modeling,Design & Illustration,Utilities,Early Access",19,10,9
1369350,"Adventure,Indie",1,0,1
232890,"Simulation,Strategy",3097,2034,1063
1520580,RPG,0,0,0
1121200,"Indie,Simulation,Early Access",16,12,4
454650,"Action,Adventure,Casual,Massively Multiplayer",11698,10236,1462
1488380,"Free to Play,Massively Multiplayer,Racing,Sports",0,0,0
968920,"Action,Indie,Simulation,Strategy,Early Access",5,1,4
1785530,"Action,Simulation",0,0,0
1381720,"Free to Play,Indie",0,0,0
591350,"Casual,Indie",31,27,4
1399030,"Action,Indie",0,0,0
522130,"Indie,RPG,Early Access",21,21,0
698480,"Casual,Sports",2,2,0
827100,"Adventure,Casual",11,7,4
315940,"Action,Adventure,Indie",14,8,6
1860850,"Adventure,Casual,Indie",0,0,0
1174900,"Casual,Indie",2,1,1
323950,"Action,Indie",0,0,0
374520,"RPG,Strategy",47,20,27
1868300,"Action,Adventure,Indie,Simulation",0,0,0
1708710,"Action,Casual,Indie,Racing",1,1,0
787780,"Action,Adventure,Casual,Indie,RPG,Strategy,Early Access",10,6,4
1964970,"Casual,Simulation",0,0,0
806880,"Action,Casual,Indie,Strategy",0,0,0
790570,"Action,Adventure,Indie",5,2,3
1332090,"RPG,Strategy",28,22,6
50100,Strategy,0,0,0
1980890,"Free to Play,Indie,Simulation",11,11,0
1373260,"Indie,RPG,Strategy",73,59,14
582820,"Action,Casual,Simulation",6,5,1
320300,"Racing,Simulation",3852,3463,389
348380,"Adventure,Indie",75,20,55
342380,"Casual,Indie",852,708,144
1007980,"Casual,Indie",2,1,1
1570010,"Action,Adventure",726,673,53
745940,"Adventure,Indie,Simulation",14,6,8
1862840,"Casual,Indie,Simulation",1,0,1
1163910,"Action,Indie",337,307,30
1499930,"Indie,Simulation,Sports,Strategy",21,13,8
1841760,"Indie,Sports,Early Access",0,0,0
419450,Education,6,0,6
1135890,"Adventure,Casual,Indie,RPG,Strategy",0,0,0
1203990,"Action,Adventure,Casual,Indie,RPG,Simulation,Strategy",6,5,1
241600,"Action,Adventure,Indie,RPG",9684,8950,734
457320,"Action,Indie,Sports",361,329,32
1818880,"Action,Indie,Sports",4,4,0
954920,Action,2,2,0
1348980,Indie,9,7,2
646960,"Adventure,Indie",0,0,0
1047110,"Action,Indie,Simulation",10,10,0
1351450,Simulation,60,41,19
921050,"Action,Casual,Indie",1,0,1
307560,Strategy,8,3,5
1514650,"Adventure,Indie",6,6,0
372740,"Action,Adventure,Indie,Early Access",23,7,16
1593310,"Adventure,Casual,Indie",0,0,0
976970,"Casual,Indie",1,1,0
1213710,"Indie,Audio Production",43,35,8
1048900,"Adventure,Casual,Indie",15,11,4
1233820,"Adventure,Indie",38,32,6
1574560,Casual,0,0,0
810220,"Casual,Indie",0,0,0
1624340,Utilities,0,0,0
531740,"Casual,Indie",47,31,16
1744790,"Adventure,Casual,Strategy",1,1,0
776960,"Action,Adventure,Casual,Indie",146,108,38
1423590,"Adventure,Indie,RPG",0,0,0
1222680,"Action,Adventure,Racing,Sports",15445,13142,2303
307980,Sports,33,19,14
2007240,"Adventure,Indie",1,1,0
1563420,Racing,2,1,1
660760,"Casual,Indie",1,1,0
724350,"Action,Casual,Indie",19,12,7
1989630,"Indie,RPG",1,1,0
1720950,"Action,Adventure,Indie,Racing,Simulation,Sports",15,14,1
1697790,"Action,Casual,Indie",1,0,1
1631130,RPG,1,1,0
1875750,"Adventure,Casual,Simulation",17,14,3
1749360,"Action,Adventure,Indie,Strategy",1,1,0
463930,"Casual,Indie,Simulation,Strategy",208,202,6
690790,"Racing,Simulation,Sports",10363,8979,1384
882640,"Adventure,Casual,Indie",22,18,4
929270,Utilities,107,81,26
1074920,Software Training,1,1,0
1259740,"Indie,RPG,Strategy",96,70,26
273030,"Simulation,Sports,Strategy",74,12,62
513990,"Adventure,Casual,Indie,Strategy",30,18,12
1845480,"Adventure,Casual",0,0,0
1129680,"Casual,Indie",6,5,1
1407140,"Adventure,Casual,Indie,Early Access",30,23,7
1577900,"Adventure,Indie,RPG",3,2,1
1600090,"Casual,Indie",6,4,2
950380,"Casual,Indie,Simulation",0,0,0
1630270,"Action,Adventure,Casual,Indie,Strategy",0,0,0
1783150,"Action,Adventure,Indie,RPG,Strategy",0,0,0
1342100,"Action,Adventure,Indie,RPG",9,6,3
1409260,"Action,Indie",5,5,0
1241780,"Action,Casual,Indie",5,5,0
806020,"Casual,Indie,Strategy",12,9,3
1022170,"Casual,Indie,Simulation,Early Access",1,0,1
1238060,Action,2487,1828,659
1482430,"Action,Adventure,Indie",19,19,0
617560,"Animation & Modeling,Design & Illustration",2,2,0
1584690,"Action,Casual,Indie,Early Access",26,23,3
1941070,"Casual,Strategy",0,0,0
1788500,"Indie,Strategy",5,5,0
1107750,"Adventure,Indie",18,17,1
323670,"Casual,Indie,Racing,Sports,Early Access",261,219,42
1477650,Casual,15,10,5
1633640,"Casual,Indie",6,5,1
887930,"Adventure,Casual",3,3,0
1685460,Simulation,21,19,2
398110,"Casual,Indie,Simulation,Strategy",5,3,2
1310120,Indie,3,3,0
1099450,"Action,Indie,Early Access",11,5,6
1144000,"Action,Adventure,Indie",0,0,0
675240,Casual,184,173,11
583580,Action,1,0,1
1550080,Indie,7,4,3
1965370,Action,15,11,4
618360,"Action,Adventure,Indie",20,19,1
578590,"Action,Indie,Strategy",12,5,7
521950,"Violent,Action",153,125,28
1064440,"Casual,Indie,RPG",1,1,0
209750,Action,37,22,15
1799570,Indie,0,0,0
1740170,"Casual,Simulation,Strategy",2,0,2
64000,Strategy,1698,1505,193
15210,Simulation,1073,917,156
1460090,"Adventure,Free to Play,Indie,RPG,Simulation,Strategy",0,0,0
420380,"Simulation,Sports",23,20,3
678420,"Adventure,Casual",1,1,0
1836220,"Action,Adventure,Indie",3,2,1
540180,"Violent,Adventure,Indie,Simulation,Strategy,Early Access",20,4,16
1420960,"Casual,Indie",18,13,5
914180,"Action,Indie,Simulation,Sports",33,13,20
1608090,"Action,Casual,Indie,Simulation",17,15,2
801600,"Action,Adventure,Indie,RPG",0,0,0
811040,"Adventure,Indie",2,2,0
539470,"Action,Indie,Simulation,Strategy",1712,1436,276
1147660,"Free to Play,Massively Multiplayer,RPG",2104,1128,976
708370,"Violent,Gore,Action,Adventure",35,23,12
1410660,"Action,Indie,Simulation,Sports",4,3,1
1804970,"Action,Adventure,Casual,Free to Play,Indie",0,0,0
538550,Indie,32,28,4
1479300,Simulation,8,8,0
1226170,"Indie,Strategy",2,2,0
1192270,"Adventure,Casual",1,1,0
1189380,"Action,Adventure,Racing",1,1,0
1578280,"Simulation,Strategy",0,0,0
1427640,"Action,Free to Play,Indie,Massively Multiplayer,Early Access",0,0,0
375460,"Adventure,Casual,Indie,RPG,Simulation,Strategy",209,56,153
1585050,"Action,Adventure,Casual,Indie,RPG",5,5,0
1483310,"Adventure,Casual,Indie,RPG",1,1,0
367140,"Action,Indie",30,30,0
799890,"Action,Adventure,Casual,Indie,RPG,Simulation,Strategy",6,1,5
858100,"Adventure,Indie,RPG,Strategy",23,18,5
929140,"Action,Casual,Free to Play,Indie,Massively Multiplayer,RPG,Simulation,Strategy,Early Access",20,18,2
1236140,Action,2,1,1
1217930,"Action,Adventure,Free to Play,Indie,Massively Multiplayer,Simulation,Early Access",0,0,0
1464050,"Action,Indie",3,2,1
1555350,"Indie,Racing",0,0,0
1560450,"Casual,Indie,Simulation",6,6,0
1118870,"Casual,Indie,RPG",1,0,1
1590260,"Action,Casual,Indie,Simulation",0,0,0
1536750,"Adventure,Early Access",12,8,4
1460050,"Action,Adventure,Indie",14,14,0
1171870,"Action,Adventure,Casual,Indie,RPG,Early Access",2,2,0
1145210,Casual,1,0,1
1426280,Adventure,119,93,26
669520,"Action,Casual,Indie",1,0,1
1200280,"Casual,Indie,Simulation",1,1,0
872350,"Action,Casual,Indie,Simulation,Strategy,Early Access",39,21,18
208460,"Action,Indie,Strategy",28,3,25
461170,"Adventure,Indie",172,151,21
412020,Action,22092,18997,3095
1276660,"Adventure,Indie,RPG,Early Access",344,254,90
1613000,"Casual,RPG",0,0,0
1089250,"Action,Casual,Indie",0,0,0
207040,"Action,Indie",274,231,43
9460,Action,358,229,129
1168940,"Action,Adventure,Casual,Indie",1,0,1
746940,"Indie,Racing,Sports",108,102,6
589730,"Adventure,Indie",17,8,9
1425730,"Action,Adventure",58,53,5
697270,"Action,Indie,Strategy",0,0,0
1352650,"Action,Adventure,Casual,Indie",0,0,0
1590840,"Action,Adventure,Indie",3,1,2
1361200,"Action,Adventure,Indie",1,1,0
757200,"Simulation,Strategy",39,27,12
385770,"Action,Casual,Free to Play,Indie",30,25,5
1407250,Indie,0,0,0
726430,"Adventure,Indie",20,12,8
720620,"Indie,RPG,Simulation,Early Access",1754,1652,102
1175650,"Action,Adventure,Indie,Racing",2,2,0
1605440,"Adventure,Casual,Indie,Early Access",14,11,3
428590,"Action,Adventure,Indie",3,0,3
1020540,Action,52,21,31
913850,"Adventure,Casual,Indie",54,37,17
1417940,"Adventure,Casual,Free to Play,Indie,Strategy",0,0,0
716250,"Action,Casual,Indie",12,11,1
468700,"Casual,Free to Play",14,12,2
37380,Casual,8,4,4
968570,"Action,Adventure,Casual,Indie,RPG,Simulation",2,1,1
569290,"Action,Adventure,Indie",24,17,7
462700,"Simulation,Sports",40,24,16
956590,"Casual,Indie",1,0,1
1580140,Casual,3,3,0
779780,"Adventure,Casual,Indie",0,0,0
1394810,"Action,Adventure,Indie",19,16,3
799240,"Casual,Free to Play,Simulation",0,0,0
3900,Strategy,1367,1276,91
1516950,"Action,Adventure,Indie",2,2,0
369990,"Indie,Strategy",1041,862,179
1610630,"Casual,Indie",3,2,1
562680,"Action,Adventure,Casual,Indie",6,5,1
1075190,Strategy,834,604,230
1940320,"Action,Adventure,Simulation",1,1,0
682490,"Adventure,Casual,Indie,RPG,Simulation,Strategy",1,0,1
1263540,Casual,3,3,0
1311310,"Adventure,Casual,Simulation",29,21,8
1523680,"Adventure,Casual,Indie",1,1,0
308180,Adventure,17,15,2
949990,"Action,Casual,Indie,Early Access",16,12,4
755890,"Casual,Indie",48,33,15
1736250,"Action,Adventure",11,6,5
1426400,Action,1,1,0
768290,"Adventure,Casual,Indie",21,19,2
1206380,"Adventure,Casual",2,2,0
465780,"Action,Adventure,Casual,Indie,Racing,Simulation,Sports",446,354,92
1551730,"Adventure,Free to Play,Indie",0,0,0
559900,Action,19,8,11
1346700,"Action,Adventure,Casual,Indie,Sports",0,0,0
1428610,"Action,Adventure,Free to Play,Indie,RPG",0,0,0
350630,Indie,17,13,4
1201730,"Action,Adventure,Free to Play,Indie",0,0,0
451800,"Action,Adventure,Indie",8,5,3
674850,"Action,Casual,Indie,Sports",134,124,10
1200650,"Adventure,Casual,Indie,RPG,Strategy",3,1,2
1114620,"Action,Adventure,Indie,Early Access",12,12,0
891990,"Adventure,Casual,Indie",1,1,0
1399990,"Action,Adventure,Casual,Indie",2,2,0
353610,Indie,19,11,8
1449670,"Action,Casual,Indie,RPG",11,8,3
725100,"Action,Free to Play,Indie",0,0,0
1214450,"Action,Adventure,Indie,RPG",100,89,11
1752410,"Casual,Indie",2,2,0
861520,"Casual,Indie",9,8,1
672640,"Action,Free to Play,Simulation",0,0,0
946080,"Action,Indie,Simulation,Strategy",1,1,0
570950,"Action,Adventure,Casual,Indie,RPG,Early Access",30,27,3
463410,"Action,Adventure",0,0,0
1872550,"Action,Adventure",22,9,13
999560,"Action,Indie",0,0,0
740390,"Violent,Action,Casual",4,1,3
628200,"Adventure,Indie,Simulation,Strategy",209,166,43
266310,"Animation & Modeling,Design & Illustration,Education,Software Training,Utilities,Game Development",735,545,190
939330,"Casual,Free to Play,Simulation",2,2,0
1090520,"Action,Adventure,Indie",3,1,2
1029340,Casual,10,9,1
395380,"Action,Adventure,Casual,Indie",24,16,8
1879000,Action,4,1,3
1273790,"Strategy,Early Access",101,71,30
703260,"Action,Casual,Indie",0,0,0
1838380,"Indie,Simulation",2,2,0
1006160,"Action,Adventure,Indie,RPG",5,5,0
1914740,"Casual,Indie,Simulation",16,15,1
1260240,"Casual,Indie,RPG,Simulation,Strategy",3,1,2
1510580,"Indie,Simulation",64,38,26
1040940,"Action,Adventure,Indie",13,4,9
566900,"Casual,Indie,Racing",11,11,0
1175570,Casual,0,0,0
1562240,"Adventure,Casual,Indie,Simulation",7,6,1
1434940,"Action,Casual",2,2,0
1679990,"Casual,Indie",3,2,1
1125350,"Casual,Indie,Strategy",3,3,0
1532830,"Action,Indie",2,1,1
9219,Action,5747,4153,1594
438480,"Action,Adventure,Casual,Strategy",433,355,78
450590,"Casual,Simulation",32,14,18
440540,"Action,Adventure,Casual,Indie,RPG",996,954,42
1539510,"Casual,Indie",0,0,0
328460,"Action,Racing",41,22,19
1733190,"Action,Adventure,Casual,Indie",1,1,0
976570,Action,22,10,12
415910,"Casual,Indie,Strategy",60,52,8
792810,"Adventure,Casual,Indie,Simulation",1,1,0
891190,"Action,Casual,Indie",0,0,0
467520,"Simulation,Strategy",260,124,136
1528980,"Action,Indie,Early Access",1,1,0
567640,Adventure,7308,6544,764
1331910,Indie,38,29,9
1707890,"Action,Indie,Strategy,Early Access",1,0,1
1009390,"Casual,Indie,Simulation,Strategy",2,2,0
1167490,"Action,Casual,Free to Play,Indie",0,0,0
1058800,Strategy,43,34,9
1558740,"Action,Indie,Simulation",0,0,0
843560,"Action,Indie",1,1,0
710280,"Casual,Indie,Simulation",0,0,0
1398500,"Action,Indie",19,17,2
383580,"Action,Adventure,Indie,RPG,Simulation",443,326,117
1514620,Indie,5,4,1
705550,"Adventure,Indie",28,23,5
685680,Simulation,142,124,18
1025520,Strategy,2,1,1
953570,"Adventure,Casual,Free to Play,Indie,RPG,Strategy",0,0,0
840720,RPG,405,319,86
1243410,"Casual,Indie",1,1,0
588800,"Action,Adventure,Indie",9,4,5
1088800,"Adventure,Casual,Strategy",0,0,0
1039970,"Adventure,Casual",15,13,2
1379930,"Simulation,Strategy",215,131,84
1079600,"Action,Adventure,Indie",2,1,1
528980,"Adventure,RPG,Early Access",15,8,7
980640,"Action,Adventure,Indie,RPG,Strategy",61,44,17
613860,"Action,Indie,Simulation,Strategy",26,14,12
929440,Casual,6,5,1
1499300,"Adventure,Casual,Simulation",73,73,0
451210,"Action,Sports",3,1,2
814650,"Adventure,Strategy",9,8,1
671630,"Action,Adventure,Indie",11,8,3
1091240,"Simulation,Early Access",13,10,3
1204220,"Adventure,Indie",32,28,4
1793970,"Action,Adventure,Casual,Indie",0,0,0
209730,"Action,RPG",145,70,75
341070,"Action,Indie",12,8,4
1528810,Strategy,152,143,9
1478980,"Action,Adventure,Casual,Indie",3,1,2
1825380,"Action,Indie,RPG",3,1,2
1279260,"Indie,RPG",25,22,3
345820,"Action,Adventure,Indie,RPG",868,829,39
1503990,"Adventure,Indie",0,0,0
1298690,"Action,Indie",0,0,0
1330470,"Action,Adventure,Indie,RPG,Simulation,Sports",374,336,38
203510,"Action,Indie,RPG",504,421,83
698230,"Action,Indie,Strategy",0,0,0
1634110,"Action,Adventure,Casual,Indie,RPG,Simulation",10,8,2
1036270,"Free to Play,Indie,Simulation",0,0,0
689170,"Indie,Simulation,Strategy",9,7,2
1093320,"Adventure,Indie,RPG,Strategy",44,29,15
1798220,"Casual,Indie",1,1,0
1735470,"Action,Adventure,Casual,Indie",10,5,5
788630,"Action,Adventure,Indie,RPG,Simulation",134,98,36
1122120,"Simulation,Strategy",201,168,33
1913490,"Casual,Indie,Strategy",35,33,2
1217440,"Adventure,Indie,RPG",0,0,0
1198040,"Casual,Indie",163,159,4
917130,"Casual,Indie",2,2,0
716500,Indie,598,561,37
1115830,Casual,0,0,0
413490,"Adventure,Indie,Early Access",3,1,2
552160,"Casual,Indie,Strategy",92,86,6
506830,"Action,Adventure,Indie",5,4,1
1284100,"Action,Indie",0,0,0
791750,"Adventure,Casual,Indie",68,58,10
1079050,Indie,2,2,0
1022180,"Action,Adventure,Indie",0,0,0
503690,"Action,Indie",4,3,1
1805310,"Action,Adventure,Casual,Indie",0,0,0
1771340,"Indie,RPG,Strategy",4,3,1
982580,"Casual,Indie",13,10,3
57400,"Action,Adventure",1073,1058,15
1450660,"Action,Casual",0,0,0
1247250,Casual,2,0,2
1667130,"Casual,RPG,Simulation,Strategy",101,85,16
671580,Casual,3,1,2
668980,"Action,Adventure",108,93,15
398450,"Adventure,Free to Play",4,2,2
353990,"Action,Adventure,Indie",12,7,5
368450,"Adventure,Indie",108,59,49
278850,Action,3,1,2
616650,"Action,Casual,Indie,Simulation,Early Access",1,0,1
667800,"Action,Casual,Indie",34,32,2
923460,Free to Play,0,0,0
1668890,"Casual,Indie",5,5,0
1710880,"Casual,Indie",0,0,0
1338520,"Action,Adventure,Indie,Racing",14,14,0
1552550,Action,616,578,38
1712120,"Action,Adventure,Indie,Massively Multiplayer,Early Access",3,2,1
953170,Casual,1,0,1
1227750,"Casual,Indie",23,20,3
863430,"Action,Casual,Indie",5,4,1
336060,"Action,Casual",258,195,63
1356640,"Indie,RPG,Simulation",0,0,0
8500,"Action,Free to Play,Massively Multiplayer,RPG,Strategy",4762,3822,940
1195360,"Adventure,Indie",52,39,13
1963900,"Casual,Indie,Strategy",37,34,3
2019650,"Casual,Indie,Strategy",0,0,0
343090,"Indie,Simulation",191,156,35
1374580,"Indie,Early Access",20,16,4
1764550,"Action,Adventure,Indie",5,4,1
1130570,Indie,8,8,0
449350,Casual,16,8,8
340650,"Indie,RPG",28,14,14
1399780,"Action,Adventure,Free to Play,RPG",0,0,0
575340,"Adventure,Indie,Simulation,Strategy",39,28,11
964080,"Design & Illustration,Utilities",25,18,7
844490,"Free to Play,Indie,Strategy",0,0,0
366010,"Action,Indie",28,24,4
586460,"Indie,Simulation,Sports",10,6,4
1094120,Casual,0,0,0
682500,"Adventure,Casual,Indie,RPG,Simulation,Strategy",9,4,5
1679410,"Adventure,Casual",5,2,3
434480,"Casual,Free to Play,Indie,RPG",1,0,1
1524790,"Adventure,Casual,Free to Play,Indie,RPG,Simulation",0,0,0
1426530,"Adventure,Casual,RPG,Simulation,Strategy",0,0,0
1542810,"Casual,Indie,Simulation",220,218,2
1242980,"Casual,Indie",329,306,23
801900,"Casual,Indie,Simulation",12,7,5
1176000,"Action,Casual,Indie",0,0,0
1795560,"Action,Adventure,Indie",6,6,0
1726860,"Action,Adventure,Indie,Strategy,Early Access",3,3,0
628920,"Casual,Indie,Simulation",134,118,16
1871020,"Casual,Racing",0,0,0
510250,"Action,Adventure,Casual,Indie",18,17,1
1092430,"Action,Adventure,Indie",303,242,61
1510890,"Action,Indie,Simulation,Strategy,Early Access",3,2,1
1581210,"Adventure,Indie,RPG,Simulation",3,2,1
1279970,"Casual,Indie",3,3,0
1536390,Casual,12,10,2
496910,Audio Production,16,7,9
840940,"Casual,Indie,Strategy",2,1,1
15280,Simulation,0,0,0
1206710,"Action,Adventure,Casual,Indie,RPG",1,1,0
730820,Adventure,1017,997,20
1346890,"Adventure,Casual,Indie,Racing,Simulation",33,25,8
506760,"Action,Adventure,Indie",18,9,9
351900,"Indie,RPG",182,101,81
12770,RPG,131,98,33
1608560,Simulation,35,32,3
750020,"Adventure,RPG",2,2,0
1799260,Casual,0,0,0
1009240,"Action,Indie",0,0,0
448110,"Action,Adventure,Casual,Indie",6,4,2
666260,"Adventure,Indie",8,3,5
401210,"RPG,Strategy",2,1,1
1991450,"Casual,Indie",9,9,0
1747210,"Action,Adventure",0,0,0
880830,"Adventure,Casual,Indie,Strategy",13,11,2
1519880,"Action,Indie",3,3,0
1005420,"Action,Adventure,Indie",3,0,3
1769090,Indie,0,0,0
252390,"Indie,Simulation,Strategy",119,71,48
1290480,"Action,Adventure,Indie",1,1,0
987780,"Adventure,Strategy",1,1,0
1730380,Casual,1,1,0
1706210,"Action,Free to Play,Indie,Simulation,Strategy",18,17,1
1596890,"Indie,Strategy",0,0,0
1134030,"Free to Play,Indie",0,0,0
302340,Adventure,21,16,5
1264050,"Adventure,Casual",7,4,3
1383410,"Casual,Indie",2,2,0
1895660,"Casual,Free to Play,Indie",0,0,0
332330,Action,94,82,12
1408590,"Adventure,Casual,Indie,RPG,Simulation,Strategy,Early Access",2,2,0
1015430,"Adventure,Indie",32,22,10
860100,"Indie,Simulation,Strategy",0,0,0
438440,"Action,Indie,Early Access",3,3,0
839210,"Adventure,Indie",6,6,0
943980,"Adventure,Indie,RPG",38,23,15
1599510,"Action,Adventure,Casual,Indie",14,9,5
368690,"Action,Indie",7,3,4
873040,"Violent,Action,Indie",0,0,0
968940,"Casual,Indie,Simulation",16,5,11
1607400,"Action,Adventure,Indie",5,5,0
398920,"Casual,Indie",3,2,1
1758920,"Casual,Indie,Strategy",14,13,1
1076230,"Action,Indie",49,41,8
1024470,Adventure,0,0,0
1090060,"Action,Indie",19,17,2
646370,"Adventure,Indie",3,3,0
696440,"Violent,RPG",2,1,1
616000,"Action,Adventure,Indie",53,47,6
691930,"Action,Adventure,Casual,Free to Play,Indie",0,0,0
517270,"Simulation,Strategy,Early Access",4,2,2
1324040,Strategy,2,2,0
1820980,Racing,1,0,1
1731270,"Casual,Free to Play,Massively Multiplayer,RPG,Simulation,Strategy",0,0,0
1283820,"Action,Indie",7,7,0
1509080,RPG,25,23,2
1487610,Education,0,0,0
1411860,"Adventure,Casual,Indie",13,9,4
854210,"Action,Free to Play,Indie",0,0,0
584400,"Action,Adventure,Casual",10453,9678,775
1653260,"Action,Indie,Early Access",4,4,0
60700,"Strategy,Indie",24,7,17
1629470,"Adventure,Indie",0,0,0
832130,"Action,Adventure,Indie",7,6,1
337850,"Adventure,Indie,RPG,Strategy",145,133,12
1637820,"Adventure,Casual,Racing",3,2,1
1172720,"Casual,Indie",2,2,0
1755060,Indie,2,2,0
1856990,"Adventure,Indie,RPG,Strategy",0,0,0
321950,"Action,Adventure,Indie",26,12,14
1019920,"Action,Strategy",27,25,2
551050,"Action,Adventure,Indie",12,4,8
457210,"Action,Indie,Racing",1043,1000,43
2062930,"Action,Adventure,Casual,Free to Play,Indie",0,0,0
2350,Action,151,118,33
768520,"RPG,Strategy",964,778,186
1261020,"Action,Adventure,Early Access",2,2,0
657400,"Action,Adventure,Casual,Indie",3,2,1
50930,Casual,7,3,4
1226230,"Action,Adventure,Casual,Indie",1,1,0
256330,Racing,336,218,118
1188680,"Indie,Simulation,Strategy",606,500,106
937740,"Casual,Indie",7,3,4
565100,"Adventure,Casual",2,2,0
1555570,RPG,6,5,1
656400,"Casual,Indie,Simulation,Strategy",15,11,4
622080,"Adventure,Indie,RPG,Strategy",4,1,3
347660,"Action,Casual,Indie,Early Access",15,13,2
458000,"Adventure,Indie,Strategy",347,249,98
842620,"Action,Adventure,Casual,Indie",0,0,0
1361470,Simulation,1,0,1
1018870,"Action,Indie,Racing,Early Access",25,11,14
592300,"Indie,Racing",35,34,1
528010,"Action,Adventure,Indie",22,11,11
1794530,"Adventure,Free to Play,Indie",0,0,0
963660,"Casual,Indie",10,7,3
796340,"Action,Adventure,Early Access",5,3,2
281920,"Action,Adventure,Indie",607,524,83
1092080,"Casual,Simulation",0,0,0
1642610,"Indie,Strategy",0,0,0
747790,"Casual,Sports",1,1,0
1016730,"Adventure,Indie,RPG,Strategy",270,178,92
363580,Indie,3,2,1
1736090,"Action,Simulation",11,6,5
1104510,"Action,Casual,Indie,Strategy",0,0,0
638610,Software Training,3,2,1
943380,"Action,Casual,Indie",134,110,24
514080,"Action,Strategy",16,10,6
1078450,"Indie,RPG,Strategy",1,1,0
1218950,"Action,Adventure,Casual,Free to Play,Indie,Massively Multiplayer,RPG",0,0,0
757380,"Action,Casual,Free to Play,Indie,Massively Multiplayer,Simulation",0,0,0
1871830,"Adventure,Free to Play,Indie,Simulation,Early Access",0,0,0
1203180,"Action,Adventure,Indie,Simulation,Early Access",420,292,128
1367430,"Casual,Indie",20,17,3
1114290,"Indie,Sports,Strategy",255,229,26
1361400,"Adventure,Casual,Indie,RPG",187,132,55
1928310,"Action,Adventure,Casual,Indie",0,0,0
890710,"Casual,Indie",16,11,5
1538270,"Adventure,Indie,RPG,Strategy",5,2,3
1899990,"Action,RPG",2,1,1
413580,"Action,Indie",11,10,1
269170,"Casual,Indie,Simulation,Sports,Strategy",597,503,94
742340,"Adventure,Casual,Indie,Strategy",10,7,3
936510,"Action,Adventure,Indie,RPG",1,1,0
1540920,"Strategy,Early Access",1,1,0
1788390,"Casual,Early Access",1,0,1
1511230,"Casual,Indie",3,3,0
1428360,"Adventure,Indie,Simulation,Early Access",0,0,0
1973040,"Action,Adventure,Casual,Free to Play,Indie",0,0,0
659920,"Indie,Simulation,Strategy,Early Access",46,30,16
203140,Action,9226,7889,1337
461520,"Action,Adventure,Indie",56,14,42
353260,"Action,Strategy",2,1,1
1045180,"Action,Adventure,Indie,RPG",248,175,73
206060,"RPG,Indie",48,44,4
615490,"Sexual Content,Violent,Action,Casual,Indie",7,4,3
992520,"Adventure,Casual,Free to Play,Indie",0,0,0
820570,"Violent,Gore,Action,Casual,RPG",0,0,0
1598970,"Adventure,Casual,Indie",5,2,3
846200,"Adventure,Indie,RPG,Strategy",38,20,18
1453840,"Casual,Indie,Massively Multiplayer",80,35,45
961060,"Adventure,Casual,Indie",3,2,1
1029950,"Action,Indie,Sports",1,1,0
1776560,"Action,Adventure,Indie,RPG,Simulation",4,3,1
232010,"Indie,Simulation",1627,1309,318
563520,"Casual,Simulation",5,5,0
778410,"Action,Indie,RPG,Strategy",23,15,8
607760,"Action,Indie,Early Access",11,9,2
1384700,RPG,95,83,12
1467320,"Casual,Indie",1,1,0
732230,Utilities,0,0,0
606940,Strategy,17,13,4
1353370,"Adventure,Free to Play",0,0,0
1425120,"Casual,Indie",7,7,0
1812950,"Action,Adventure,Casual,Indie,Massively Multiplayer,RPG,Simulation,Strategy,Early Access",1,0,1
1063160,"Adventure,Indie,RPG",0,0,0
446110,Casual,1,1,0
1438190,"Adventure,Indie",43,39,4
794260,RPG,10879,8093,2786
1672420,"Action,Indie,Sports",1,1,0
1082470,"Adventure,Casual",22,21,1
528720,"Action,Adventure,Indie",26,24,2
1252320,Indie,32,32,0
670230,"Violent,Action,Indie",2,2,0
1242790,"Adventure,Free to Play,Indie",0,0,0
1177350,"Action,Adventure,Indie",1,0,1
475240,"Action,Adventure,Indie",169,135,34
954170,"Free to Play,Indie,Early Access",0,0,0
1576770,"Indie,Simulation",1,1,0
1215700,"Adventure,Indie",4,4,0
698780,"Casual,Free to Play,Indie",179,175,4
1042010,"Adventure,Indie",1,0,1
411120,Strategy,58,44,14
1367270,"Adventure,Casual,Indie",10,7,3
1567740,"Action,Adventure,Free to Play,Indie",0,0,0
1809750,"Casual,Indie",1,1,0
1134120,"Action,Sports",2,2,0
1485050,"Action,RPG,Early Access",8,8,0
597120,"Adventure,Casual,Indie",15,15,0
390030,"Action,Indie",281,216,65
837310,"Action,Casual,Free to Play,Indie",0,0,0
493540,"Action,Adventure,Casual,Indie",247,206,41
1703470,"Adventure,Casual,Indie,Simulation,Strategy",0,0,0
737530,"Adventure,Indie",12,4,8
1091980,RPG,325,245,80
1011240,"Action,Indie",3,3,0
1624970,Casual,0,0,0
555640,"Casual,Indie",68,62,6
1047320,"Adventure,Casual,Indie,RPG",2,2,0
263520,"Adventure,Casual,Indie",56,37,19
596200,"Action,Adventure,Indie,RPG,Simulation,Strategy",23,17,6
1266630,"Casual,Indie,RPG,Simulation,Early Access",1,1,0
1098760,"Adventure,Indie",10,5,5
1444550,"Indie,Strategy",12,12,0
1231000,"Action,Indie,RPG",0,0,0
1477570,"Adventure,Casual,Free to Play,Indie,RPG",0,0,0
1354100,"Adventure,Casual,Indie",16,16,0
790120,"Action,Indie",22,20,2
1005920,"Action,Indie,Early Access",1,1,0
437870,"Indie,Simulation,Strategy",80,33,47
498470,"Action,Casual,Indie",64,63,1
1741550,"RPG,Early Access",0,0,0
804010,"Adventure,RPG",711,619,92
1049630,"Action,Casual,Indie,Simulation,Early Access",0,0,0
1227050,Indie,0,0,0
1091470,"Adventure,Casual,Indie",17,14,3
743030,"Adventure,Simulation,Utilities",7,3,4
465890,"Adventure,Casual",19,19,0
372330,"Adventure,Casual,Indie",55,42,13
1488540,"Adventure,Indie",4,2,2
988640,"Adventure,Indie",0,0,0
1682300,"Casual,Indie",0,0,0
378110,"Adventure,Simulation,Strategy",101,83,18
1590000,"Adventure,Indie",2,1,1
1280550,Strategy,6,1,5
363970,"Adventure,Casual,Free to Play,Indie,RPG,Simulation,Strategy",317,283,34
832720,"Adventure,Simulation,Early Access",59,39,20
1117590,"Casual,Indie",3,3,0
483850,"Action,Indie",13,9,4
1839040,"Indie,Strategy",0,0,0
1026180,"Casual,Indie",0,0,0
338550,"Casual,Indie",16,14,2
1348810,"Action,Casual,Indie,Simulation,Sports",0,0,0
1856020,"Action,Adventure,Indie",0,0,0
549000,"Adventure,Casual,Indie",16,14,2
1695600,"Casual,Indie",1,1,0
1405670,"Free to Play,Indie",0,0,0
408120,Indie,279,193,86
878910,Casual,1,1,0
1278930,"Casual,Indie,Strategy",3,1,2
1009100,Action,3,1,2
1648250,"Action,Casual",0,0,0
463110,"Adventure,Casual,Indie",126,93,33
1868030,"Action,Adventure,Casual",0,0,0
1966860,Indie,2,1,1
1152050,"Adventure,Indie,RPG",7,4,3
658590,"Adventure,Casual,Indie",106,89,17
1947460,Adventure,14,6,8
385440,"Action,Casual,Indie,RPG",22,18,4
1104220,Simulation,75,66,9
432010,"Casual,Indie,RPG,Simulation",608,487,121
1234600,"Action,Indie,RPG",1,0,1
1449000,"Action,Adventure",5,2,3
2000540,"Indie,Simulation",7,5,2
1679060,"Adventure,Free to Play,Indie,RPG,Simulation,Strategy,Early Access",0,0,0
1491150,Casual,9,4,5
1868000,"Adventure,Indie,RPG,Strategy,Early Access",42,32,10
549090,"Casual,Free to Play,Indie",2,2,0
542210,"Simulation,Early Access",2,2,0
1170340,"Casual,Indie,Simulation",20,19,1
773540,"Action,Indie,Massively Multiplayer,RPG",24,18,6
1140360,"Animation & Modeling,Design & Illustration,Photo Editing,Software Training,Utilities,Video Production,Web Publishing,Game Development",6,2,4
718590,"Action,Adventure,Casual,Indie,RPG",532,410,122
619350,"Adventure,Indie",11,5,6
1075550,"Action,Indie,RPG",22,15,7
1405740,"Action,Adventure,Indie",0,0,0
1302440,"Casual,Indie,RPG",28,22,6
383750,"Action,Adventure,Casual",11,8,3
249650,"Indie,RPG,Strategy",1137,676,461
488760,"Adventure,Indie,RPG",106,90,16
1143720,"Adventure,Casual,Indie",5,4,1
4932,"Action,Indie,Strategy",0,0,0
489660,Indie,42,32,10
809280,"Simulation,Strategy",101,58,43
937980,"Casual,Free to Play,Indie",0,0,0
1567950,"Casual,Indie",7,7,0
948460,"Free to Play,Indie",0,0,0
989560,"Indie,Strategy",11,6,5
1969410,"Casual,Indie,Racing,Sports",1,0,1
1014750,Indie,4,4,0
1203370,"Action,Adventure,Indie,Massively Multiplayer,Simulation",24,15,9
601780,Utilities,17,12,5
391260,"Action,Adventure,Indie,RPG",456,314,142
1783540,"Animation & Modeling,Audio Production,Design & Illustration,Education,Photo Editing,Software Training,Video Production",17,11,6
1339870,"Adventure,Indie,Early Access",4,3,1
57640,Adventure,824,770,54
526960,"Casual,Indie,Simulation,Early Access",5,0,5
1547060,"Casual,Indie,Strategy",1,1,0
15700,Adventure,1116,1006,110
1850280,"Action,Indie,Early Access",3,3,0
1008910,"Casual,Indie",1,1,0
1123050,"Action,Indie,RPG",1234,1111,123
1088060,"Action,Indie",2,2,0
384040,"Casual,Indie,Racing",6,5,1
950910,"Action,Indie,Strategy",0,0,0
847300,"Adventure,Indie,RPG",5,2,3
781480,"Adventure,Casual,Indie,Simulation",321,252,69
960800,"Indie,Early Access",0,0,0
1562700,"Action,Adventure,Indie,Early Access",180,174,6
1181820,"Action,Adventure,Indie,RPG,Strategy,Early Access",1,0,1
1378040,"Adventure,Indie,RPG",30,29,1
1636570,"Casual,Indie,Simulation,Early Access",2,1,1
1208580,"Indie,Strategy",3,2,1
1194790,Adventure,8,4,4
521800,"Free to Play,Indie,Simulation,Strategy",18,17,1
209120,Action,834,456,378
983340,"Action,Casual,Indie,RPG,Early Access",3,2,1
3830,Action,6657,6410,247
610900,Adventure,83,81,2
359190,"Adventure,Indie",13,11,2
1029550,Racing,217,162,55
682340,"Casual,Indie,Simulation",0,0,0
1258200,"Adventure,Casual,Simulation,Early Access",6,3,3
1264190,"Animation & Modeling,Audio Production,Utilities,Video Production",3,2,1
1120980,"Action,Adventure,Indie,RPG",41,37,4
1760080,"Casual,Free to Play,Indie,Simulation",0,0,0
1744420,"Casual,Indie",0,0,0
682020,"Action,RPG",9,9,0
833360,"Action,Indie,RPG,Early Access",937,860,77
1311770,"Action,Adventure,Indie,Simulation,Early Access",7,3,4
1157890,"Action,Casual,Indie,Strategy",10,4,6
809070,"Adventure,Casual,Indie",0,0,0
566880,"Casual,Indie",18,16,2
922550,"Casual,Indie",23,17,6
667600,"Action,Indie",715,671,44
935560,"Casual,Indie,Strategy",30,25,5
466630,"Adventure,Indie",1670,1623,47
503680,"Action,Indie,Early Access",5,4,1
606850,"Indie,Simulation,Sports",2,2,0
931470,"Adventure,Casual,Indie,RPG",7,6,1
859340,"Adventure,Indie",300,180,120
1320100,"Action,Adventure,Casual,Indie,RPG,Simulation,Early Access",184,160,24
467650,"Action,Indie,Simulation,Strategy",1,1,0
880840,"Action,Indie",0,0,0
1216080,"Casual,Free to Play,RPG",0,0,0
1535210,"Action,Indie,RPG,Strategy",0,0,0
389700,"Adventure,Indie",104,29,75
1917600,"Casual,Simulation",0,0,0
831460,"Casual,Indie",1,1,0
1880980,Action,19,17,2
403010,"Action,Indie,Simulation",7,4,3
619400,"Action,Adventure,Casual,Indie",8,2,6
1894250,Indie,0,0,0
1061970,"Action,Adventure,Casual,Indie",0,0,0
339500,"Action,Casual,Indie",3,0,3
1664430,"Action,Adventure,Indie,RPG",8,5,3
747980,Indie,2,2,0
553050,"Adventure,Casual,Simulation",13,8,5
1088110,"Adventure,Casual,Indie",0,0,0
1862020,Racing,0,0,0
1155300,"Action,Indie",7,7,0
1324030,Indie,15,15,0
1277400,"Adventure,RPG",2544,2401,143
326410,"Action,Adventure,Indie,RPG",1816,1458,358
903580,"Action,Indie",6,6,0
1730980,"Adventure,Casual,Indie,RPG,Simulation,Strategy,Early Access",0,0,0
684330,"Animation & Modeling,Utilities",4,4,0
337450,"Casual,Indie",14,12,2
810500,"Action,Casual,Indie,Sports",262,224,38
1758090,Indie,0,0,0
1698470,"Adventure,Indie,Simulation,Strategy",1,0,1
850110,"Casual,Indie,Strategy",0,0,0
990230,Utilities,10,8,2
443570,"Action,Adventure,Indie",10,7,3
1457510,RPG,4,3,1
1128890,"Action,Indie,Racing,Sports,Early Access",0,0,0
1617390,"Adventure,Indie",6,3,3
2016570,"Casual,Free to Play,Indie,Simulation",0,0,0
1711520,"Action,Indie",4,4,0
1259050,"Casual,Indie,Simulation,Strategy,Early Access",1,0,1
603880,"Adventure,Casual,Free to Play",0,0,0
324800,"Action,Adventure",7434,6518,916
1414320,"Adventure,Free to Play,Indie,Strategy",0,0,0
948990,"Action,Adventure,Casual,Indie",13,13,0
1619540,Casual,81,64,17
762520,"Adventure,Casual",37,22,15
1045400,"Casual,Indie",1,1,0
1254130,"Free to Play,Indie,Strategy",0,0,0
1793420,"Action,Casual,Indie,Racing,Simulation,Sports",2,2,0
964070,Action,2,2,0
1108800,Action,7,1,6
794390,"Action,Indie,RPG",27,26,1
781260,"Action,Adventure,Simulation,Strategy",5,3,2
1022780,"Action,Adventure,Indie,Massively Multiplayer,Simulation,Strategy",60,49,11
1803720,"Action,Casual,Indie",1,1,0
442000,"Adventure,Indie",20,1,19
1914900,"Casual,Indie,Simulation",3,3,0
1966130,Strategy,23,18,5
1069660,"Indie,RPG,Simulation,Strategy,Early Access",1111,846,265
1213780,"Action,Indie,Strategy",2,1,1
657070,"Adventure,Casual,Indie",25,16,9
1502600,"Adventure,Casual,Indie,Simulation",2,2,0
1759780,"Action,Adventure,Indie,Massively Multiplayer,RPG,Simulation,Strategy",0,0,0
1200220,"Casual,Simulation,Sports",2,0,2
1929850,"Adventure,RPG",0,0,0
1875280,"Action,Indie",19,16,3
1919910,"Adventure,Casual,Indie,RPG",5,5,0
1617770,Utilities,5,2,3
788330,"Action,Casual,Indie",6,6,0
622920,"Nudity,Violent,Action,Adventure,Indie,Racing,Simulation,Early Access",8,4,4
1457340,"Casual,Indie,RPG,Strategy",1,1,0
1250120,"Adventure,Casual,Indie,RPG",2,1,1
550390,"Adventure,Casual",12,8,4
1921780,"Casual,Indie,Simulation,Strategy",30,30,0
980360,"Casual,Indie,Early Access",1,1,0
352370,"Action,Indie,Strategy",19,12,7
1520570,Casual,2,2,0
891130,"Action,Casual,Free to Play,Indie",2,2,0
806100,"Casual,Indie,RPG,Simulation,Strategy",20,14,6
602540,"Action,Adventure,Indie,RPG,Early Access",6,2,4
670320,"Action,Adventure,Indie",2,2,0
604230,"Action,Adventure,Indie,Simulation,Strategy,Early Access",28,20,8
250050,"Action,Adventure,Casual,Indie",643,608,35
1630910,"Action,Casual,Indie",22,17,5
788640,"Action,Adventure,Indie,RPG",8,6,2
1024520,"Action,Indie",0,0,0
1648390,"Casual,Indie,Simulation,Sports,Early Access",261,246,15
1367090,"Casual,Indie",2,1,1
832990,"Action,Racing,Simulation",7,1,6
2062820,"Action,Adventure,Casual,Indie",1,0,1
1780150,"Action,Early Access",0,0,0
1077440,"Adventure,Casual,Indie,RPG,Strategy",0,0,0
842420,"Adventure,Free to Play,Indie",0,0,0
1378260,Adventure,5,5,0
1231920,"Action,Adventure,Indie,Strategy",0,0,0
409090,"Adventure,Casual",43,23,20
1813820,"Adventure,RPG",45,42,3
1269770,"Casual,Indie",0,0,0
938860,"Indie,RPG",39,37,2
703690,"Action,Indie",0,0,0
1986440,"Adventure,RPG",0,0,0
833030,"Action,Indie,Racing,Simulation,Strategy",28,22,6
1623440,"Action,Casual,Indie",3,2,1
32630,Action,193,166,27
910420,"Action,Casual,Indie",0,0,0
1121680,"Action,Free to Play,Indie",0,0,0
391220,"Action,Adventure",22156,20371,1785
236290,Casual,9,8,1
573300,"Action,Casual,Indie",20,17,3
1430340,"Casual,Indie",0,0,0
738130,"Action,Indie",1,1,0
1031840,Action,4,3,1
983980,"Adventure,Indie,Strategy",14,10,4
448390,"Free to Play,Indie,RPG",0,0,0
477190,"Action,Indie",3,3,0
1559990,"Casual,Indie,Strategy",4,3,1
1259330,"Action,Adventure,Casual,Indie",2,2,0
874240,"Action,Adventure,Free to Play,Massively Multiplayer,RPG",4,1,3
878270,"Action,Casual,Simulation",8,4,4
1335820,Action,12,12,0
1255050,"Indie,RPG,Simulation,Strategy",12,12,0
1913980,"Action,Adventure,Free to Play,Early Access",0,0,0
1515230,"Casual,Indie",359,296,63
997380,"Simulation,Early Access",219,201,18
2003870,"Action,Casual,Indie,Simulation,Early Access",0,0,0
1714850,"Indie,RPG,Strategy",0,0,0
438920,Strategy,44,33,11
1414270,"Casual,Indie,Strategy",4,4,0
540860,"Casual,Indie,RPG,Strategy",44,31,13
2060760,Casual,4,3,1
1457480,RPG,0,0,0
683320,"Adventure,Indie",16543,15826,717
1933140,"Indie,Strategy",0,0,0
1284430,"Action,Casual,Indie",4,3,1
780150,"Adventure,Indie",0,0,0
1193340,"Action,Adventure,Indie,Early Access",342,258,84
787650,"Action,Indie,Strategy",6,5,1
762080,"Action,Indie",40,28,12
1237330,"Casual,Indie",3,1,2
1688980,"Adventure,Indie,RPG",1,1,0
1473100,"Casual,Indie",1,1,0
552780,"Casual,Indie",15,12,3
517230,Casual,0,0,0
1113240,"Casual,Indie,RPG,Strategy",2,2,0
1190540,"Action,Adventure,Indie",0,0,0
872000,"Casual,Indie",1,1,0
1296440,"Adventure,Casual,Indie,Simulation",14,13,1
886380,"Casual,Indie",6,6,0
1582790,"Action,Indie,Early Access",4,4,0
1145740,"Indie,Simulation,Strategy,Early Access",15,5,10
1478590,"Action,Adventure",6,4,2
329630,Strategy,47,45,2
1832380,"Adventure,Indie,RPG",2,2,0
539320,"Action,Adventure,RPG",52,39,13
1795340,Casual,2,1,1
620220,"Action,Adventure,Indie,RPG",192,163,29
1876680,"Casual,Indie,Early Access",5,3,2
1605550,"Action,Casual,Free to Play,Early Access",0,0,0
685120,"Casual,Indie",3,3,0
812900,"Casual,Indie",1,1,0
1683000,"Action,Casual,Indie,Early Access",17,16,1
403690,"Action,Free to Play,Indie",1,1,0
1461230,Casual,1,1,0
1646730,"Adventure,Indie,Strategy",1,1,0
457520,"Action,Casual,Indie",61,45,16
1987490,"Casual,Indie,Strategy",0,0,0
1780450,"Action,Indie,Racing,Simulation,Sports",8,8,0
1176090,"Adventure,Casual,Indie",0,0,0
1469340,Indie,4,3,1
1225610,"Action,Indie",17,17,0
1068720,"Action,Casual,Indie",1,1,0
441870,"Casual,Indie,Racing",1397,1003,394
660520,"Action,Free to Play,Indie,Simulation",0,0,0
612820,"Action,RPG",20,16,4
1147460,Indie,2,2,0
1757240,Indie,2,2,0
407810,"Action,Adventure",746,605,141
353600,"Adventure,Indie,RPG",5,2,3
949500,"Indie,Simulation,Animation & Modeling,Video Production,Early Access",26,17,9
1867670,"Adventure,Free to Play",0,0,0
771410,"Casual,Indie",60,50,10
1252600,"Free to Play,RPG",0,0,0
1776600,"Casual,Indie",4,4,0
898240,"Sexual Content,Nudity,Casual,Indie,RPG",8,7,1
1446510,"RPG,Early Access",7,4,3
404480,"Adventure,Casual,Free to Play,Indie,RPG,Simulation",9,9,0
548330,"Adventure,Casual,Indie",31,30,1
1071970,"Casual,Indie",1,1,0
617750,"Violent,Action,Indie,Simulation,Strategy,Early Access",2,1,1
1560400,"Adventure,Indie",0,0,0
1602240,Utilities,0,0,0
390570,"Casual,Indie",26,10,16
799670,"Indie,Strategy",11,6,5
1499210,"Action,Indie",9,8,1
946600,"Indie,RPG",27,4,23
1522260,"Adventure,Casual,Free to Play,Indie,RPG",0,0,0
635270,"Action,Adventure,Indie,RPG,Strategy",2,1,1
1513780,"Indie,Simulation,Early Access",0,0,0
1364180,"Massively Multiplayer,Early Access",1,0,1
1384160,Action,15834,14848,986
873900,"Casual,Strategy",14,10,4
557420,"Action,Indie",3,2,1
500660,"Simulation,Sports",0,0,0
873790,"Action,Indie",13,8,5
584280,"Simulation,Strategy,Early Access",43,6,37
1570760,"Casual,Indie,Strategy",8,7,1
1450300,Strategy,10,8,2
337970,"Casual,Indie,Simulation,Strategy",9,5,4
1680670,RPG,7,6,1
1627610,Casual,6,6,0
257730,"Indie,Massively Multiplayer,Strategy",39,30,9
809870,"Action,Adventure,Indie,RPG",95,93,2
538880,Indie,1,1,0
777670,"Action,Adventure,Indie",42,40,2
546220,Adventure,19,16,3
716000,"Action,Indie",7,6,1
962710,"Casual,Indie",4,2,2
298600,"Action,Indie",980,915,65
527760,"Casual,Indie",30,16,14
879200,"Action,Adventure,Indie",5,4,1
954650,"Adventure,Indie,Strategy",840,707,133
1229090,"Adventure,Free to Play,RPG",0,0,0
1224420,"Action,Adventure,Indie",0,0,0
1361430,"Action,Adventure,Casual,Indie,RPG",1,1,0
825170,"Adventure,Casual,Indie",0,0,0
530390,"Casual,Indie,Strategy",403,385,18
1600080,"Casual,Indie",6,6,0
681670,"Action,Indie,Early Access",0,0,0
454170,"Adventure,Casual",5,5,0
950780,"Action,Indie",1,0,1
47120,Action,2,1,1
878030,"Indie,Strategy,Early Access",1,1,0
748370,"Action,Massively Multiplayer,Simulation",804,579,225
1100200,"Casual,Indie,Sports",21,19,2
1051210,"Indie,Sports",0,0,0
1032440,"Casual,Indie",1,1,0
1796180,"Casual,Indie",3,2,1
1797840,"Action,Adventure,Casual,Indie,Massively Multiplayer,Simulation,Sports,Strategy",12,12,0
1904320,"Action,Adventure,Indie,Early Access",0,0,0
769520,"Adventure,Indie,Early Access",1,1,0
1831630,"Casual,Simulation,Strategy",2,2,0
933290,"Action,Adventure,Casual,Free to Play,RPG,Strategy",0,0,0
995270,Adventure,12,9,3
1526350,"Adventure,Casual,Indie",14,14,0
362400,Strategy,12,5,7
1445240,"Action,Casual,Free to Play,Indie,Racing",0,0,0
779220,"Casual,Indie,RPG",0,0,0
1162590,Adventure,21,10,11
1398470,Indie,0,0,0
1422620,"Casual,Indie,Simulation",0,0,0
675140,"Action,Adventure,Indie",3,2,1
2072230,"Action,Indie",1,1,0
393430,"Indie,Simulation,Sports",189,162,27
973800,"Action,Indie",27,13,14
859700,"Action,Simulation,Sports",73,63,10
1479530,"Casual,Free to Play",0,0,0
1097400,"Action,Adventure,Casual,Indie,RPG",0,0,0
757730,"Indie,RPG",14,12,2
766850,"Casual,Indie,Simulation",58,32,26
2005080,Casual,0,0,0
2054510,"Action,Indie",0,0,0
1390830,"Action,Adventure,Indie,Simulation",0,0,0
1770460,"Action,Adventure,Casual,Simulation",51,47,4
1333860,"Adventure,Indie,RPG,Early Access",4,2,2
1440780,"Action,Adventure,Indie",5,4,1
1756060,"Action,Adventure,Indie",0,0,0
578330,Action,1808,1581,227
1033630,"Action,Casual,Indie",0,0,0
331400,"Action,Adventure,Casual,Indie,RPG",5,2,3
1526750,"Adventure,Indie",0,0,0
649810,"Adventure,Casual,Racing,Simulation",33,22,11
1936740,"Casual,Indie",0,0,0
1794860,"Action,Indie,Simulation,Early Access",4,3,1
1915580,"Indie,Racing",3,0,3
502700,"Action,Indie,Sports",10,9,1
560840,"Action,Adventure,Casual,Indie",1,0,1
1142390,Action,169,105,64
516120,"Action,Adventure,Indie",6,6,0
768820,"Casual,Indie",1,0,1
331750,Adventure,273,261,12
630080,"Action,Casual,Simulation,Sports",9,9,0
970180,"Action,Adventure,Indie",0,0,0
1798170,"Casual,Indie",7,7,0
676730,"Adventure,Indie",34,19,15
1394060,"Action,Adventure,Casual,Indie,RPG,Simulation,Strategy",2,0,2
1520060,"Casual,Indie",91,87,4
1806030,"Adventure,Casual,Indie,RPG,Strategy",16,8,8
1715980,"Action,Casual,Sports",25,22,3
837210,"Adventure,Casual,Indie,Simulation",5,1,4
1123570,"Casual,Free to Play,Indie,Simulation",0,0,0
1333430,"Adventure,Indie",1,1,0
1983940,"Free to Play,Massively Multiplayer,RPG",0,0,0
1945190,"Casual,Indie,Strategy,Early Access",0,0,0
656480,"Casual,Indie",6,4,2
820190,"Free to Play,Indie,Racing",0,0,0
595420,"Indie,Simulation,Sports,Strategy",115,71,44
1502710,Action,17,13,4
622830,Strategy,41,36,5
774221,Indie,16,15,1
946780,"Action,Adventure,Indie",24,23,1
364350,"Adventure,Indie",25,14,11
1790730,"Action,Adventure,Indie",0,0,0
339190,"Adventure,Indie",319,241,78
1525460,"Adventure,Casual,Indie,RPG",48,33,15
571860,"Action,Casual,Indie",13,8,5
391520,"Indie,Simulation,Early Access",5,3,2
816810,"Casual,Free to Play",0,0,0
566730,"Casual,Indie",0,0,0
1166790,"Casual,Indie,Strategy",0,0,0
1830840,Adventure,0,0,0
1972970,"Casual,Indie",0,0,0
662210,"Action,Adventure,Casual,Indie,RPG,Strategy",217,210,7
373970,"Casual,Indie",206,195,11
1414070,Indie,2,2,0
680480,"Violent,RPG",156,134,22
895170,"Action,Casual,Indie",3,3,0
1997520,"Casual,Indie",3,2,1
1574020,"Action,Casual,Indie",1,1,0
1052470,"Adventure,Indie,Early Access",1,0,1
562360,"Action,Casual,Indie",395,340,55
855390,Adventure,13,6,7
1025530,Strategy,7,5,2
1148420,"Action,RPG",0,0,0
526140,"Adventure,Casual,Indie",310,261,49
410210,"Indie,Racing",252,74,178
737510,"Action,Adventure,Indie",7,2,5
2063240,"Casual,Indie",0,0,0
1738880,"Indie,Strategy,Early Access",0,0,0
1304050,"Action,Adventure,Casual,RPG,Simulation",0,0,0
573710,"Casual,Simulation,Strategy",10,10,0
355350,"Action,Indie",30,25,5
1244370,"Action,Sports",0,0,0
398670,"Action,Indie,Strategy",6,3,3
1622270,"Action,Casual,Indie,Simulation,Strategy",5,2,3
488910,"Free to Play,Indie,Strategy",3,2,1
1191570,"Action,Adventure,Indie,RPG,Early Access",0,0,0
641080,Racing,1064,714,350
678190,"Adventure,Casual,Indie,Simulation",67,30,37
883080,"Casual,Indie",123,100,23
1535500,"Action,Casual,Indie,Racing,Simulation,Sports",14,10,4
1930130,"Casual,Indie",1,0,1
761770,"Indie,Simulation",2,1,1
789200,"Action,Casual,Indie,Massively Multiplayer",9,6,3
1491220,"Adventure,Indie",0,0,0
1283680,"Adventure,Strategy",1,0,1
971650,"Action,Indie,Simulation",30,16,14
1350710,RPG,0,0,0
911100,"Adventure,Casual,Indie,RPG",8,8,0
1188920,Utilities,0,0,0
699990,"Action,Casual,Indie,Simulation,Strategy",5,3,2
1105220,"Action,Adventure",0,0,0
1709260,"Adventure,Casual,Indie",16,10,6
1949720,"Adventure,Indie",0,0,0
708920,"Action,Indie",5,5,0
1062470,"Action,Adventure,Indie",1,0,1
1213750,"Action,Indie,Sports",468,445,23
441060,"Adventure,Indie",29,21,8
848230,"Action,Casual,Free to Play,Indie",3,2,1
1273920,"Adventure,Casual",9,9,0
1001380,"Action,Indie",5,3,2
1564550,Casual,21,20,1
389900,"Action,Strategy",141,76,65
541380,"Action,Indie,Racing",36,8,28
438360,"Action,Indie",4,2,2
1661270,"Indie,Simulation",0,0,0
205550,"Action,Casual,Indie",86,50,36
1011200,"Action,Casual,Indie,Simulation",0,0,0
1612870,"Adventure,Indie,Early Access",0,0,0
1841080,"Racing,Early Access",4,4,0
946380,"Adventure,Indie",10,9,1
1276710,"Action,Indie",0,0,0
1045850,"Adventure,Casual,Free to Play,Indie",0,0,0
845380,"Sexual Content,Nudity,Violent,Action,Casual,Indie",27,17,10
1576950,"Action,Adventure,Casual,RPG,Strategy,Early Access",0,0,0
913350,"Action,Adventure,Casual,Indie",1,0,1
960200,"Adventure,Indie",4,2,2
1879640,"Indie,RPG,Simulation,Strategy",1,1,0
1303440,"Action,Adventure,Free to Play,Indie",0,0,0
1293180,"Adventure,Casual,Indie,Simulation,Early Access",1197,1179,18
1251200,"Indie,Simulation",0,0,0
388900,"Indie,Strategy",74,53,21
1398280,Simulation,17,5,12
1680700,"Adventure,Free to Play,Indie,Massively Multiplayer",0,0,0
262120,"Action,Casual,Indie,Simulation,Strategy",463,344,119
552720,"Adventure,Indie,RPG",12,9,3
1716480,"Indie,RPG,Simulation",0,0,0
1732720,"Indie,RPG,Strategy",0,0,0
897560,"Action,Indie,Early Access",1,1,0
2027370,Indie,13,11,2
1813010,"Indie,Simulation,Strategy,Early Access",0,0,0
1736680,"Action,Adventure,RPG,Early Access",8,2,6
564940,"Adventure,Indie",36,29,7
1662690,"Action,Adventure,Early Access",0,0,0
1621750,Casual,2,1,1
1857850,"Casual,Indie",1,0,1
1256500,Casual,4,2,2
1482980,Strategy,0,0,0
820020,"Adventure,Indie,RPG,Strategy",105,66,39
921890,"Action,Adventure,Casual,Indie",2,2,0
1834340,"Free to Play,Indie,Massively Multiplayer",0,0,0
1388320,"Indie,Simulation",1,1,0
1326170,"Action,Adventure,Free to Play,Indie,RPG,Simulation",0,0,0
833540,"Action,Adventure,Indie",2,1,1
796930,"Action,Adventure,Indie,Racing,RPG,Sports",0,0,0
1640760,Casual,13,13,0
262410,"Free to Play,Indie,Simulation",120,87,33
1020930,"Casual,Indie",0,0,0
1416160,"Free to Play,Indie,RPG",0,0,0
1228570,"Adventure,Casual,Indie,Simulation",47,21,26
1625280,"Action,Adventure,RPG",0,0,0
2012630,"Casual,Indie",5,5,0
1391620,"Action,Adventure,Casual,Indie,Simulation",0,0,0
740320,Indie,10,6,4
447860,"Action,Adventure,Casual,Indie",15,9,6
92200,"Action,Indie",74,67,7
1519470,"Action,Adventure,Casual,Indie,Strategy",31,28,3
799810,"Adventure,Indie",23,16,7
1269820,"Indie,RPG",33,27,6
1234360,"Casual,Indie,Strategy",0,0,0
1659340,"Casual,Indie",10,10,0
336440,"Action,Adventure,Casual,Indie,RPG",51,43,8
1857340,"Action,Adventure,Indie,Simulation,Early Access",2,0,2
1475810,Action,2299,1943,356
1522540,"Adventure,Casual,Free to Play,Indie",0,0,0
828090,Utilities,2,0,2
1675300,"Adventure,Indie",0,0,0
1399210,"Adventure,Casual,Indie",2,2,0
699480,"Action,Adventure,Casual,Indie,RPG",10,3,7
816650,"Indie,Simulation",7,5,2
266090,"Adventure,RPG,Simulation",136,54,82
1739480,Action,4,4,0
833500,"Action,Indie,Early Access",22,22,0
288260,"Action,Casual,Indie,Strategy",52,41,11
828320,"Casual,Indie,Sports,Early Access",12,10,2
677340,"Indie,Strategy",532,456,76
786470,"Action,Indie,RPG,Early Access",0,0,0
1478080,"Action,Adventure,Indie",3,2,1
895750,"Action,Adventure,Casual,Indie",11,7,4
845820,"Indie,Simulation",5,3,2
1485650,"Casual,Indie,Strategy,Early Access",26,19,7
603010,"Casual,Indie",63,48,15
1653420,"Indie,Simulation",8,2,6
384330,"Indie,Racing",8,7,1
1224320,"Adventure,Casual",2,2,0
459550,"Casual,Indie,Simulation",67,48,19
878950,"Adventure,Indie",15,11,4
1984890,"Adventure,Casual,Indie,RPG,Simulation",0,0,0
1569930,RPG,3,1,2
1365560,"Action,Adventure,Indie",40,30,10
1026560,"Casual,Indie,Strategy",3,3,0
1805140,"Action,Adventure,Indie",13,10,3
1328560,"Casual,Indie",5,5,0
1601890,Action,1,1,0
260250,"Action,Indie",249,143,106
509110,"Casual,Indie",64,55,9
543960,"Simulation,Sports",64,37,27
694520,Casual,6,5,1
1577180,"Adventure,Indie,Early Access",0,0,0
1020780,"Action,Adventure,Free to Play,Indie,Massively Multiplayer,RPG",0,0,0
21090,Action,4753,4474,279
255870,Action,135,126,9
365890,Strategy,100,67,33
726630,Strategy,15,14,1
681460,"Adventure,Indie,RPG",18,14,4
1583910,"Casual,Indie",14,14,0
1897250,"Casual,Indie,RPG",34,25,9
1848450,"Action,Adventure,Indie",1299,1270,29
413350,"Adventure,Casual,Indie",1,0,1
1152310,RPG,52,48,4
929740,"Adventure,Casual,Indie",0,0,0
1437370,"Indie,Sports,Early Access",5,5,0
1299580,"Action,Adventure,Casual,Free to Play,Indie",0,0,0
284580,"Action,Indie,Strategy",12,4,8
1267010,"Casual,Indie,RPG,Simulation",20,15,5
2016240,Indie,4,4,0
1186720,RPG,3,2,1
559640,RPG,72,60,12
865720,"Adventure,Indie,RPG",8,3,5
465840,Action,31,25,6
1812070,"Action,Adventure,Casual,Simulation",120,85,35
65200,Simulation,60,22,38
981140,"Action,Adventure,Casual,Indie,Massively Multiplayer,Racing,RPG,Simulation,Sports,Strategy",5,1,4
1843860,"Adventure,Indie",8,6,2
881150,"Action,Indie",0,0,0
1312570,"Casual,Indie",0,0,0
242760,"Action,Adventure,Indie,Simulation",125560,119472,6088
849186,"Action,Adventure",0,0,0
1404180,"Adventure,Casual,Indie",0,0,0
442810,"Free to Play,Massively Multiplayer,RPG",3,0,3
451780,"RPG,Strategy",221,155,66
1132070,Indie,17,13,4
596000,"Adventure,Indie",71,58,13
209610,"Casual,Indie,Simulation",44,23,21
1948220,"Casual,Indie,Simulation",5,5,0
1034940,Adventure,194,186,8
519160,"Adventure,Casual,Indie",12,7,5
1804820,"Action,Indie",1,1,0
705700,"Action,Casual,Indie",11,4,7
1949340,"Casual,Simulation,Strategy",2,2,0
1773540,RPG,2,1,1
562510,Design & Illustration,10,7,3
430960,"Adventure,Casual,Indie,Simulation",1325,1248,77
1559100,Casual,19,15,4
686810,"Action,Indie,Massively Multiplayer,Simulation,Strategy",33152,29312,3840
1376840,"Casual,Indie",7,7,0
625460,"Action,Casual",3,3,0
324750,"Adventure,Casual,Racing",22,16,6
975240,Action,58,47,11
27940,"Action,Indie",205,66,139
1587130,"Action,Early Access",650,605,45
1828630,"Adventure,Free to Play,Indie,RPG",0,0,0
894010,"Indie,Strategy",2,2,0
454970,"Action,Adventure,Indie",6,4,2
1697310,"Action,Adventure,Indie",2,1,1
449540,"Casual,Indie",1738,1557,181
761930,"Action,Adventure,Indie",1,0,1
1467600,"Action,Adventure,Indie,RPG",2,0,2
350880,"Indie,Strategy",15,13,2
1280100,"Action,Free to Play,Indie,Massively Multiplayer,Simulation",0,0,0
260650,Action,83,51,32
1617600,"Action,Adventure",1,0,1
812060,"Action,Casual,Indie,Sports",0,0,0
612880,Action,11866,8965,2901
1118670,"Adventure,Indie",1,0,1
890570,"Action,Adventure,Indie,RPG,Strategy,Early Access",140,102,38
905790,"Action,Adventure,Indie",3,3,0
675410,"Casual,Free to Play,Indie,Massively Multiplayer,Strategy,Early Access",0,0,0
418170,"Indie,Racing,Simulation,Sports",2,0,2
1488020,"Adventure,Indie",1,0,1
1672470,"Action,Free to Play,Indie",0,0,0
876340,"Casual,Free to Play,Indie,Early Access",0,0,0
786710,"Action,Indie,Strategy",10,9,1
307860,"Action,Adventure,Indie,RPG",0,0,0
19020,"Casual,RPG",16,9,7
520670,"Action,Indie",34,27,7
776610,"Adventure,Casual,Indie,RPG,Early Access",3,1,2
664870,"Adventure,Indie",3,1,2
1780410,"Casual,Indie,Simulation,Strategy",0,0,0
1740420,"Casual,Indie",16,14,2
1219310,"Adventure,Casual,Indie,RPG,Strategy",0,0,0
1481620,"Casual,Indie",1,0,1
289090,"Adventure,Casual,Indie,RPG,Simulation",403,257,146
759610,"Adventure,Indie,Simulation",5,3,2
561080,"Adventure,Indie",43,40,3
1863520,"Adventure,Casual,Free to Play,Indie",0,0,0
716650,"Adventure,Casual,Indie",144,140,4
1309590,"Adventure,Indie,Early Access",0,0,0
742300,Action,1247,1130,117
325630,"Simulation,Strategy",131,61,70
727010,"Action,Casual,Indie,RPG",1,0,1
1153100,"Adventure,Indie",1,1,0
624680,"Action,Indie",13,11,2
651360,Indie,6,6,0
1684080,"Action,Adventure",31,26,5
486410,"Indie,Simulation,Early Access",4,3,1
402310,"Indie,RPG,Strategy",208,155,53
511820,"Casual,Indie,Strategy",13,8,5
544750,Action,4235,3507,728
1825900,"Casual,Indie,Strategy,Early Access",1,1,0
111010,"Adventure,Casual,Indie",48,26,22
342560,"Action,Indie,Strategy",3205,3092,113
1520390,"Adventure,Indie,Simulation",2,1,1
612070,"Adventure,Indie,RPG",453,324,129
1358730,Indie,1,1,0
757590,"Indie,Simulation,Early Access",17,8,9
1268350,"Casual,Indie,Simulation,Strategy,Early Access",39,29,10
883390,"Adventure,Casual,Indie",2,2,0
496340,"Adventure,Indie,RPG",75,47,28
2020770,"Action,Adventure,Casual,Indie,RPG",2,0,2
1255380,"Action,Casual,Free to Play",0,0,0
1699740,"Adventure,Indie",2,2,0
320320,"Action,RPG",216,167,49
1388570,"Action,Adventure,Indie",1,1,0
583590,Strategy,42,24,18
1961390,Simulation,12,12,0
1475650,"Adventure,Casual,Strategy",3,2,1
1806420,"Casual,Strategy,Early Access",11,8,3
1843710,"Action,Adventure,Indie,Strategy",3,2,1
757540,Simulation,4,2,2
649240,"Action,Casual,Indie,Sports",18,12,6
383150,Action,4678,3754,924
917290,"Action,Adventure,Casual,Indie",123,121,2
987590,"Casual,Indie",9,4,5
1285620,"Adventure,Casual",0,0,0
1507420,"Adventure,Casual,RPG",103,85,18
773360,"Action,Adventure,Casual,Indie",2,2,0
738560,"Adventure,Indie",12,9,3
331160,"Adventure,Racing",449,376,73
1580870,"Action,Casual,Indie,Early Access",0,0,0
1089290,"Simulation,Sports",0,0,0
296930,"Action,Adventure,Indie,RPG",89,71,18
1982230,"Action,Casual,Free to Play,Massively Multiplayer",0,0,0
1247570,"Action,Adventure,Indie",25,11,14
1359450,"Casual,Indie",0,0,0
1015020,"Adventure,Casual,Indie,RPG",11,9,2
1132300,"Casual,Indie",1,0,1
723090,RPG,837,802,35
1413440,"Casual,Indie",0,0,0
1432750,Indie,80,75,5
984660,Indie,20,12,8
764790,"Action,Indie",2902,2723,179
1927710,"Casual,Indie,Racing,Simulation,Sports",2,0,2
655710,"Action,Indie",9,2,7
1529550,"Adventure,Indie",65,36,29
806350,Simulation,4,4,0
1245080,"Action,Adventure,Casual,Indie",0,0,0
876170,"Racing,Simulation,Sports",0,0,0
1346310,"Action,Free to Play",0,0,0
428040,"Indie,RPG",28,26,2
1848290,Indie,0,0,0
873730,"Adventure,Indie,Strategy",1,1,0
1105770,"Casual,Indie,RPG",7,5,2
1217870,"Casual,Indie,Strategy",3,3,0
833230,"Action,Casual,Indie",0,0,0
345430,"Adventure,Indie",257,221,36
289400,"Action,Adventure,Simulation",72,35,37
392160,"Action,Simulation,Strategy",6679,5009,1670
1690990,"Action,Indie,Early Access",3,3,0
6310,"Action,Adventure,RPG",1104,1005,99
549880,"Sports,Early Access",1,1,0
724940,"Nudity,Violent,Adventure,Casual,Indie,Simulation",6,2,4
1124510,"Casual,Indie",1,0,1
1558070,"Action,Adventure,Casual,Indie,RPG,Simulation,Strategy",0,0,0
268520,"Action,Adventure,Indie",9,2,7
523640,"Action,Adventure,Indie,Simulation",93,36,57
673800,"Casual,Indie",253,208,45
1189440,"Adventure,RPG,Simulation,Strategy",38,30,8
1640210,"Action,Casual,Indie",4,4,0
1183260,"Adventure,Casual",10,10,0
1183140,"Action,Casual,Indie,Racing",4,4,0
1042880,"Action,Adventure",1,0,1
247870,"Indie,RPG,Simulation,Strategy",199,81,118
1152040,"Adventure,Casual",5,4,1
1239320,"Adventure,Casual,Indie,Simulation",627,536,91
1841780,"Action,Adventure,Casual,Indie,RPG,Simulation",11,5,6
724910,Casual,0,0,0
1042290,"Casual,Indie",3,0,3
467360,"Adventure,Free to Play,Indie",27,23,4
286790,Simulation,4,0,4
830510,"Action,Casual,Indie",2,0,2
1734560,"Action,Indie",0,0,0
433850,"Action,Adventure,Free to Play,Massively Multiplayer",38730,19659,19071
1203450,"Action,Adventure,Casual,Indie,RPG,Simulation,Sports,Strategy",0,0,0
1674240,"Casual,Indie,Simulation",6,6,0
356270,Strategy,78,57,21
1007940,"Adventure,Casual,Indie,Simulation,Strategy",14,11,3
1507180,"Casual,Indie,Strategy",13,11,2
839570,"Casual,Indie",16,13,3
1601360,"Indie,Sports",4,3,1
1988730,"Indie,Simulation,Strategy",1,1,0
1920120,"Indie,Early Access",0,0,0
1362750,"Adventure,Casual,Indie",1,1,0
34281,Action,4,4,0
1285920,"Action,Indie,Racing,Simulation,Sports,Early Access",151,137,14
316480,"Adventure,Indie",25,20,5
780160,"Casual,Racing,Early Access",7,2,5
856390,"Action,Indie,Early Access",1,1,0
1603480,"Action,Adventure,Indie",2,2,0
1148090,Casual,6,6,0
1188100,"Action,Indie,Strategy",1,1,0
706310,"Action,Indie,Strategy",0,0,0
823770,"Adventure,Casual,Indie",7,1,6
555850,"Action,Casual,Indie,Simulation,Strategy,Early Access",5,2,3
291640,Adventure,46,24,22
282860,"Action,Indie,RPG,Simulation",103,31,72
1494190,"Adventure,Casual,Indie,RPG,Simulation",2,2,0
1303990,"Indie,Racing",86,80,6
965610,"Indie,Strategy",56,53,3
1408400,"Action,Adventure,Strategy",1,0,1
369000,"Action,Adventure,Casual,Indie,Strategy",187,129,58
785480,"Violent,Adventure,Casual,Simulation",218,191,27
1134470,"Adventure,Indie,Simulation,Early Access",2,2,0
1532110,"Free to Play,Simulation",0,0,0
757080,"Adventure,Indie,RPG",12,10,2
569590,"Action,Adventure,Indie",4,2,2
730550,"Animation & Modeling,Early Access",0,0,0
1765600,"Adventure,Indie",2,2,0
240970,"Action,Indie,RPG",280,258,22
834440,"Action,Adventure,Indie",4,4,0
1461410,"Indie,Simulation,Early Access",1,1,0
929180,"Adventure,Casual,Simulation",4,4,0
1276540,"Adventure,Casual",21,17,4
470780,Indie,66,65,1
377260,"Action,Free to Play,Indie",0,0,0
759000,"Casual,Indie",53,48,5
1460540,"Free to Play,Indie,Simulation,Strategy",0,0,0
894630,"Indie,Strategy",260,212,48
855530,"Adventure,Indie,RPG",9,8,1
341890,"Action,Indie",13,8,5
1699390,Adventure,12,11,1
800530,"Casual,Indie",1,0,1
667450,Action,1,0,1
1433130,"Casual,RPG,Simulation",1,0,1
1827980,"Casual,Free to Play,Indie,Simulation,Strategy",0,0,0
537750,"Adventure,Indie",1,0,1
1217100,"Action,Adventure,Free to Play,Indie",0,0,0
1590910,"Action,Indie",743,661,82
731720,"Action,Adventure,Indie,Simulation",58,33,25
1833130,"Action,Indie",0,0,0
1531550,"Action,Adventure,Casual,Indie,RPG,Simulation",37,33,4
1745550,Action,0,0,0
1192160,"Adventure,Indie,Simulation",1,1,0
336530,"Animation & Modeling,Design & Illustration,Photo Editing,Software Training,Utilities,Video Production",16,9,7
1486350,"Free to Play,Animation & Modeling,Design & Illustration",0,0,0
1410740,"Adventure,Indie",2,0,2
24980,RPG,8429,7884,545
1174550,"Adventure,Casual,Indie,Massively Multiplayer,Simulation,Early Access",23,14,9
669440,"Adventure,Free to Play,Indie",0,0,0
1690580,Education,4,2,2
758210,"Adventure,Simulation,Early Access",0,0,0
1457660,"Action,Adventure,Casual,RPG,Strategy",0,0,0
873810,"Action,Free to Play,Indie,Early Access",0,0,0
1806090,"Simulation,Design & Illustration",6,3,3
1486050,Strategy,11,8,3
1724000,"Action,Adventure,Casual,Indie",29,29,0
1179570,"Action,Indie",3,3,0
1780990,"Casual,RPG",0,0,0
688620,"Casual,Indie,RPG,Strategy",2,1,1
679480,"Violent,Gore",3,1,2
1216300,"Action,Adventure,Casual,Indie,Simulation",10,9,1
2013800,"Action,Adventure,Indie",1,1,0
1263410,"Adventure,Casual,Indie",4,3,1
1712810,"Indie,Strategy",10,10,0
757290,"Casual,Indie",0,0,0
1899430,"Adventure,Casual,Indie",19,15,4
532900,"Action,Indie",3,3,0
1248520,"Action,Indie",0,0,0
543120,"Indie,Sports",1,0,1
1212360,"Animation & Modeling,Utilities",0,0,0
1982050,"Action,Casual,Indie,RPG",1,1,0
1219420,"Action,Indie,Strategy",5,4,1
1397060,"Casual,Indie",8,7,1
796130,"Adventure,Indie,Simulation",4,3,1
1452130,"Adventure,Casual,Indie",8,8,0
1063040,"Action,Adventure",46,39,7
1163090,"Casual,Indie,Sports",32,31,1
963910,"Action,Adventure,Indie",0,0,0
1977230,"Adventure,Casual,Indie,RPG",3,2,1
1201810,"Casual,Strategy",31,20,11
1667730,"Action,Adventure,Free to Play",0,0,0
228320,"Action,Adventure,Indie,Strategy",96,44,52
640090,"Adventure,Indie",15,13,2
283920,"Adventure,Casual",120,115,5
716090,"Casual,Strategy",12,7,5
1175460,"Action,Adventure,Indie,RPG",515,484,31
1151180,"Action,Adventure,Indie",4,4,0
1904280,"Casual,Indie,RPG,Strategy,Early Access",27,15,12
521200,"Adventure,Free to Play,Indie,RPG",15,15,0
771560,RPG,0,0,0
856490,"Indie,Simulation",19,8,11
248470,"Action,Adventure,Indie",202,113,89
754350,"Action,Free to Play,Massively Multiplayer,RPG,Strategy",0,0,0
684980,"Casual,Indie",5,4,1
843400,"Action,Adventure,Casual,Indie,RPG",1,0,1
1874810,"Casual,Free to Play",0,0,0
838790,"Action,Adventure,Indie",3,2,1
826050,Casual,2,1,1
1868280,"Casual,Racing,Simulation,Sports,Strategy",5,3,2
677820,"Indie,Simulation,Strategy",13,4,9
932980,"Simulation,Sports",125,80,45
1010520,"Action,Adventure,Indie,Simulation",2,0,2
1897130,"Action,Casual,Simulation",0,0,0
463470,"Action,Adventure,Indie,Strategy",10,7,3
1517110,"Casual,Indie,Strategy",1,1,0
1540440,"Action,Adventure,RPG",4,3,1
487000,"Action,Adventure,Indie,RPG",649,530,119
817950,"Action,Adventure,Casual,Free to Play,Indie,Racing,RPG,Simulation,Sports",3,1,2
718490,"Casual,Indie,Strategy",3,3,0
837640,"Action,Casual,Early Access",0,0,0
327690,"Action,Free to Play,Strategy",12,12,0
1266450,"Casual,Indie",0,0,0
429780,"Indie,Sports",283,202,81
1104910,"Action,Indie",0,0,0
1674840,"Casual,Simulation",4,2,2
1747430,"Action,Casual,Indie,Massively Multiplayer,Early Access",2,2,0
763490,"Action,Simulation,Sports",1,1,0
631240,"Adventure,Casual",3,1,2
1553570,Casual,3,1,2
783210,Strategy,138,107,31
1064130,Simulation,38,37,1
1806000,"Casual,Indie",25,20,5
268340,"Action,Adventure,Indie,RPG",16,13,3
937300,"Adventure,Indie",65,58,7
819480,"Action,Adventure,Casual,Indie",26,24,2
944260,"Casual,Indie",5,3,2
1054980,Indie,5,4,1
365930,"Action,Indie",0,0,0
1616210,"Adventure,Casual",5,2,3
346200,"Adventure,Indie",5,4,1
1104150,"Adventure,Indie",0,0,0
764560,"Casual,Indie",23,16,7
1760990,"Adventure,Indie,RPG,Simulation",2,0,2
496790,"Casual,Indie,Simulation,Sports",6,4,2
1848430,"Casual,Indie",0,0,0
1189050,"Action,Casual,Indie,RPG,Strategy",35,21,14
1209980,"Action,Adventure,Early Access",0,0,0
866190,"Adventure,Indie",166,146,20
1512950,"Action,Early Access",1,0,1
1173510,"Utilities,Early Access",446,415,31
1813270,"Adventure,Casual",54,39,15
954400,"Casual,Indie",1,1,0
1701660,Casual,25,15,10
614630,"Adventure,Casual,Indie,Simulation",224,168,56
1792860,"Casual,Indie,Strategy",0,0,0
348790,"Adventure,Indie",16,10,6
888200,"Action,Adventure,RPG,Strategy",0,0,0
833760,"Action,Adventure,Casual,Simulation,Strategy",0,0,0
397820,Casual,25,11,14
2027530,"Free to Play,Indie,RPG",0,0,0
1875540,"Action,Adventure,Casual,Free to Play,Indie",0,0,0
1156970,"Casual,Indie,Strategy",0,0,0
1648460,"Adventure,Indie,RPG,Simulation,Strategy,Early Access",4,1,3
343800,"Adventure,Indie",36,27,9
1042090,"Adventure,Indie",9,8,1
1030520,"Casual,Indie",0,0,0
1909040,"Action,Adventure,Casual,Free to Play,Indie",0,0,0
350210,"Action,Indie,Strategy",28,21,7
211740,"Action,Simulation",1040,987,53
1575520,"Action,Casual,Early Access",24,15,9
212680,"Indie,Simulation,Strategy",38461,36916,1545
860000,"Action,Adventure,Casual,Indie,Racing,Simulation",5,3,2
894730,"Adventure,Casual,Indie",6,3,3
1013950,Action,3,3,0
1431620,"Action,Casual,Indie",1,0,1
1808780,Casual,22,17,5
1060170,"Adventure,Indie",7,6,1
254200,"Adventure,Casual,Indie,RPG,Simulation,Strategy",1973,1424,549
820380,"Violent,Gore,Action,Adventure,Indie",25,15,10
314560,"Action,Adventure,Indie,RPG",79,45,34
1042860,"Action,Indie",2,2,0
1220080,"Action,Adventure,Racing,Sports",11,9,2
668730,"Adventure,Casual,Free to Play,Indie,RPG,Strategy",6,4,2
463120,"Action,Casual,Strategy",0,0,0
737840,Simulation,5,3,2
1610070,"Action,Early Access",0,0,0
1943930,"Casual,Indie",2,1,1
1136420,"Action,Casual,Indie",1,1,0
1765280,"Adventure,Indie",0,0,0
1156250,"Adventure,Indie,Simulation",95,76,19
1207800,"Action,Adventure,Free to Play,Indie,RPG",0,0,0
314070,"Indie,Simulation,Sports",541,496,45
1025440,Strategy,428,352,76
586980,"Action,Indie,Racing,Simulation,Sports",17,7,10
966720,Sports,21,16,5
1451150,Design & Illustration,2,1,1
1911960,"Indie,RPG,Strategy",19,10,9
570600,"Action,Indie",2,2,0
1689150,RPG,3,2,1
1608290,Adventure,220,203,17
486120,"Adventure,Casual",6,3,3
331980,"Adventure,Casual,Indie",36,18,18
257260,"Adventure,Casual",62,59,3
1257890,"Action,Adventure,RPG",4,4,0
395930,"Casual,Indie,Simulation,Strategy",25,20,5
1555400,"Casual,Indie,Strategy",34,29,5
931940,"Action,Indie,Early Access",0,0,0
372190,Free to Play,0,0,0
226820,Adventure,157,146,11
1787390,"Adventure,Casual,Indie",0,0,0
1862980,Indie,0,0,0
493780,"Action,Indie,Simulation",1,0,1
1522690,Action,0,0,0
1238020,"Action,RPG,Strategy",921,672,249
573530,"Adventure,Indie",5,3,2
700160,"Action,Adventure,Casual,Indie",109,97,12
497190,"Action,Casual,Indie",4,3,1
1914770,"Casual,Indie,Strategy",2,2,0
878880,Education,1,0,1
1859760,Casual,10,9,1
1252170,"Adventure,Casual,Indie,RPG,Simulation,Strategy",14,11,3
578050,"Action,Casual,Indie,Early Access",0,0,0
1590150,"Action,Indie",4,1,3
1849880,"Adventure,Indie",1,1,0
1051260,"Indie,Simulation",8,2,6
1423680,"Action,Massively Multiplayer,Simulation",1,1,0
1979480,"Casual,Indie",1,1,0
1401220,"Casual,Indie,RPG,Simulation",1,0,1
1626680,"Action,Free to Play,Sports,Early Access",3,2,1
1654350,"Action,Adventure,Casual,Indie",0,0,0
259430,"Action,Indie,RPG",173,129,44
254480,"Action,Adventure",228,171,57
1101940,"Adventure,Casual,Indie,Strategy",6,4,2
990390,Casual,2,2,0
1033100,"Casual,Free to Play",0,0,0
718030,"Action,Free to Play,Indie",6,6,0
618840,"Action,Adventure,Casual,Indie,RPG,Early Access",3,0,3
1609030,"Action,Indie",3,3,0
928460,Casual,10,3,7
512560,"Free to Play,Strategy",2,0,2
618270,"Adventure,Casual,Indie,Simulation,Strategy",13,7,6
982380,"Free to Play,RPG,Strategy,Early Access",0,0,0
1407080,"Action,Casual,Indie,Simulation,Sports",13,9,4
1270440,"Action,Indie",1,1,0
1143440,"Casual,Indie",4,4,0
1804760,"Casual,Indie",18,17,1
981040,"Action,Indie",0,0,0
1445650,"Action,Casual,Indie,Strategy",2,2,0
635060,"Action,Indie,RPG",31,18,13
632290,"Sexual Content,Adventure,Casual,Indie",12,6,6
418960,"Action,Adventure,Casual,Indie",3,0,3
1803020,"Simulation,Strategy",5,5,0
1081170,"Action,Adventure,Indie",0,0,0
18700,"Action,Indie",195,142,53
2018900,"Action,Casual",0,0,0
1292490,Casual,16,10,6
951690,"Action,Adventure,Indie",0,0,0
932450,RPG,7,7,0
1599430,"Action,Adventure,Indie",0,0,0
809000,Adventure,47,30,17
773120,"Action,Adventure,Casual,Indie,Sports",8,2,6
945590,"Adventure,Casual,Indie,Simulation",6,5,1
749430,"Casual,Strategy",1,1,0
1283770,"Action,Adventure,Indie",62,24,38
310370,"Free to Play,Indie",33,21,12
1312960,"Adventure,Indie,RPG,Simulation",110,88,22
1438950,"Adventure,Casual,Free to Play,Indie,RPG,Strategy",1,1,0
1160780,"Adventure,Indie,RPG,Simulation,Strategy",2,1,1
1142290,"Adventure,Casual",2,1,1
675630,"Casual,Free to Play,Indie",22,22,0
1575950,"Adventure,Casual,Indie",5,5,0
1662940,Indie,4,0,4
1886200,"Action,Adventure,Indie",12,10,2
15910,Casual,10,8,2
202370,Action,39,25,14
581310,"Action,Indie,Racing",21,6,15
1437340,Simulation,154,149,5
1481780,Action,154,151,3
1668880,"Casual,Indie",7,7,0
1351360,"Casual,Simulation,Early Access",32,21,11
12430,Casual,68,15,53
679570,Video Production,3,3,0
465660,"Indie,Simulation,Sports,Strategy",62,34,28
838440,"Action,Adventure,Indie,Racing,Simulation",0,0,0
1980920,"Casual,Free to Play,Animation & Modeling,Design & Illustration,Utilities,Game Development,Early Access",0,0,0
1600130,"Casual,Indie",8,7,1
454260,"Action,Adventure,Indie,RPG,Early Access",4,2,2
2022650,Casual,0,0,0
1583170,"Action,Indie,Strategy",8,8,0
1783180,"Action,Adventure,Indie,Simulation,Strategy",0,0,0
1217200,"Action,Adventure,Free to Play,Indie",0,0,0
1350210,Action,0,0,0
1778890,RPG,1,0,1
674420,"Action,Adventure",5,2,3
312440,Strategy,18,10,8
520470,"Casual,Indie",32,24,8
464110,"Adventure,Indie",5,5,0
38720,"Casual,Indie,Strategy",515,455,60
1118350,"Action,Indie",16,12,4
801880,"Action,Massively Multiplayer,Racing,Simulation",86,43,43
810420,Casual,6,5,1
1180070,"Action,Indie,Early Access",1,1,0
929290,"Casual,Indie",11,6,5
891430,"Action,Free to Play,Indie,Early Access",0,0,0
1230200,"Adventure,Indie,RPG",25,21,4
799060,"Action,Indie,Simulation,Strategy",0,0,0
658490,"Racing,Simulation,Early Access",47,33,14
1306840,"Action,Casual,Free to Play,Indie,RPG",0,0,0
1645150,"Casual,Strategy,Early Access",0,0,0
985950,"Action,Adventure,Indie,RPG",219,162,57
1698930,"Action,Indie",8,8,0
608630,"Action,Adventure,Indie",6,6,0
831910,"Action,Adventure",1,1,0
436070,"Adventure,Indie,RPG,Strategy",27,24,3
696910,Action,5,5,0
1338140,"Casual,Indie,Early Access",3,2,1
704970,"Action,Indie",0,0,0
1633050,"Action,Adventure,Indie,RPG",3,3,0
981600,"Action,Adventure,Free to Play,Indie,RPG,Early Access",0,0,0
694680,"Action,Adventure,Indie",51,38,13
951260,"Action,Adventure,Indie,RPG,Strategy",118,89,29
1435210,"Action,Casual,Indie,Simulation",2,0,2
115110,"Adventure,Indie",576,524,52
498680,"Adventure,Indie",4,1,3
622220,Action,1091,1031,60
579330,"Action,Adventure,Indie,RPG",8,1,7
1943510,"Adventure,Casual",0,0,0
342500,"Indie,Simulation,Strategy",20,4,16
1321400,"Action,Adventure,Indie",7,6,1
311730,Action,1488,969,519
58200,"Adventure,Casual,Indie",177,155,22
307210,"Action,Indie,RPG",25,13,12
1133790,"Action,Adventure,Casual,Indie",24,22,2
1420100,Indie,0,0,0
657240,"Indie,Racing,Simulation",681,636,45
788390,"Casual,Indie,Simulation",12,10,2
672680,"Free to Play,Massively Multiplayer,Simulation,Strategy",4,2,2
886020,"Casual,Indie",3,0,3
1826450,Simulation,5,4,1
1800580,"Adventure,Casual",0,0,0
1438090,"Action,Adventure",29,28,1
215530,"Action,Adventure,Indie,RPG",2720,2197,523
32730,Simulation,77,48,29
554810,Adventure,75,62,13
1416290,"Action,Casual,Indie",11,10,1
1376370,"Adventure,Casual,Indie,Simulation,Strategy",0,0,0
776160,Indie,3,3,0
1661940,"Casual,Indie",0,0,0
887450,"Action,Adventure,Casual,Indie,RPG",129,100,29
1215120,"Casual,Indie",1,1,0
1816650,"Adventure,Casual",10,9,1
1788270,"Casual,Free to Play,Indie,Massively Multiplayer,RPG,Simulation",0,0,0
606030,Action,6,3,3
1291240,"Free to Play,Indie,Simulation",0,0,0
851800,"Action,Adventure,Casual,Indie,RPG,Early Access",46,40,6
1720210,"Action,Casual,Simulation,Sports,Early Access",9,8,1
1598590,"Casual,Indie,Strategy",0,0,0
1181360,"Action,Casual,Indie",0,0,0
1161120,"Adventure,Indie",1,1,0
1094920,"Action,Adventure,Casual,Indie",24,14,10
1018750,"Action,Casual,Free to Play,Indie",0,0,0
1999030,"Adventure,Casual,Indie,Strategy",0,0,0
1360280,"Action,Casual,Indie",0,0,0
903780,"Action,Adventure,Indie,RPG",6,5,1
578620,"Action,Indie",6123,5793,330
1928290,"Adventure,Casual,Indie",2,2,0
574200,Action,65,43,22
534780,"Action,Casual,Indie,Early Access",7,6,1
388600,"Design & Illustration,Education,Utilities,Game Development",13,11,2
784100,"Adventure,Casual,Indie",5,5,0
681690,"Action,RPG",2,1,1
1818800,"Casual,Indie",1,1,0
1601930,"Action,Adventure",0,0,0
1283410,"Action,Adventure,Indie",1409,1285,124
1107350,"Adventure,Casual,Indie,Strategy",5,3,2
364670,"Action,Adventure,Casual,Indie,RPG,Strategy,Early Access",5,2,3
1385700,"Action,Adventure,Casual,Indie,Simulation",7,7,0
1037760,"Indie,Strategy",20,15,5
34810,"Action,Simulation",69,58,11
633440,"Action,Indie",7,2,5
1163320,"Action,Adventure,Indie",4,1,3
760060,"RPG,Strategy",5575,4995,580
1271340,"Casual,Indie,Simulation",7,7,0
351790,"Adventure,Free to Play,Indie",3,3,0
1302730,"Action,Indie",6,5,1
1483340,"Action,Casual,Free to Play,Indie,Racing,Simulation",0,0,0
373860,"Adventure,Casual",8,3,5
1016980,"Action,Indie,RPG",5,3,2
1307250,"Action,Adventure,Casual,Indie,Simulation,Sports",3,3,0
1213910,"Action,Indie,RPG",0,0,0
366670,"Adventure,Casual,Indie",14,10,4
496390,"Action,Indie",8,4,4
15930,Casual,41,39,2
1170130,Utilities,0,0,0
1811430,"Action,Indie",0,0,0
600230,"Action,Indie",0,0,0
1812200,"Casual,Indie,Racing",0,0,0
563810,"Adventure,Indie",43,37,6
1250220,"Action,Adventure,Indie,Simulation",42,20,22
1686600,"Casual,Indie",0,0,0
358270,Racing,95,93,2
554180,"Adventure,Indie",29,24,5
791180,"Action,Adventure,Indie",163,143,20
550160,"Action,Adventure,Simulation",17,17,0
839560,"Free to Play,Indie",0,0,0
575060,"Casual,Indie,Early Access",0,0,0
612390,"Action,Indie",255,213,42
217750,"Action,Adventure,Free to Play,Massively Multiplayer,RPG",17,11,6
1335970,"Casual,Indie",3,2,1
2060510,"Casual,Indie",3,2,1
1225260,"Adventure,Casual,Indie,RPG",8,5,3
200190,"Adventure,Indie",27,15,12
1365700,Strategy,1,0,1
1400150,"Action,Casual,Indie,Early Access",5,3,2
1434350,"Indie,RPG",12,11,1
546800,"Action,Adventure,Indie,RPG,Strategy",1,1,0
337480,"Action,Adventure",69,47,22
878820,"Adventure,Indie,Strategy",1,0,1
935320,"Action,Indie",1,1,0
732480,"Casual,Simulation,Early Access",7,4,3
1677430,"Action,Adventure,Casual,Indie",1,1,0
447200,Adventure,97,85,12
271240,"Indie,Simulation,Strategy",2420,1884,536
912210,"Action,Adventure",2,1,1
1360890,"Adventure,Indie,RPG,Strategy",0,0,0
1434000,Adventure,0,0,0
1677360,"Action,Indie",34,33,1
1458900,"Adventure,Indie",0,0,0
1330370,"Action,Adventure,Indie",4,2,2
539300,Casual,52,15,37
790710,"Action,Free to Play,Massively Multiplayer,Simulation",11,8,3
666020,"Adventure,Casual,Indie,RPG,Simulation,Early Access",596,530,66
597990,"Action,Adventure,Casual,Indie",2,1,1
632830,Casual,0,0,0
1694100,Indie,0,0,0
1354060,"Action,Adventure,Casual,Indie,RPG,Simulation",11,8,3
1688040,Video Production,5,4,1
907590,"Casual,Indie",6,1,5
1591410,"Action,Indie",0,0,0
1422740,"Casual,Simulation",1,1,0
775590,"Action,Casual,Indie,RPG,Strategy",0,0,0
1957940,"Action,Adventure,Indie",2,2,0
1765800,"Action,Adventure,Casual,Indie",1,0,1
1275030,"Action,Adventure,Indie",0,0,0
1028990,"Adventure,Strategy",1,0,1
307940,"Action,Adventure,Indie",200,158,42
223220,"Action,Indie",490,397,93
751440,Adventure,673,490,183
957220,"Adventure,Casual,Indie",2,1,1
407190,"Simulation,Sports,Strategy",9,4,5
1506640,"Action,Indie",0,0,0
250360,"Utilities,Video Production",15,11,4
1163040,"Casual,Strategy",74,58,16
1251850,RPG,40,32,8
561010,"Casual,Indie",9,6,3
361930,"Casual,Indie,Simulation",21,18,3
1089820,"Indie,Simulation",20,14,6
976230,"Action,Adventure,Casual,Indie,RPG,Simulation,Strategy,Early Access",7,5,2
857770,"Action,Indie",4,4,0
1756120,"Action,Adventure,Casual,Indie,RPG,Simulation",27,8,19
1259430,"Casual,Free to Play,Indie",0,0,0
1075750,"Adventure,Casual",7,6,1
1458920,"Adventure,Indie",64,59,5
1798470,"Action,Indie,Strategy",1,1,0
757850,"Adventure,Indie",6,6,0
590910,"Free to Play,Indie,Strategy",0,0,0
570110,"Action,Adventure,Indie,RPG",3,3,0
1052550,"Casual,Indie,Simulation,Sports,Strategy",7,4,3
434000,"Adventure,Casual,Indie",340,310,30
839420,"Action,Adventure,Indie",41,33,8
895670,"Action,Free to Play",0,0,0
408990,"Indie,Strategy,Early Access",433,180,253
530110,"Action,Casual,Indie,RPG,Simulation,Strategy,Early Access",18,9,9
1399040,"Indie,Strategy,Early Access",1,1,0
1534290,Indie,9,7,2
503350,"Action,Adventure,Indie,Strategy",797,621,176
962270,"Adventure,Indie",0,0,0
1852990,"Action,Adventure,Casual,Indie",12,11,1
1489900,Casual,0,0,0
969220,"Casual,Free to Play,Indie",4,4,0
1779680,Action,0,0,0
998570,"Indie,RPG,Strategy",18,13,5
1128270,"Adventure,Casual,RPG,Simulation,Strategy",9,7,2
1199660,"Casual,Indie",69,66,3
576420,"Action,Adventure,Indie,RPG,Strategy",51,49,2
588140,"Action,Indie",1,0,1
1356160,"Action,Free to Play,RPG",0,0,0
802260,"Action,Indie,Early Access",3,3,0
1760510,Indie,0,0,0
32360,Adventure,2200,2120,80
917220,"Action,Indie",0,0,0
1693200,"Action,Adventure,Casual,Indie,Strategy",23,22,1
1693540,"Action,Casual,Indie,Early Access",0,0,0
1424310,"Adventure,Casual,Indie,Simulation",2,0,2
1253710,"Indie,Simulation,Strategy",181,132,49
1538420,"Indie,Strategy",0,0,0
1680380,Strategy,0,0,0
935340,"Action,Adventure,Indie,Early Access",0,0,0
340860,"Action,Indie,Simulation",65,52,13
337420,"Action,Adventure,Casual,Indie",59,36,23
352810,"Adventure,Indie",12,8,4
1415540,"Indie,Massively Multiplayer,Strategy,Early Access",1,0,1
1341980,"Action,Casual,Indie",0,0,0
1733100,"Adventure,Indie",3,3,0
1761450,"Casual,Indie",8,8,0
1272750,"Action,Indie",0,0,0
465180,"Adventure,Casual,Indie",21,20,1
627420,"Adventure,Indie",1,1,0
1654620,"Adventure,Indie",0,0,0
556890,"Adventure,Casual,Indie",41,32,9
642670,Simulation,0,0,0
1222000,"Casual,Indie,Strategy",5,4,1
1249070,"Action,Indie,RPG",9,8,1
1771200,Action,9,9,0
1632650,Indie,7,6,1
1798970,Indie,14,12,2
1259990,"Adventure,Casual,Indie",2,1,1
1362310,"Action,Indie,Simulation",26,19,7
1980680,"Action,Adventure,Casual,Simulation,Strategy",0,0,0
638130,"Action,Indie",56,44,12
325860,"Action,Indie,Strategy",10,10,0
879920,Action,0,0,0
1871420,"Casual,Indie,Simulation,Strategy",0,0,0
809180,"Action,Adventure,Indie,Simulation,Early Access",6,5,1
1279590,Strategy,26,17,9
425560,Utilities,1,1,0
1313860,"Simulation,Sports",12843,9707,3136
1632420,"Action,Adventure,Casual,Indie",11,7,4
931210,"Indie,Simulation,Sports,Early Access",2,1,1
684970,"Action,Adventure,Casual,RPG,Early Access",3,1,2
1435010,RPG,72,62,10
1645070,"Action,Casual,Indie,Early Access",4,4,0
960030,"Action,Casual,Indie",17,15,2
985280,"Action,Adventure,Casual,Indie,Strategy",1,0,1
1826070,"Action,Adventure,Indie",2,2,0
519860,"Action,Indie",11838,11621,217
1238480,Action,0,0,0
948200,"Casual,Indie,Simulation,Sports",2,0,2
1483470,"Casual,Indie",10,10,0
661110,"Action,Adventure,Indie,RPG",2,1,1
31300,Action,23,5,18
1352520,"Action,Adventure",0,0,0
1278290,"Action,Casual,Indie",8,8,0
1264550,"Casual,Free to Play,Indie",0,0,0
963930,"Action,Casual,Indie,Simulation",1616,1326,290
1981860,"Adventure,Casual,Indie,Early Access",7,7,0
414340,"Action,Adventure,Indie",20913,19169,1744
1293900,"Action,Casual,Indie",22,22,0
1380010,"Indie,Simulation,Strategy",56,43,13
1191330,"Indie,Massively Multiplayer,RPG,Early Access",0,0,0
1028880,RPG,1,0,1
1329080,"Adventure,Indie,Simulation",15,14,1
1067030,"Adventure,Free to Play,RPG",0,0,0
709490,"Action,Adventure,Indie,RPG",4,2,2
467480,"Indie,Simulation,Early Access",9,5,4
1180650,"Action,Adventure,Indie,Simulation,Early Access",15,11,4
1095650,"Action,Indie",4,1,3
797610,"Action,Casual,Indie",10,10,0
459840,"Action,Adventure",30,30,0
1129610,"Casual,Indie,RPG",0,0,0
983290,"Adventure,Indie",24,19,5
963490,"Indie,Simulation,Strategy",4,3,1
1109100,Adventure,0,0,0
357720,"Action,Casual,Indie",96,78,18
1212480,"Casual,Indie",0,0,0
988240,"Action,Casual,Indie,Racing,Sports",25,15,10
1212150,Adventure,6,6,0
1074400,Indie,0,0,0
1128830,Casual,3,2,1
663020,"Action,Adventure,Indie,Simulation",2,0,2
476710,"Action,Adventure,Indie",8,1,7
1043710,"Action,Adventure,Indie,Racing,Early Access",2,2,0
1175360,"Action,Indie,Early Access",274,247,27
493200,Adventure,1312,1165,147
752380,"Action,Casual,Indie,Simulation,Sports",24,18,6
649450,"Action,Indie",29,21,8
1545250,"Action,Casual,Indie",23,23,0
708870,"Action,Adventure,Indie",5,5,0
1336790,"Casual,Indie",35,31,4
838620,"Casual,Indie,Simulation",78,73,5
949600,"Indie,RPG,Simulation,Sports",176,172,4
962390,"Free to Play,Indie,RPG,Simulation",0,0,0
1574030,"Action,Adventure,Indie",0,0,0
1813790,Strategy,1,0,1
262490,"Animation & Modeling,Design & Illustration,Web Publishing",344,254,90
1065580,"Indie,Strategy",35,22,13
1181940,"Casual,Indie",1,1,0
1123210,"Action,Indie",0,0,0
725510,"Casual,Free to Play,Indie,Simulation",0,0,0
1027830,"Indie,RPG,Strategy",1,1,0
1378060,"Casual,Free to Play,Indie",0,0,0
538790,"Action,Indie,Early Access",14,8,6
1366360,"Action,Adventure,Casual,Indie",16,16,0
1171820,"Adventure,Casual,Indie,RPG",61,57,4
2077610,"Action,Adventure,Casual,Simulation,Sports,Strategy,Early Access",0,0,0
1288020,"Action,Adventure,Indie,RPG",1,0,1
1569470,"Action,Adventure",42,40,2
1393550,"Adventure,Indie",0,0,0
342490,"Adventure,Indie",140,109,31
458710,Strategy,1621,1538,83
760010,"Action,Casual,Indie,Simulation",0,0,0
1548010,"Casual,Indie",2,2,0
1836950,Indie,1,0,1
385690,"Casual,Indie,Strategy",19,16,3
1547490,"Action,Adventure,Indie",5,2,3
1224490,"Action,Adventure,Indie",3,3,0
205870,"Indie,Casual",80,64,16
1082490,"Casual,Indie",3,0,3
1284050,"Action,Indie",6,3,3
1537480,"Adventure,Casual,Indie,RPG,Strategy,Early Access",2,2,0
865100,"Casual,Indie",0,0,0
1967950,"Adventure,Indie,Early Access",6,6,0
398000,"Action,Adventure,RPG",219,216,3
1223090,"Adventure,Casual,Indie",7,3,4
1058930,"Adventure,Casual,Indie,Simulation,Sports",10,5,5
1194100,"Action,Casual,Indie,Simulation",2,0,2
353890,Sports,66,52,14
1349370,"Casual,Indie",0,0,0
1090900,"Adventure,Free to Play,Indie",0,0,0
821550,"Adventure,Casual,Indie",6,4,2
322030,Indie,3,2,1
1155410,"Adventure,Casual,Indie",14,11,3
1255840,"Casual,Indie,RPG,Simulation,Strategy",5,4,1
1477770,"Adventure,Casual,Indie,RPG,Simulation,Strategy",1,1,0
18470,Strategy,41,29,12
1842370,"Casual,Indie",3,2,1
1714420,"Action,Adventure,Indie,Strategy",65,63,2
1564720,"Adventure,Casual,Indie,RPG,Simulation,Strategy",0,0,0
1972180,"Casual,Free to Play",0,0,0
1102250,"Casual,Indie,Simulation",7,4,3
854940,"Indie,RPG",402,371,31
347470,"Action,Indie",34,33,1
408410,"Action,Indie,Strategy",838,783,55
2022680,Adventure,2,2,0
993490,"Casual,Simulation,Strategy",0,0,0
1171160,"Indie,Strategy",7,7,0
1498250,"Action,Free to Play,Early Access",0,0,0
1949050,"Action,Adventure,Indie",2,2,0
2055490,"Action,Adventure,Free to Play,Indie",0,0,0
1295030,"Action,Casual,Indie",1,1,0
448000,"Action,Indie,Simulation",67,30,37
1300160,"Action,Adventure,Casual,Indie,RPG,Simulation,Strategy",16,12,4
879280,"Casual,Indie",2,1,1
1110220,Action,3,3,0
561490,Education,7,1,6
269470,"Audio Production,Utilities",220,113,107
1924730,Action,0,0,0
294660,"Adventure,Casual",395,385,10
337150,"Indie,Strategy",930,868,62
693580,"Indie,Simulation,Strategy,Early Access",114,79,35
1387450,"Action,Casual",2,1,1
1360530,Simulation,13,5,8
1433460,"Action,Indie",0,0,0
1282210,"Action,Adventure",750,692,58
468170,"Adventure,Indie,Early Access",18,15,3
516890,"Action,Casual,Indie,Strategy",8,6,2
1882560,"Casual,Indie",1,0,1
1379660,"Casual,Indie,Simulation,Strategy",12,10,2
1680020,"RPG,Simulation,Strategy,Early Access",0,0,0
625190,Education,7,4,3
1775300,"Action,Adventure,Casual",9,8,1
682740,Indie,0,0,0
1711400,"Casual,Sports",1,1,0
1399370,Casual,147,112,35
455710,"Violent,Gore,Action,Adventure,Indie,RPG",21,12,9
1482920,"Action,Adventure,Casual,Indie,RPG,Simulation",7,6,1
650220,"Indie,Simulation,Strategy",321,274,47
1966170,"Adventure,Indie,Early Access",27,20,7
336200,"Action,Casual,Indie,Strategy",7,4,3
983190,Casual,0,0,0
265970,"RPG,Strategy",231,109,122
1109800,"Adventure,Casual,Indie,Simulation",3,3,0
1766200,"Action,Adventure,Indie,RPG",13,7,6
1829000,"Action,Indie,Strategy",0,0,0
1652710,"Action,Indie",9,8,1
661970,"Casual,Indie,Strategy",8,4,4
1021130,"Indie,Simulation,Early Access",2,2,0
1316610,"Action,Free to Play,Simulation,Strategy",0,0,0
413470,"Adventure,Indie",5,4,1
270510,"Action,Indie",40,27,13
1231800,"Casual,Sports,Strategy",1,0,1
736420,"Indie,RPG",11,10,1
1594910,"Action,Adventure,Casual",0,0,0
1690640,Adventure,5,3,2
779060,"Action,Indie",6,3,3
1481720,"Indie,RPG,Strategy,Early Access",2,2,0
39200,RPG,957,668,289
1618740,"Action,Casual,Free to Play,Indie",0,0,0
1008390,"Casual,Indie",1,0,1
400510,"Adventure,Indie",107,53,54
1147760,Indie,7,6,1
316970,"Action,Adventure,Indie",51,23,28
501080,Simulation,1020,789,231
445050,"Indie,Simulation,Early Access",2,1,1
398840,"Action,Free to Play,Simulation,Strategy",2,0,2
1371660,"Adventure,Indie,Simulation",3,0,3
1548930,"Adventure,Casual,Indie,Simulation",8,6,2
1298130,"Action,Indie",4,4,0
1454200,"Casual,Indie",1,1,0
1456870,"Action,Indie",1,1,0
1160750,"Free to Play,Indie,RPG,Early Access",0,0,0
808540,"Action,Adventure,Casual,Indie,Simulation,Sports,Early Access",9,5,4
1551770,"Action,Adventure,Casual,Indie",2,2,0
624550,"Action,Adventure,RPG",19,14,5
1375950,"Casual,Indie",0,0,0
1567520,"Action,Adventure,Indie",14,6,8
1900520,Indie,1,1,0
1157880,Strategy,0,0,0
1141930,"Casual,Simulation",25,15,10
763340,"Adventure,Casual,Indie,Strategy",12,8,4
12380,Strategy,4,4,0
757130,"Action,Free to Play,Massively Multiplayer,Simulation,Sports",0,0,0
521740,Strategy,0,0,0
499140,"Casual,Indie",15,14,1
793570,"Action,Indie",0,0,0
1352340,"Casual,Indie,Racing",12,12,0
38150,Casual,6,5,1
789960,"Action,Adventure,Indie,Early Access",14,4,10
1266600,"Action,Adventure,Casual,RPG,Strategy,Early Access",19,15,4
1342240,Action,4,2,2
1037910,"Action,Adventure,Indie",43,34,9
1984840,"Action,Adventure,Casual,Free to Play,Indie,Racing,Simulation,Sports",0,0,0
1719350,"Casual,Indie,Simulation,Strategy",0,0,0
1028630,Sports,2515,2284,231
1445810,"Indie,Simulation,Sports,Strategy",23,16,7
1164520,"Action,Adventure,Indie,RPG",1,0,1
1906800,"Adventure,RPG,Early Access",2,2,0
1921240,"Action,Casual,Indie,Massively Multiplayer",0,0,0
785850,"Action,Adventure,Indie,RPG,Simulation,Strategy",103,56,47
1083450,Casual,5,5,0
375190,"Action,Casual,Indie",15,11,4
1157050,"Action,Casual,Free to Play,Indie,Sports,Strategy,Early Access",0,0,0
1808240,"Casual,Indie",2,2,0
1760040,"Adventure,Indie",9,9,0
905150,"Casual,Indie",13,6,7
1720240,"Casual,Indie,RPG,Strategy",4,4,0
413410,Adventure,12542,12098,444
723070,"Action,Adventure,Indie,RPG",7,5,2
726800,"Action,Indie,Early Access",6,1,5
1578050,"Free to Play,Indie,Strategy",0,0,0
1819290,"Action,Indie",1,1,0
438780,"Action,Adventure,Indie",1,0,1
1575960,"Action,Adventure,Free to Play",0,0,0
454580,"Action,Adventure,Casual,Indie,Simulation,Strategy,Early Access",15,10,5
1732480,Action,4,4,0
314350,"Action,Indie,Strategy,Early Access",4,3,1
527700,"Action,Indie",343,305,38
1503140,"Action,Indie,Strategy",4,1,3
760460,"Casual,Indie",79,48,31
1533650,"Adventure,Casual,Indie,RPG",1,1,0
1745740,"Action,Casual,Indie",0,0,0
458040,"Indie,Strategy",10,8,2
421260,Strategy,70,67,3
842270,"Indie,Racing",0,0,0
891270,"Indie,Simulation,Sports",8,2,6
1587190,"Casual,Indie,Strategy",14,11,3
690510,"Free to Play,Indie,Strategy",0,0,0
547470,Action,4,3,1
1503370,"Action,Adventure,Indie",4,1,3
1624220,"Casual,Indie",3,2,1
1454090,"Indie,Strategy",6,6,0
1568450,"Simulation,Strategy",0,0,0
930010,"Animation & Modeling,Utilities,Video Production",3,1,2
1309500,"Action,Adventure,Indie",2,1,1
323460,Action,191,161,30
1661950,"Action,Indie",1,1,0
364300,"Indie,Simulation,Strategy",234,137,97
1308150,"Adventure,Casual",1,1,0
1061640,"Action,Adventure,Indie,Racing,Simulation",33,12,21
349460,"Action,Adventure,Casual,Free to Play,Indie,RPG,Strategy",20,14,6
493650,"Action,Casual,Indie",54,15,39
285900,"Action,Adventure,Casual,Indie,Simulation",17753,14454,3299
1300060,"Casual,Indie,Early Access",15,15,0
241720,"Action,Indie",512,255,257
985870,"Adventure,Strategy,Early Access",1,1,0
976730,Action,122593,113841,8752
523150,"Casual,Indie",54,48,6
1035110,"Adventure,Indie",15,13,2
444650,"Indie,Simulation,Strategy,Early Access",36,16,20
1646790,"Action,Adventure,Casual,Indie,RPG,Early Access",10,9,1
717090,"Animation & Modeling,Design & Illustration",0,0,0
858320,"Action,Indie",1,1,0
773870,"Action,Adventure,Indie,Early Access",0,0,0
1563150,"Adventure,Indie",6,6,0
636450,"Action,Casual,Indie",663,612,51
416000,"Adventure,Casual,Indie,RPG,Simulation,Early Access",178,158,20
829780,"Casual,Indie",17,9,8
1188250,"Action,Adventure,Indie",102,91,11
380600,"Free to Play,Massively Multiplayer,Simulation,Sports",198,127,71
312020,"Casual,Indie,Strategy",5,2,3
971040,"Casual,Indie",7,6,1
1152000,"Action,Adventure,Indie,Simulation,Early Access",0,0,0
875310,"Action,Adventure,Indie",133,92,41
918550,"Indie,Simulation,Strategy",0,0,0
1411660,"Action,Adventure,Casual,Indie",1,1,0
731700,"Action,Adventure,Racing,Early Access",4,2,2
913330,"Casual,Indie",28,23,5
756420,"Action,Adventure,Indie",5,0,5
444210,"Action,Indie",5,0,5
858560,"Casual,Indie",1,0,1
1970440,"Action,Adventure,Indie,RPG,Early Access",4,3,1
1865340,"Casual,Indie,Simulation",4,4,0
469900,"Free to Play,Indie,Strategy",11,5,6
372940,"Adventure,Casual",110,106,4
1053190,Action,13,13,0
796080,"Adventure,Casual",2,1,1
352890,"Adventure,Indie,Simulation,Strategy",143,99,44
1813370,"Adventure,Indie,RPG",6,4,2
994310,Casual,12,2,10
2066220,Indie,3,2,1
390460,"Action,Casual,Indie",5,3,2
1449330,"Casual,RPG,Strategy",38,27,11
1012240,Indie,0,0,0
2013480,"Action,Simulation,Strategy",1,1,0
1965640,"Action,Indie",2,2,0
822130,"Adventure,Casual,Indie",6,1,5
573650,Casual,3,1,2
1878200,Adventure,12,9,3
972050,Indie,0,0,0
936160,RPG,138,125,13
1096690,"Action,Indie",21,17,4
214950,Strategy,24360,20296,4064
1468610,"Action,Indie",0,0,0
1072000,"Action,Adventure,Free to Play,Indie,RPG",0,0,0
1403230,"Adventure,Indie,RPG,Early Access",1,1,0
408900,"Action,Free to Play,Indie,Strategy",236,195,41
1111990,"Action,Adventure,Indie,Early Access",5,1,4
792120,"Action,Adventure,Indie,RPG",552,520,32
1563970,"Adventure,Indie",19,12,7
930780,"Indie,Strategy",220,178,42
938250,"Casual,Indie,RPG,Simulation",8,5,3
999730,"Action,Adventure,Indie",0,0,0
111800,"Casual,Indie",253,196,57
1355240,"Casual,Simulation",0,0,0
552100,"Simulation,Early Access",13742,12757,985
1114460,"Casual,Indie,Simulation",42,40,2
1847250,"Simulation,Strategy,Early Access",2,1,1
1232570,"Adventure,Casual,Indie,Simulation",251,242,9
661410,"Sexual Content,Violent,RPG",1,0,1
1110640,RPG,8,4,4
777220,"Indie,RPG,Strategy",0,0,0
1391090,"Casual,Free to Play,Indie,Simulation",0,0,0
750050,Simulation,619,391,228
1121340,"Adventure,Casual",1,1,0
1789620,"Adventure,Casual,Indie,RPG",9,6,3
1562510,"RPG,Strategy",0,0,0
744900,"Action,Free to Play,Indie,Massively Multiplayer,RPG",0,0,0
1523370,"Action,Adventure,RPG",14,6,8
830580,"Action,Adventure,Indie,Massively Multiplayer,Simulation,Early Access",19,3,16
421710,Casual,12,10,2
686620,"Casual,Indie",4,2,2
497380,"Casual,Indie",0,0,0
1696610,"Adventure,Casual,Free to Play,RPG,Strategy",0,0,0
758140,"Action,Indie",1,0,1
1415660,"Indie,Simulation",519,403,116
856610,"Action,Indie",85,76,9
582390,"Simulation,Sports,Early Access",3,2,1
1204230,"Indie,RPG,Strategy,Early Access",43,33,10
1026960,"Action,Adventure,Indie,Simulation",11,5,6
1431720,"Action,Adventure,Free to Play,Indie",0,0,0
1373770,"Action,Adventure,RPG,Strategy",4,4,0
1098440,Casual,2,2,0
1294590,"Action,RPG",0,0,0
411880,"Adventure,Indie",1,1,0
1141380,"Adventure,Indie,RPG",4,2,2
1370040,"Action,Adventure,Indie,RPG,Simulation",10,8,2
949770,"Action,Indie",22,21,1
605200,"Indie,Strategy",10,6,4
1164000,"Adventure,Casual,Indie",1,1,0
1149930,"Action,Adventure,Indie,RPG,Strategy",2,2,0
1460290,"Adventure,Casual,Indie",49,39,10
995050,"Action,Indie,Early Access",188,156,32
676600,"Action,Adventure,Casual,Indie",1,1,0
925560,"Action,Indie",2,2,0
1328490,"Action,Casual,Free to Play,Indie,Sports,Early Access",0,0,0
1794470,"Indie,RPG,Early Access",173,130,43
2008560,"Adventure,Indie,RPG,Strategy",0,0,0
358930,"Action,Adventure,Indie,Strategy",19,10,9
1259980,"Racing,Simulation,Sports",1276,999,277
1160620,"Adventure,Casual,Indie",13,11,2
1360000,"Action,Casual,Indie,Simulation,Early Access",2331,2031,300
900340,"Action,Adventure,Indie",6,4,2
1177270,"Adventure,Indie,Simulation",0,0,0
345290,Adventure,9,8,1
1728110,Indie,0,0,0
1282240,"Casual,Indie",1,1,0
415270,"Casual,Free to Play,Massively Multiplayer,Strategy",19,16,3
419590,"Action,Adventure,Indie,Strategy",9,7,2
1773460,"Adventure,Casual,Indie",2,2,0
243200,"Adventure,Indie",800,713,87
1085730,"Action,Adventure,Indie,Early Access",1,0,1
1788950,Casual,2,0,2
288370,"Action,Indie",232,189,43
1994110,"Casual,Indie,RPG,Simulation,Strategy,Early Access",25,18,7
246760,"Adventure,Indie,RPG,Strategy",412,275,137
1879190,Casual,19,16,3
661520,RPG,6,1,5
1691890,Casual,8,8,0
733750,"Action,Indie",0,0,0
1262640,"Casual,Indie",59,36,23
1111300,"Action,Adventure,Casual,Free to Play,Indie,Simulation,Early Access",0,0,0
1254480,Adventure,11,4,7
961920,"Casual,Indie",1,0,1
819800,"Action,Adventure,Indie",1,1,0
400380,"Indie,Simulation,Sports,Strategy",7,5,2
71160,RPG,6,6,0
737930,"Casual,Indie,Massively Multiplayer",4,4,0
1346980,"Casual,Indie,Simulation",69,64,5
1466700,"Action,Adventure,Indie,RPG",0,0,0
1678410,Indie,2,2,0
997900,"Casual,Indie",0,0,0
579120,"Action,Adventure,Indie,Early Access",58,27,31
587010,"Adventure,Casual,Indie",2,0,2
1117360,"Casual,Strategy",4,4,0
510700,"Action,Indie,Simulation,Strategy",7,5,2
829210,"Casual,Indie,Simulation",13,10,3
554800,"Action,Casual,Indie",42,35,7
794960,"Adventure,Indie",63,44,19
699600,"Casual,Indie,Strategy",94,89,5
376560,"Adventure,Casual,Indie",3,2,1
503550,"Action,Adventure,Indie",49,37,12
1973110,"Action,Adventure",0,0,0
480690,"Action,Casual",35,32,3
626170,"Action,Adventure,Indie",11,8,3
667550,"Action,Indie",7,5,2
563360,"Casual,Indie,RPG,Simulation,Strategy,Early Access",125,68,57
1728120,Indie,4,4,0
2066530,"Casual,Indie,RPG,Strategy",0,0,0
1951180,Casual,0,0,0
638470,"Action,Indie",5,4,1
671900,"Action,Indie,RPG",50,23,27
869300,"Adventure,Indie",14,12,2
1055970,"Casual,Simulation,Strategy",4,4,0
905590,"Action,Casual,Indie",0,0,0
1846370,Casual,0,0,0
55110,Action,1105,720,385
1460440,"Adventure,Indie,Early Access",0,0,0
1283960,"Casual,Indie,Massively Multiplayer,RPG,Simulation,Strategy",9,9,0
1596950,"Action,Casual,Free to Play,Indie,Early Access",0,0,0
1076750,"Indie,RPG,Simulation,Strategy,Early Access",140,110,30
1097900,"Action,Adventure,Indie,RPG",3,3,0
1148910,"Animation & Modeling,Design & Illustration,Education,Software Training,Utilities,Video Production,Web Publishing,Game Development",17,10,7
1064060,"Adventure,Casual,Indie,RPG",30,16,14
1124400,"Adventure,Indie,RPG",4,2,2
686260,"Indie,Simulation,Strategy",446,261,185
463510,"Adventure,Indie,Simulation",10,5,5
1593660,"Action,Adventure,Indie,Strategy,Early Access",2,2,0
1487650,"Casual,Indie,Simulation",0,0,0
1398890,"Action,Casual,Indie",0,0,0
1209760,"Adventure,Casual,Indie",6,5,1
1395120,"Adventure,Indie",15,15,0
462630,"Action,Indie",2,2,0
545620,"Adventure,Indie",22,14,8
1721830,"Action,Adventure",2,2,0
1345340,"Adventure,Casual,Indie,Simulation",22,19,3
615590,"Casual,Indie",2,2,0
544610,Strategy,1663,1459,204
1554760,"RPG,Strategy",3,1,2
1322010,"Action,Indie,Strategy,Early Access",9,9,0
691570,"Action,Casual,Indie",2,2,0
1600250,Casual,1,0,1
1333910,"Casual,Indie",219,219,0
1193380,"Action,Adventure,Strategy",0,0,0
496230,"Action,Indie",6,3,3
1676090,"Action,Indie",4,3,1
973360,Education,1,1,0
890700,"Adventure,Indie",14,12,2
812190,"Action,Adventure,Indie",8,8,0
1383620,"Casual,Indie",1,0,1
1498220,"Adventure,Indie",2,2,0
286000,"Action,Casual,Indie,Strategy",1587,1314,273
503210,"Action,Adventure,Indie,RPG,Strategy",68,49,19
1846040,"Free to Play,Indie,RPG",0,0,0
1802930,"Casual,Indie,Early Access",1,0,1
766070,"Violent,Gore,Adventure,Indie,Strategy",1,0,1
1378350,"Action,Adventure,Indie",14,11,3
1058840,"Action,Adventure,Casual,Indie,RPG",4,4,0
1399140,"Casual,Indie,Simulation,Sports,Early Access",9,5,4
1938530,"Action,Adventure,Casual,Indie,RPG,Simulation",3,1,2
284710,"Adventure,Casual",293,270,23
1159240,"Action,Adventure,Indie",0,0,0
1187920,"Action,Adventure,Casual,Free to Play,Indie,RPG,Simulation",0,0,0
344410,"Action,Adventure,Indie",136,94,42
1246460,"Action,Adventure,Indie,RPG",1,0,1
1077470,"Casual,Indie,Simulation",15,11,4
562320,"Violent,Gore,Adventure,Indie",33,25,8
615010,"Action,Adventure,Casual,Indie,RPG",92,81,11
1888560,"Adventure,Casual,Simulation",10,3,7
856790,"Indie,Simulation,Strategy",5,1,4
713380,"Action,Adventure,Casual,Indie",7,7,0
1644630,Indie,1,0,1
1160700,"Action,Indie",14,14,0
1262730,"Adventure,Casual,Indie,Simulation,Strategy",0,0,0
656320,"Action,Casual,Indie",1,1,0
1573710,Indie,0,0,0
800840,"Adventure,Casual",1,0,1
2370,Action,94,72,22
400130,Indie,7,6,1
1863990,"Casual,Indie",1,0,1
381610,"Action,Indie",12,11,1
224960,"Action,Adventure",1539,1281,258
1274800,"Casual,Free to Play,Racing,Simulation,Sports",0,0,0
1795770,Casual,9,6,3
1908660,"Action,Indie",1,0,1
527900,"Adventure,Casual",14,9,5
1943440,Casual,1,1,0
979970,"Adventure,Casual,Indie",14,9,5
816870,"Action,Indie",9,6,3
842640,"Action,Indie",7,2,5
1098620,"Action,Indie",0,0,0
1490290,"Action,Adventure,Indie",2,2,0
888040,Strategy,164,150,14
1547320,"Adventure,Indie",3,2,1
355380,"Casual,Indie,Strategy",2,0,2
497040,"Casual,Indie",15,10,5
657000,"Action,Indie",106,100,6
375450,Strategy,106,88,18
738210,"Action,Indie,Sports",1,1,0
1307090,"Casual,Indie,Racing",78,59,19
741620,"Violent,Gore,Action,Indie",2,1,1
438110,Education,6,2,4
812800,"Casual,Indie",21,19,2
394720,"Adventure,Indie,RPG",0,0,0
63209,"Action,Strategy,Indie,Sports",0,0,0
677850,"Adventure,Indie",20,13,7
1508530,"Adventure,Indie,RPG",138,129,9
1435590,"Action,Casual,Indie",0,0,0
1386520,Adventure,0,0,0
1635780,"Casual,Racing,Strategy",0,0,0
886490,"Action,Casual,Indie",5,3,2
1211100,"Casual,Indie",3,2,1
837510,"Action,Casual,Design & Illustration,Education,Utilities,Web Publishing,Game Development",148,98,50
691700,Action,2,1,1
1958390,Adventure,0,0,0
1806440,"Action,Adventure,Casual,Indie",1,1,0
1484010,Casual,1,1,0
31820,Adventure,120,112,8
595080,"Action,Adventure",20,18,2
1533080,"Casual,Indie,Strategy",14,10,4
292670,Adventure,47,37,10
1246680,"Free to Play,Indie,Simulation",0,0,0
773370,"Adventure,Casual,Indie,Simulation",1960,1808,152
283370,Action,34,17,17
448230,"Action,Casual,Indie,Simulation,Early Access",10,4,6
1660460,"Action,Casual,Indie,Racing,Simulation",2,1,1
1175900,"Action,Indie",2,1,1
1597170,"Action,Casual,Indie",11,9,2
1085110,"Casual,Indie,Simulation",8,3,5
840590,Free to Play,8,4,4
693400,"Action,Adventure,Casual,Indie,RPG,Strategy",3,0,3
1458980,"Action,Adventure,Indie",33,26,7
1281140,"Casual,Indie",9,9,0
572040,"Action,Adventure,Casual,Indie",11,5,6
1379700,"Action,Casual,Indie",0,0,0
533850,"Action,Casual,Indie,Simulation",67,57,10
1348220,"Adventure,Casual,Indie",0,0,0
1194870,Free to Play,0,0,0
606950,Strategy,13,8,5
1811290,"Casual,Indie",2,2,0
966660,"Indie,RPG,Strategy",8,7,1
725610,"Audio Production,Education,Utilities,Video Production",15,11,4
1845790,"Action,Free to Play,Strategy,Early Access",0,0,0
1391570,"Action,Indie",0,0,0
1263860,"Simulation,Sports",188,165,23
1036870,"Adventure,Indie",8,4,4
952730,"Action,Adventure,Indie,RPG,Simulation",3,2,1
1590700,"Adventure,Casual,Indie",3,3,0
878320,"Adventure,Indie,Simulation",0,0,0
1865280,Adventure,6,6,0
575820,"Action,Indie",95,71,24
864730,"Action,Early Access",62,43,19
435460,"Action,Casual,Indie",46,44,2
928180,"Casual,Indie,Simulation,Strategy",15,11,4
91810,"Indie,Casual",25,22,3
1068820,Utilities,1568,1405,163
1132410,"Action,Adventure,Casual,Indie,Racing",20,6,14
710690,"Action,Adventure,Indie",4,3,1
37270,"Adventure,RPG",21,20,1
1754350,"Casual,Indie",1,0,1
335840,"Action,Casual,Indie",34,32,2
719210,"Adventure,Indie",11,11,0
854150,"Casual,Indie,Racing,Sports",4,4,0
697800,"Action,Indie,Simulation",19,19,0
747050,"Adventure,Casual,Indie",14,9,5
1980860,"Adventure,Indie,RPG",1,1,0
1685840,"Adventure,Indie",5,5,0
1392150,"Action,Indie",4,4,0
929120,Casual,7,6,1
1074170,"Adventure,Indie",15,13,2
703970,"Action,Free to Play,Sports,Early Access",0,0,0
1437870,"RPG,Simulation,Strategy",1,1,0
305070,"Action,Adventure,Indie",71,52,19
237350,"Indie,Sports,Strategy",139,102,37
1094880,"Casual,Indie,Simulation",17,11,6
1450120,RPG,2,1,1
512920,"Action,Indie",1,0,1
31870,"Adventure,Casual",41,27,14
1509110,Adventure,7,5,2
892930,Indie,6,3,3
1366570,"Action,Casual,Indie",8,7,1
431300,Casual,3,2,1
618210,"Adventure,Casual,Indie",10,7,3
919320,"Casual,Indie",8,8,0
1074870,Education,1,0,1
437030,"Adventure,Indie",18,13,5
1650570,"Indie,Early Access",0,0,0
1182040,"Indie,Simulation",0,0,0
1656680,"Action,Simulation",31,25,6
1078750,"Adventure,Casual,Indie",5,4,1
1561850,"Action,Indie",2,0,2
364770,"Action,Adventure,Indie",24,20,4
873120,"Action,Adventure,Indie",6,4,2
1121490,"Action,Casual,Indie,Strategy",2,1,1
1820640,"Action,Casual,Indie",0,0,0
504090,"Action,Indie",14,14,0
1002180,"Action,Casual,Indie,Massively Multiplayer,Simulation",3,1,2
1542890,"Action,Casual,Indie",0,0,0
391050,Utilities,21,16,5
1189650,"Indie,Strategy,Early Access",2,1,1
24240,Action,7568,6976,592
1550380,"Adventure,Casual",4,4,0
1136100,"Action,Indie",3,3,0
828080,"Action,Indie",0,0,0
1196620,"Adventure,Casual,Indie,RPG,Strategy",0,0,0
750920,"Action,Adventure",16090,13704,2386
311210,"Action,Adventure",60027,52570,7457
1878450,"Free to Play,RPG",0,0,0
701820,"Casual,Indie",1,1,0
305620,"Adventure,Indie,Simulation,Strategy",29795,26911,2884
568580,"Action,Free to Play,Massively Multiplayer,Simulation,Early Access",31,19,12
1209360,"Action,Racing,Simulation,Sports",50,37,13
1330800,"Adventure,Indie",2,1,1
719100,"Casual,Indie",2,0,2
1191870,"Adventure,Indie,RPG,Simulation,Strategy,Early Access",0,0,0
1867330,"Adventure,Indie",5,3,2
328590,"Action,Adventure,Indie",193,144,49
1047240,"Indie,Simulation,Sports,Strategy",9,3,6
465190,"Action,Adventure,Indie",15,3,12
315080,"Indie,Strategy",13,10,3
1589920,Indie,5,5,0
1582260,"Action,Adventure,Casual,Indie,RPG,Simulation,Sports,Strategy",2,2,0
1029640,"Action,Casual,Indie,Early Access",0,0,0
266050,"Action,Adventure,Indie",48,28,20
1582290,"Casual,Indie",26,26,0
1007630,"Action,Adventure,Indie",58,55,3
1028170,"Casual,Free to Play,Simulation,Sports",0,0,0
714030,"Casual,Education,Software Training,Early Access",3,3,0
1337650,"Casual,Free to Play,Strategy",0,0,0
1273930,Casual,4,3,1
887040,"Action,Adventure,Casual,Indie,Simulation",0,0,0
1245170,Simulation,3,2,1
765090,"Action,Adventure,Indie,RPG,Early Access",1,1,0
1472660,"Adventure,Casual,Indie,RPG,Simulation",2046,1687,359
1663650,"Action,Free to Play,Indie,Simulation,Sports,Early Access",6,6,0
681140,"Action,Casual",18,8,10
1575910,Casual,6,3,3
945530,"Action,Indie",2,2,0
723400,"Casual,Indie,Simulation",0,0,0
1969850,"Action,Indie",12,12,0
1189350,"Free to Play,Indie,RPG,Strategy,Early Access",0,0,0
994520,"Action,Casual,Free to Play,Indie,Early Access",0,0,0
696180,Action,212,149,63
602480,"Action,Adventure,Casual,Indie",42,35,7
1276300,"Action,Indie",0,0,0
1518870,"Adventure,Casual,Indie",0,0,0
378030,"Indie,RPG",57,50,7
1811780,"Action,Adventure,Casual,Indie,RPG",1,0,1
1711290,Sports,0,0,0
730450,"Action,Casual,Indie,Massively Multiplayer,Strategy",8,5,3
617680,"Action,Indie,Simulation,Sports",12,7,5
587100,"Action,RPG",283,259,24
892880,"Casual,Indie",8,8,0
1054610,"Casual,Indie",2,2,0
1655210,"RPG,Strategy",0,0,0
685800,"Action,Indie,Early Access",7,6,1
1120050,"Free to Play,Indie",0,0,0
975550,"Audio Production,Utilities",5,3,2
1317850,"Action,Adventure,Indie,RPG",0,0,0
1799820,"Casual,Indie",1,1,0
1857840,"Action,Adventure",2,1,1
858060,"Action,Adventure,Casual,Free to Play,Indie,RPG,Strategy",0,0,0
1857370,"Free to Play,Indie,Early Access",0,0,0
1826640,Casual,2,0,2
1656650,"Casual,Indie",0,0,0
615700,"Adventure,Indie,RPG,Simulation,Strategy",8,7,1
1006250,"Adventure,Casual,Indie",31,28,3
1031170,"Adventure,Casual,Indie",72,59,13
989690,Strategy,547,387,160
373000,Education,2,1,1
935680,Simulation,4,0,4
1541410,"Action,Adventure,Casual,Indie",1,1,0
1499780,"Casual,Indie,Simulation",2,1,1
743570,"Casual,Indie,Strategy",0,0,0
823550,"Casual,Free to Play,Indie,RPG,Simulation,Strategy",2,0,2
1598010,"Action,Adventure,Free to Play,Indie",0,0,0
346830,RPG,261,156,105
1261960,Action,28,26,2
639300,"Indie,RPG,Simulation,Sports,Strategy",59,43,16
402530,Adventure,321,302,19
999030,"Casual,Indie",1,1,0
1257360,Action,441,374,67
1855480,"Action,Indie",0,0,0
395520,"Adventure,Casual,Free to Play,Indie",32,26,6
451670,"Action,Casual,Indie,Simulation,Strategy",18,2,16
1526190,RPG,1,1,0
1789680,"Adventure,Casual,Free to Play,Indie,RPG,Simulation,Strategy",1,0,1
348240,"Action,Casual,Indie",52,45,7
509130,"Indie,Racing,Simulation",27,21,6
969950,Simulation,3,1,2
1878970,"Action,Casual,Indie,Massively Multiplayer,Simulation",11,11,0
432100,"Adventure,Casual,Indie",416,350,66
1736270,"Action,Casual,Strategy",11,8,3
1938360,"Action,Adventure,Casual,Indie,Strategy",1,1,0
6600,"Casual,Indie",58,26,32
1583870,"Casual,Indie,Simulation",1,0,1
1429950,"Casual,Indie",25,24,1
656630,"Violent,Gore,Action,Adventure,Indie",7,6,1
1518200,"Adventure,Indie,Simulation",14,13,1
1588410,"Adventure,Casual,RPG",2,1,1
448980,"Adventure,Casual,Free to Play",0,0,0
837950,"Indie,Strategy",3,2,1
1587210,"Casual,Indie,Simulation",3,3,0
1570070,"Adventure,Indie,Simulation,Strategy",222,171,51
1540700,"Adventure,Indie",4,4,0
1872330,"Free to Play,Strategy",0,0,0
1410680,"Action,Adventure,Indie",0,0,0
896440,"Action,Adventure,Casual,Indie,RPG",84,61,23
1351870,"Action,Casual,Indie",2,2,0
1045510,"Adventure,Casual,Indie,Simulation",15,11,4
732690,"Action,Casual",5466,5292,174
211260,"Action,Indie",1333,1114,219
990400,"Casual,Indie",5,4,1
534480,"Sexual Content,Nudity,Adventure,Casual,Indie,Simulation",27,11,16
1767710,Action,1,1,0
1771520,"Casual,Indie,Strategy",21,17,4
1096550,"Casual,Indie,Simulation,Animation & Modeling,Audio Production,Design & Illustration,Utilities",137,111,26
739540,"Adventure,Indie",382,269,113
264060,"Adventure,Casual,Indie",59,51,8
529490,"Action,Adventure",114,83,31
206020,"RPG,Indie",58,48,10
354430,"Action,Simulation",204,149,55
779360,"Action,Casual,Indie",26,21,5
1579710,"Action,Adventure,Indie,Early Access",0,0,0
1664490,"Casual,Utilities",0,0,0
1477060,"Action,Casual,Indie,Sports",138,118,20
1972740,Casual,19,19,0
608660,"Adventure,Indie,Racing,Simulation,Sports",31,27,4
1840850,"Casual,Indie,Strategy",0,0,0
865190,Action,11,7,4
1011610,"Indie,Simulation,Strategy",287,250,37
571260,Action,548,458,90
1198440,"Action,Indie",2,2,0
1218500,"Action,Adventure,Indie,Simulation",546,472,74
882990,"Action,Indie",0,0,0
1062130,"Action,Casual,Indie",6,5,1
1944920,"Action,Adventure,Free to Play,Indie,RPG",0,0,0
1231780,"Casual,Sports,Strategy",3,0,3
1240770,Indie,4,1,3
262510,"Adventure,Indie",22,12,10
1612920,"Adventure,Indie",51,47,4
981090,"Casual,Indie,Simulation,Strategy,Early Access",0,0,0
1652650,"Casual,Indie",7,7,0
1314840,"Adventure,Free to Play,Indie",0,0,0
1478140,"Adventure,Simulation",0,0,0
2001210,"Casual,Indie,RPG,Simulation,Sports,Strategy",0,0,0
1485010,Casual,3,3,0
1297180,Casual,0,0,0
1022870,"Casual,Indie",14,14,0
1989100,"Casual,Strategy",0,0,0
32340,Adventure,326,290,36
1100300,"Casual,Indie,RPG,Simulation,Strategy",17,14,3
949380,"Action,Casual,Free to Play,Indie",0,0,0
1727810,"Adventure,Casual,Indie,Strategy",2,1,1
1649480,"Casual,Free to Play,Strategy",0,0,0
2009670,"Adventure,Casual,Indie",4,0,4
734910,"Adventure,Casual,Free to Play,Indie",0,0,0
1520460,"Adventure,RPG",2,1,1
718200,"Adventure,Indie,RPG",117,108,9
1292140,"Adventure,Casual",6,4,2
1472320,"Indie,RPG",0,0,0
1550230,"Casual,Indie",25,22,3
680500,"Action,Adventure,Indie,RPG,Early Access",1,1,0
1572400,"Adventure,Casual,Indie",3,3,0
1246780,"Casual,Indie",9,7,2
577080,"Action,Adventure,Casual,Indie,Simulation,Strategy",164,113,51
1677520,"Casual,Simulation",4,4,0
13530,"Action,Adventure",578,439,139
1879100,"Action,Adventure,Free to Play,Indie",0,0,0
750820,"Action,Casual,Indie",1,1,0
2004090,"Casual,Indie",0,0,0
1115450,"Action,Casual,Indie,Simulation,Strategy,Early Access",108,86,22
1267910,"Adventure,Casual,Indie,RPG",4287,4049,238
1069030,"Indie,Simulation,Strategy,Early Access",238,226,12
1162400,"Adventure,Strategy",0,0,0
683150,"Gore,Action,Adventure,RPG,Early Access",6,2,4
1359720,Racing,0,0,0
535850,Racing,115,26,89
870200,"Indie,Simulation,Early Access",955,880,75
1125650,"Indie,Strategy,Early Access",1,0,1
1017440,"Adventure,Casual,Indie",2,2,0
1864530,"Indie,RPG",3,1,2
709510,"Adventure,Casual,Indie,RPG,Strategy",27,26,1
1287280,"Casual,Indie",0,0,0
630610,Adventure,234,213,21
1190900,RPG,0,0,0
1055770,"Action,Adventure,Indie",0,0,0
428130,"Adventure,Indie",2,2,0
366690,"Action,Casual,Indie,Simulation,Sports,Strategy",220,191,29
2064950,"Indie,Early Access",3,3,0
939510,"Action,Indie,Massively Multiplayer",1015,616,399
1040750,"Action,Early Access",1,1,0
1200730,"Adventure,Racing,Early Access",119,104,15
658790,"Action,Adventure,Indie",11,6,5
380360,"Action,Casual,Free to Play,Indie,RPG",8,7,1
1829540,"Casual,Indie",32,29,3
938500,"Indie,Simulation,Early Access",81,20,61
1300570,"Adventure,Simulation",4,1,3
294390,Adventure,38,20,18
976030,"Casual,Indie,Simulation,Strategy",60,46,14
1177400,"Adventure,Indie,RPG,Simulation",5,5,0
1796840,"Action,Adventure,Casual,Indie,RPG,Strategy",1,1,0
1186570,Indie,2,2,0
302710,"Action,Indie,Racing",355,309,46
463980,"Indie,RPG,Strategy",223,184,39
1903280,"Action,Adventure,Indie",0,0,0
398900,"Action,Casual,Indie",1,1,0
1118690,"Action,Indie,Strategy,Early Access",2,0,2
1552790,"Action,Indie",2,2,0
1206430,"Adventure,Indie",513,430,83
1896710,"Action,Free to Play",0,0,0
295250,"Adventure,Indie",205,73,132
703630,"Action,Adventure,Indie",27,27,0
1920650,"Action,Casual,Indie,Simulation,Strategy",15,11,4
1859280,"Adventure,Casual,Indie,Simulation",36,35,1
1475350,"Action,Indie,Strategy",1,1,0
892440,Strategy,8,5,3
723830,"Action,Adventure,Indie",8,5,3
699410,"Adventure,Casual,Indie",10,7,3
1998680,"Action,Indie",0,0,0
873960,"Adventure,Casual,Free to Play",0,0,0
1676580,Adventure,102,68,34
1420320,"Casual,Indie",2,2,0
433900,"Action,Adventure,Indie",27,14,13
609400,"Action,Adventure,Free to Play,Racing,Sports,Early Access",0,0,0
461510,"RPG,Strategy",25,15,10
1864320,"Action,Casual,Indie,Racing,Simulation",11,8,3
1195290,"Adventure,Casual,Indie,Simulation,Strategy",305,283,22
1237890,"Action,Indie",0,0,0
1390700,"Action,Adventure,Indie,Early Access",68,59,9
1425240,"Casual,Free to Play",0,0,0
492870,"Action,RPG",25,17,8
249190,Strategy,185,79,106
1034200,"Action,Casual,Free to Play",0,0,0
1258710,"Action,Adventure,Indie,Simulation",174,161,13
1675500,RPG,5,4,1
368070,Action,3382,2222,1160
1167170,Adventure,34,34,0
1104960,"Action,Adventure,Casual,Indie,RPG,Simulation,Strategy",1,1,0
781250,"Action,Adventure",2,2,0
1492260,"Casual,Indie,Strategy,Early Access",4,3,1
1328430,"Action,Adventure,Casual,Indie,RPG",0,0,0
1991230,"Adventure,Indie",0,0,0
1387580,"Action,Adventure,Indie,RPG,Strategy",2,0,2
1560790,"Adventure,Casual,Indie,Simulation",21,17,4
1054640,"Action,Adventure,Indie",1,1,0
1347030,"Adventure,Indie",907,866,41
1537470,"Action,Indie,Racing",10,5,5
1572380,"Casual,Free to Play,Indie,Simulation,Strategy",0,0,0
1416180,"Casual,Indie,Simulation",0,0,0
1308570,"Adventure,Indie",3,3,0
822190,"Adventure,Indie",22,21,1
799110,"Casual,Indie",30,27,3
659570,"Action,Adventure,Indie",1,1,0
1109340,"Indie,Sports,Early Access",0,0,0
666560,"Action,Indie,Early Access",6,2,4
847900,"Casual,Indie",2,2,0
929410,Casual,1,1,0
1823630,"Indie,RPG",0,0,0
1647200,Casual,21,13,8
1033880,"Action,Casual,Indie",107,93,14
46360,"Simulation,Strategy",60,40,20
56400,Strategy,3630,3275,355
1027930,Casual,1,1,0
1833650,"Action,Adventure",1,0,1
981890,"Casual,Sports",117,69,48
107310,"Indie,RPG",2008,1859,149
1173810,RPG,568,514,54
734290,"Free to Play,Indie,Massively Multiplayer,RPG,Simulation,Strategy,Early Access",0,0,0
673750,"Action,Indie,Early Access",469,425,44
219950,Adventure,586,523,63
1039940,Adventure,159,153,6
1518810,"Casual,Indie,Simulation",361,352,9
1728590,RPG,0,0,0
1107720,"Casual,Indie",7,2,5
1016940,"Action,Casual,Indie",13,10,3
99300,Action,429,364,65
1035560,"Action,Adventure,Casual,Indie",161,147,14
1035190,"Action,Adventure,Indie,RPG",6,2,4
1641830,"Indie,Simulation,Sports,Strategy",110,71,39
1877160,Free to Play,0,0,0
1033340,"Action,Adventure,Indie",4,4,0
1152420,"Design & Illustration,Utilities,Early Access",31,28,3
839810,"Action,Casual,Free to Play,Indie",0,0,0
914140,"Casual,Indie",41,22,19
1531840,"Casual,Indie,Simulation",33,28,5
777270,"Adventure,Casual,Indie",2,2,0
420060,"Adventure,Indie",262,195,67
970130,Action,11,7,4
701800,"Action,Casual,Indie",2,2,0
1543630,"Action,Adventure,Indie,RPG,Early Access",2,2,0
1307760,"Action,Adventure,Casual,Indie,RPG,Sports",5,3,2
756220,"Adventure,Indie",0,0,0
630390,Casual,0,0,0
774531,"Adventure,Indie",25,25,0
1124390,"Adventure,Indie,RPG",4,3,1
444640,"Action,Free to Play,Strategy",265,233,32
857680,"Simulation,Strategy",62,44,18
1322830,"Adventure,Indie",0,0,0
370570,"Casual,Indie",14,10,4
1713170,"Indie,Simulation",2,2,0
1257540,"Indie,Simulation,Strategy",2,1,1
358220,"Action,Adventure",16,14,2
1011650,"Animation & Modeling,Design & Illustration",0,0,0
1864490,Simulation,4,3,1
1720800,"Casual,Indie,Strategy",6,6,0
222520,"Free to Play,Indie,Massively Multiplayer,RPG",4,2,2
1669390,"Adventure,Indie",0,0,0
1530890,"Action,Adventure,Casual,Indie,Racing,Simulation,Sports",20,13,7
1004240,"Casual,Indie,RPG,Simulation",861,817,44
703540,"Casual,Indie",8,4,4
1767860,"Casual,Indie,Racing",0,0,0
733690,"Adventure,Indie",12,8,4
1494580,"Adventure,Indie",0,0,0
1064090,"Casual,Indie,Simulation",14,12,2
537110,"Adventure,Indie,RPG",871,824,47
1764810,"Adventure,Casual,Indie",4,4,0
1571030,"Indie,Strategy,Early Access",0,0,0
1518000,"Casual,Indie",4,2,2
1406780,"Action,Indie,Early Access",323,302,21
2009770,"Action,Casual,RPG",5,4,1
684340,"Action,Adventure,Indie,Early Access",2,1,1
334210,"Action,Indie,Strategy",135,105,30
948840,"Adventure,Indie,RPG,Strategy",0,0,0
844750,"Indie,Racing,Simulation,Sports",42,22,20
1350340,"Adventure,Simulation",73,62,11
1463030,"Casual,Indie",3,2,1
1840620,"Indie,Simulation,Sports",0,0,0
898400,Indie,0,0,0
1121100,"Action,Casual,Indie",2,2,0
1204250,"Action,Indie",0,0,0
810650,"Nudity,Casual,Indie,Sports",3,0,3
1219600,Indie,1,0,1
830370,"Action,Adventure,Indie,RPG",375,302,73
1295810,"Adventure,Casual,Indie,RPG,Simulation,Strategy,Early Access",10,9,1
454670,"Action,Casual,Indie",2,2,0
908270,"Casual,Indie",0,0,0
1431730,"Adventure,Indie",0,0,0
684250,"Casual,Free to Play,Indie,Strategy",0,0,0
1427700,"Adventure,Indie,RPG,Simulation,Early Access",0,0,0
724390,"Action,Indie",44,36,8
1229390,Action,11,11,0
2050680,"Action,Simulation,Strategy",43,38,5
232950,Simulation,148,62,86
617270,"Action,Adventure,Indie",9,7,2
340070,"Casual,Indie,Strategy",294,121,173
1696020,"Action,Adventure,Indie,RPG",0,0,0
1563340,Simulation,0,0,0
375790,"Action,Casual,Indie",16,13,3
464690,"Indie,Simulation,Early Access",27,4,23
292300,"Adventure,Casual",13,5,8
1821630,"Action,Casual,Indie,Strategy",3,0,3
1450780,"Indie,RPG",4,2,2
1300650,"Action,Indie",0,0,0
906280,"Action,Indie",5,5,0
665200,"Animation & Modeling,Design & Illustration",0,0,0
960040,"Casual,Indie,Simulation",58,47,11
1068520,"Action,Adventure,Free to Play,Indie,Simulation",0,0,0
987840,"RPG,Strategy",1577,1393,184
1416450,Adventure,12,6,6
849161,"Action,Adventure",0,0,0
1334200,"Casual,Indie,Simulation,Early Access",1,1,0
1105670,"Action,Indie,RPG,Strategy,Early Access",2633,2470,163
1546950,"Adventure,Indie",0,0,0
322300,"Indie,Massively Multiplayer,RPG,Early Access",765,402,363
1798290,Indie,0,0,0
1847020,Simulation,2,2,0
801120,"Casual,Free to Play,Indie,Simulation,Strategy",0,0,0
235720,"Action,Indie,Strategy",18,15,3
331360,"Action,Casual,Free to Play,Indie,Sports",177,139,38
1566250,"Casual,Indie",21,21,0
406030,Software Training,1,0,1
859740,"Adventure,Casual,Indie,Simulation",25,20,5
202710,"Action,Indie,RPG,Strategy",500,364,136
1270980,"RPG,Simulation,Strategy,Early Access",2,2,0
1806110,Casual,0,0,0
734900,"Adventure,Casual,Indie,RPG",44,41,3
1648000,"Adventure,Indie,RPG",5,3,2
1627290,"Casual,Indie",0,0,0
1298530,"Action,Adventure,Indie,Simulation",29,27,2
1978240,"Free to Play,Massively Multiplayer,RPG,Simulation,Strategy,Early Access",0,0,0
1218940,"Action,Adventure,Indie,Early Access",45,37,8
345630,"Action,Adventure,Casual",48,46,2
466170,"Casual,Free to Play,Indie,Simulation,Strategy",11,7,4
1949180,"Adventure,Free to Play,Indie",0,0,0
717950,Casual,69,51,18
1547930,"Casual,Indie",2,1,1
1713050,"Adventure,Indie",0,0,0
1787440,"Action,Adventure,Casual,Indie,RPG",1,0,1
675890,"Casual,Simulation",21,19,2
1126120,"Simulation,Utilities",0,0,0
1054630,"Adventure,Indie,RPG,Simulation",0,0,0
1883710,"Action,Free to Play",0,0,0
1603260,"Action,Adventure,Indie",24,22,2
742530,"Indie,RPG,Strategy",29,20,9
958900,Action,1,0,1
1395600,"Casual,Indie",0,0,0
555280,"Action,Casual,Indie",15,10,5
1636370,"Action,Casual,Indie",2,1,1
1100090,Game Development,0,0,0
15240,Simulation,146,125,21
1534040,"Massively Multiplayer,Racing,Simulation,Sports",0,0,0
1849430,"Casual,Indie",8,7,1
1564850,"Indie,Simulation",3,2,1
1208870,"Action,Casual,Indie,Simulation,Strategy,Early Access",0,0,0
1336160,"Action,Casual,Indie,Simulation",13,13,0
602910,"Adventure,Indie",33,15,18
1268810,"Adventure,RPG,Strategy",97,72,25
1879790,"Casual,Indie,Simulation",10,8,2
613590,"Free to Play,Indie,Strategy,Early Access",3,2,1
889770,"Action,Indie",66,56,10
872090,"Casual,Indie",14,7,7
980300,"Action,Casual,Indie",2435,2366,69
1117900,"Casual,Indie",14,9,5
1733840,"Action,Adventure",10,8,2
303430,"Action,Adventure,Casual,Indie",317,294,23
1133970,Action,2,2,0
276380,"Casual,Simulation",8,1,7
311850,Casual,34,26,8
458510,Casual,13,8,5
468050,"Adventure,Indie",90,86,4
1331610,"Action,Indie",3,3,0
592360,Adventure,1,0,1
898430,"Action,RPG",1,0,1
1100340,"Action,Adventure,Casual,Indie",0,0,0
394140,"Action,Casual,Indie",22,17,5
1166490,Utilities,4,2,2
1379670,"Casual,Early Access",0,0,0
1606670,"Casual,Indie,Strategy",1,1,0
1825070,"Adventure,Casual",1,1,0
1233590,Strategy,417,279,138
1863560,"Adventure,Casual,Indie",0,0,0
544820,"Adventure,Indie",1,1,0
1770210,"Adventure,Indie,RPG,Early Access",48,38,10
1858270,"Adventure,Casual,Indie",3,2,1
1468060,"Action,Adventure,Indie",7,5,2
993680,"Casual,RPG,Simulation,Strategy",10,6,4
710630,"Action,Indie",4,4,0
2060550,"Action,Adventure,Free to Play,Indie,RPG",0,0,0
1842220,Casual,8,5,3
71118,RPG,4,4,0
514150,Action,31,20,11
1276600,"Action,Adventure,Casual,Indie,Strategy",2,2,0
930850,Adventure,1,0,1
1968820,"Casual,Indie,Simulation",87,53,34
817220,"Action,Adventure,Indie",8,7,1
1746640,"Action,Adventure,Casual,Free to Play,RPG",0,0,0
1499220,"Action,Indie",24,24,0
1353550,Action,8,8,0
590280,"Casual,Free to Play,Indie,Simulation",13,13,0
1743410,"Free to Play,Indie",0,0,0
373120,"Action,Adventure,Casual,Indie,Early Access",3,3,0
943900,"Adventure,Indie",22,15,7
691830,"Adventure,Indie,RPG,Strategy",155,132,23
1370250,"Casual,Indie",6,4,2
1071880,"Adventure,Casual,Indie",2,1,1
959150,"Indie,Simulation,Strategy",46,31,15
497560,"Free to Play,Indie,RPG",7,2,5
1375810,Casual,4,3,1
474830,"Casual,Indie,Strategy",17,13,4
837920,"Casual,Indie",0,0,0
26300,"Action,Indie",32,11,21
1404210,"Action,Adventure",19600,16306,3294
2060520,"Casual,Indie",1,0,1
829940,"Adventure,Casual,Indie",17,17,0
1250180,Casual,14,14,0
566140,"Adventure,Casual,Strategy",1,1,0
1233600,"Action,Indie,Strategy",2,1,1
1112960,"Adventure,Racing",6,2,4
1623420,"Action,Indie",64,57,7
714150,"Action,Casual,Indie,Racing",0,0,0
968970,Simulation,710,530,180
761030,"Adventure,Indie,RPG,Strategy",195,156,39
1249130,"Adventure,Casual,Indie,RPG,Strategy",355,326,29
349510,"Action,Adventure,Indie",74,68,6
1546630,"Action,Adventure,Indie,Strategy",1,1,0
571050,"Casual,Indie,Simulation",4,1,3
1359910,"Action,Indie,Simulation",1,0,1
1176970,"Casual,Indie,Simulation,Sports,Early Access",4,2,2
1465010,"Casual,Indie,RPG",3,3,0
1823490,"RPG,Simulation",0,0,0
1820940,"Action,Indie,RPG,Simulation",19,17,2
1729090,"Adventure,Casual,Indie",9,8,1
906120,Action,172,162,10
2063340,"Casual,Indie",0,0,0
861920,"Casual,Free to Play,Indie,Strategy",0,0,0
977720,"Action,Indie,RPG,Simulation",402,221,181
250760,"Action,Adventure,Indie",8804,8457,347
428170,"Adventure,Indie",11,9,2
1515920,"Action,Adventure,Casual,Indie,Strategy,Early Access",0,0,0
867690,"Action,Adventure,Indie",4,2,2
1614740,"Casual,Free to Play,Indie",0,0,0
1063500,"Action,Indie",1,0,1
1055930,"Adventure,Indie,RPG",1,0,1
1476230,"Adventure,Indie,RPG,Early Access",69,60,9
1756480,"Indie,Sports",6,6,0
378390,"Casual,Indie,Simulation,Early Access",0,0,0
956600,"Action,Adventure,Casual,Indie,RPG,Strategy",56,42,14
1494320,"Action,Early Access",2,2,0
1258990,"Action,Casual,Early Access",0,0,0
1394600,"Action,Adventure,Indie",5,5,0
1114530,"Action,Casual,Indie",49,43,6
1731860,Action,1,0,1
981620,"Casual,Indie",8,8,0
1094640,"Adventure,Casual,Simulation",13,8,5
433890,"Indie,Simulation,Strategy",17,14,3
1179840,"Action,Adventure,Indie,Massively Multiplayer,RPG,Early Access",1,0,1
777200,"Adventure,Indie,RPG",3,3,0
450250,Strategy,21,16,5
448140,"Action,Adventure,Casual,Indie",3,0,3
357340,"Action,Adventure,Indie",200,175,25
300840,"Action,Adventure,Casual,Indie",23,22,1
442140,Indie,8,5,3
1828790,"Adventure,Casual,Indie",15,11,4
673620,"Free to Play,Indie,Simulation,Strategy",0,0,0
1225840,"Indie,Early Access",10,10,0
1345240,"Action,Adventure,Indie,Sports,Strategy",1,1,0
789740,"Action,Casual,Indie",19,16,3
1557300,"Action,Adventure,Casual,Indie,RPG",3,3,0
1935130,"Adventure,Casual,Indie",0,0,0
1556540,"Indie,Early Access",0,0,0
787460,"Action,Casual,Indie,Simulation,Sports,Early Access",4,1,3
1005330,Free to Play,0,0,0
756260,"Casual,Indie,Strategy",17,5,12
1808890,"Action,Indie,Early Access",1,0,1
538470,Indie,4,1,3
1607640,"Casual,Indie,Racing,RPG,Simulation,Sports,Early Access",5,4,1
876500,"Action,Casual",15,13,2
285960,"Action,Casual,Indie",121,68,53
1253580,"Casual,Indie,RPG",31,26,5
386100,"Action,Indie,RPG",13,11,2
1757760,Adventure,52,35,17
1609090,"Casual,Indie,Simulation",24,23,1
1468430,Casual,11,10,1
1888210,Indie,0,0,0
1019630,"Casual,Indie,RPG,Simulation,Sports,Strategy",9,6,3
1777910,"Action,Strategy",1,1,0
1477710,"Adventure,Indie",0,0,0
681110,"Action,Adventure,Indie",57,41,16
666610,"Casual,Indie,Simulation",166,164,2
289280,Action,91,64,27
1806580,"Casual,Indie",12,10,2
1232460,Action,165,134,31
589510,"Action,Adventure,Indie",204,188,16
1046210,"Action,Casual,Indie,Strategy",7,7,0
262900,"Casual,Indie,Simulation,Strategy",174,131,43
464060,"Action,Indie",3775,3426,349
1707720,"Action,Adventure,Casual,Indie,RPG",8,5,3
1051420,"RPG,Simulation,Strategy",10,10,0
1847500,"Indie,RPG",1,0,1
1428780,"Action,Adventure,Indie,RPG",17,13,4
402210,Adventure,50,42,8
400040,"Free to Play,Audio Production,Design & Illustration,Photo Editing,Utilities,Video Production,Web Publishing",10,9,1
1210340,"Action,Indie",7,7,0
821120,"Casual,Indie,RPG,Simulation",13,11,2
1463380,Simulation,0,0,0
1001490,"Adventure,Indie,RPG",13,7,6
1488220,"Simulation,Early Access",1,1,0
1622720,"Casual,Indie",0,0,0
996280,"Action,Indie",1,1,0
701080,"Action,Indie,Racing",19,16,3
1118740,Indie,11,11,0
1197230,"Adventure,Indie",8,8,0
1400630,"Action,Indie,Early Access",9,9,0
655780,"Action,Adventure,Indie,RPG",247,161,86
526740,"Indie,Simulation",318,124,194
725120,"Indie,Simulation",63,57,6
432230,"Action,Indie,RPG",5,2,3
524380,"Action,Adventure,Free to Play,Indie,RPG,Simulation,Early Access",114,49,65
1148960,"Animation & Modeling,Design & Illustration,Education,Video Production",8,6,2
1061300,"Action,Adventure,Casual,Indie",17,14,3
774241,"Action,Adventure,RPG",1270,753,517
678920,"Adventure,Indie",0,0,0
1078420,"Action,Adventure,Indie",417,407,10
1159520,Indie,221,153,68
873470,"Indie,Simulation,Strategy",2,2,0
1357490,"Action,Simulation",2,2,0
465860,"Adventure,Casual",5,4,1
1961740,"Casual,Free to Play,Indie",0,0,0
866100,"Indie,Strategy,Early Access",3,1,2
1369320,"Casual,Free to Play,Indie",0,0,0
454350,"Action,Indie",708,334,374
1025960,"Adventure,Casual",76,64,12
355240,"Action,Indie",171,145,26
1022320,"Indie,Simulation,Strategy",0,0,0
736230,"Action,Adventure,Casual,Indie,Simulation",1,1,0
798350,"Casual,Indie",0,0,0
863870,"Casual,Indie,RPG",2,1,1
1446410,Casual,2,2,0
1421310,"Action,Adventure,Indie",1,0,1
1506960,Indie,0,0,0
34190,Racing,910,786,124
1083870,Strategy,84,70,14
1453450,"Adventure,Indie,RPG,Simulation,Strategy",12,11,1
346240,"Indie,Simulation",37,22,15
307880,"Action,Adventure,Indie,RPG,Simulation",2745,1541,1204
716050,"Violent,Gore,Action,Adventure,Indie,RPG,Strategy",17,14,3
1397530,"Action,Casual,Indie",1,1,0
908690,"Adventure,Casual,Indie",0,0,0
301190,"Action,Casual,Indie",285,236,49
342630,"Adventure,Casual",47,44,3
648600,Free to Play,0,0,0
1350390,"Casual,Indie,Simulation,Strategy",2,1,1
422010,"Adventure,Indie",4,4,0
1106710,"Action,Indie",2,1,1
1363350,"Action,Adventure,Indie,RPG",171,90,81
448400,"Adventure,Casual,Indie",105,80,25
1099550,"Simulation,Education",0,0,0
518660,"Action,Casual,Free to Play,RPG",15,7,8
1832620,"Action,Adventure,Indie,RPG,Early Access",0,0,0
1745800,"Casual,Indie,Strategy",13,12,1
1696720,"Action,Indie,Early Access",45,45,0
211970,Racing,112,55,57
1992410,"Casual,Indie,Strategy",0,0,0
1931640,"Action,Adventure,Indie",0,0,0
1018420,"Casual,Indie",6,6,0
1375220,"Action,Indie",0,0,0
740150,Indie,1,1,0
1701300,Adventure,14,12,2
1159940,"Adventure,Indie",2,2,0
1779200,"Casual,Indie,Simulation,Early Access",308,277,31
504050,"Action,Adventure,Indie,Simulation",869,578,291
676430,"Casual,Indie",270,218,52
1336060,Adventure,97,90,7
1632300,"Free to Play,RPG",0,0,0
314230,"Action,Indie,Early Access",1097,1040,57
1200,Action,633,538,95
877260,"Casual,Indie",9,3,6
559330,"Adventure,Indie",520,478,42
1045110,"Action,Adventure,Indie,Massively Multiplayer",17,8,9
1847060,"Action,Adventure,Free to Play,Indie,RPG,Strategy",0,0,0
1698440,"Action,Indie",2,2,0
1811070,Strategy,3,1,2
1031630,"Action,Adventure,Casual,Indie,RPG,Simulation",2,2,0
897100,"Adventure,Indie",6,4,2
1749210,"Casual,Indie,RPG,Strategy",0,0,0
1127010,"Action,Indie,Simulation,Early Access",0,0,0
1173800,RPG,991,914,77
1117490,"Simulation,Strategy",4,1,3
387780,Software Training,1,1,0
1221800,"Casual,Indie",25,24,1
261640,"Action,RPG",14874,11948,2926
1066160,"Action,Adventure,Casual,Indie,Simulation",18,12,6
552130,"Adventure,Casual,Indie,Simulation",161,72,89
1424300,"Adventure,Casual,RPG,Simulation",30,30,0
1477890,"Action,Adventure,Casual,Indie",0,0,0
824220,"Action,Adventure,Indie,Strategy",0,0,0
1043350,"Adventure,Indie",25,13,12
1701040,"Action,Casual,Indie,Simulation,Strategy",3,0,3
1000880,"Action,Casual,Indie",0,0,0
1449640,"Action,Indie",1,1,0
254840,Strategy,98,79,19
1213600,"Action,Indie,Strategy",3,2,1
1243130,"Action,Indie,Simulation",0,0,0
867110,RPG,3,3,0
947340,Education,0,0,0
497360,Adventure,30,16,14
432310,Sports,0,0,0
951030,"Action,Indie,Early Access",8,4,4
284890,"Adventure,Casual",197,157,40
1302430,"Adventure,Casual",18,9,9
1433470,"Adventure,Indie,Simulation,Strategy,Early Access",7,3,4
948370,"Action,Adventure",0,0,0
418160,"Casual,Strategy",10,9,1
819880,"Action,Casual,Early Access",1,1,0
1381880,"Action,Adventure,Casual,Indie",5,5,0
849270,"Action,Casual,Indie,Early Access",5,5,0
968500,Indie,0,0,0
1990620,"Action,Casual,Indie",0,0,0
722020,"Casual,Indie",7,0,7
270170,"Free to Play,Indie,RPG,Simulation",27,18,9
637650,RPG,12822,10512,2310
304350,"Casual,Indie,Simulation,Strategy",263,174,89
403560,Indie,145,39,106
1110770,"Casual,Indie",9,9,0
881750,"Action,Adventure,Indie",17,11,6
1580480,"Action,Adventure,Casual,Indie",10,9,1
698100,"Casual,Indie",0,0,0
1464550,"Action,Casual,Indie",52,51,1
357030,"Action,Strategy",7,2,5
1220340,Indie,8,4,4
412660,"Action,Indie",61,43,18
1815270,"Indie,Simulation",11,10,1
1219730,Adventure,7,7,0
1406710,"Action,Adventure,Indie",1,1,0
841110,"Action,Adventure,Casual,Simulation",2,2,0
1455140,"Action,Adventure,Casual",2,2,0
1882640,"Adventure,RPG",0,0,0
486510,Action,182,157,25
1937710,"Adventure,Casual",2,2,0
346950,"Adventure,Indie,RPG",15,9,6
550370,"Adventure,Indie,RPG",13,9,4
1149460,"Action,Adventure,Simulation",12357,8572,3785
1480050,"Adventure,Casual,Indie,RPG",11,10,1
964990,"Adventure,Casual,Indie",35,31,4
1327450,Adventure,2,0,2
763090,"Action,Casual,Indie,Strategy",11,5,6
1475430,"Casual,Indie,RPG,Simulation,Strategy,Early Access",3,2,1
1464000,Strategy,84,84,0
1572920,"Action,Casual,Free to Play,Early Access",0,0,0
1817310,"Casual,Indie",6,5,1
747990,"Adventure,Casual,Indie",12,7,5
1577940,"Indie,RPG",6,5,1
104000,"Indie,Strategy",96,68,28
1168470,"Adventure,Casual,Indie,RPG,Simulation",7,7,0
793150,"Free to Play,Simulation",0,0,0
406090,"Indie,Early Access",5,2,3
1053270,Adventure,1,1,0
1334040,"Action,Adventure,Indie",43,29,14
1103050,Casual,1,0,1
1601810,Adventure,0,0,0
326650,"Indie,RPG",21,0,21
1753730,"Indie,RPG,Strategy",2,2,0
891340,"Action,Casual,Indie",2,2,0
1478960,"Action,Casual,Indie,Racing",0,0,0
1072750,"Action,Adventure,Casual,Indie,Simulation,Sports",48,48,0
786050,"Adventure,Casual",0,0,0
1767910,"Casual,Indie",1,0,1
719550,"Casual,Indie",9,6,3
277890,"Action,Adventure,Indie",642,565,77
1370780,Audio Production,2,1,1
1534180,"Indie,Racing,Sports",63,55,8
1505560,"Indie,Simulation,Early Access",141,121,20
403430,Action,393,349,44
557240,"Simulation,Strategy",17,15,2
534200,"Action,Adventure,Indie",4,2,2
610740,"Adventure,Indie,RPG",13,9,4
630170,Adventure,4,2,2
378580,"Action,Adventure,Casual,Indie,Simulation",103,67,36
1832760,"Casual,RPG,Strategy",4,2,2
394120,"Casual,Free to Play,Massively Multiplayer",2,1,1
1003690,"Casual,Indie,Strategy",1,1,0
1208760,"Adventure,Indie,RPG",23,22,1
1166830,"Action,Indie,RPG,Strategy,Early Access",0,0,0
1002650,"Casual,Indie,Sports,Early Access",4,2,2
1174490,"Action,Casual,Indie,Simulation",1,1,0
965320,Strategy,211,114,97
868940,"Adventure,Free to Play",0,0,0
1191540,"Action,Adventure,Casual,Indie,Strategy",0,0,0
1546350,Casual,3,2,1
713830,"Casual,Indie",0,0,0
1132850,"Casual,Indie,Strategy",2,2,0
1530720,"Action,Simulation,Early Access",319,272,47
37390,Casual,24,21,3
551160,"Adventure,Casual",2,2,0
925880,"Action,Indie,Early Access",6,3,3
1417690,"Casual,Indie,Sports",0,0,0
532070,"Casual,Indie",2,2,0
1437840,"Action,RPG,Simulation,Strategy",2,2,0
514990,"Action,Adventure,Indie,RPG",73,49,24
953950,Indie,8,8,0
1304170,"Action,Indie,Racing,Simulation",5,5,0
2022110,"Casual,Strategy",4,2,2
866800,Adventure,4531,4186,345
1688780,"Casual,Indie",0,0,0
412760,"Action,Indie",3,3,0
1901870,"Action,Adventure,Casual,Indie,RPG",6,3,3
1102080,"Casual,Indie",9,9,0
330680,"Action,Indie",5,1,4
1216740,"Action,Casual,Indie",1,1,0
718320,"Adventure,Casual,Indie",25,12,13
909020,"Adventure,Casual,RPG,Strategy",0,0,0
512430,"Action,Casual,Indie,Strategy",23,12,11
987290,"Action,Indie",19,16,3
1498290,"Indie,RPG,Early Access",0,0,0
693300,"Casual,Indie",2,1,1
1803560,"Adventure,Casual,Indie",0,0,0
667970,"Action,Indie,Simulation",6492,6353,139
786350,"Action,Indie",1,1,0
1051190,"Action,Adventure,RPG,Sports",1,1,0
334310,"Action,Adventure,Casual,Indie,RPG,Simulation,Strategy",334,274,60
1564240,"Action,Adventure,Indie",4,4,0
1302750,"Casual,Indie,RPG,Simulation,Strategy,Early Access",6,5,1
1266840,"Action,Adventure,Indie",1271,1053,218
1277100,"Indie,RPG,Strategy",0,0,0
910530,"Adventure,Indie,RPG",4,2,2
1631290,"Adventure,Indie,Early Access",2,0,2
881230,"Casual,Indie,Racing",0,0,0
1568900,"Casual,Indie,Simulation,Strategy",0,0,0
1240630,"Indie,Strategy",148,144,4
993340,"Action,Adventure,Indie,Racing,Simulation,Sports",79,51,28
1344820,"Adventure,Casual,Indie,Simulation",9,8,1
721090,Video Production,43,26,17
980170,"Action,Adventure,Indie",5,5,0
1098200,"Casual,Indie,Racing,Simulation,Sports",21,9,12
1284260,"Action,Indie,RPG",11,10,1
411480,"Action,Free to Play,Indie",19,13,6
363070,Casual,11,10,1
747930,"Action,Indie",0,0,0
1276530,"Adventure,Casual,Indie",4,3,1
1317120,"Action,Adventure,Indie",0,0,0
934950,"Indie,RPG,Simulation,Strategy",9,5,4
1369670,"Casual,Indie,Racing,Simulation,Early Access",954,899,55
1075860,Software Training,1,1,0
390040,"Adventure,Indie",54,43,11
283000,"Indie,Strategy",50,26,24
63110,Adventure,83,54,29
668560,"Adventure,Casual,Indie",5,3,2
1488150,"Action,Adventure,Casual,Indie",4,4,0
1755300,"Casual,Indie,Simulation,Strategy",32,18,14
1136250,"Casual,Indie",0,0,0
1383440,"Action,Adventure,Casual,Indie,Massively Multiplayer,Racing,RPG,Simulation",7,2,5
1201370,"Casual,Indie,Simulation",10,7,3
504500,"Action,Adventure,Casual,Racing",4,3,1
795550,"Action,Casual,Indie",0,0,0
527880,"Action,Adventure,Indie,Early Access",4,2,2
1712570,"Action,Adventure,Indie",35,19,16
2063110,"Action,Adventure,Free to Play",0,0,0
1523720,"Casual,Indie,Simulation",83,78,5
1395400,"Adventure,Indie",53,50,3
1152900,Utilities,7,7,0
1097670,"Adventure,Indie,RPG",30,24,6
616620,"Adventure,Casual,Indie",69,54,15
1610310,"Action,Casual,Indie",1,1,0
1353270,Adventure,337,288,49
1284140,"Casual,Indie",0,0,0
1620360,"Casual,Indie,Simulation",0,0,0
674960,"Action,Indie,RPG,Strategy",85,68,17
801660,"Indie,Strategy,Early Access",1,1,0
1846240,"Action,Indie",4,4,0
746360,Casual,1,1,0
1437720,"Casual,Indie",15,12,3
469550,"Action,Racing,Simulation",5,4,1
504010,"Education,Early Access",19,12,7
1129920,"Adventure,Indie",311,309,2
327390,"Adventure,Simulation",86,80,6
1755990,"Casual,Indie",0,0,0
676550,"Action,Casual,Simulation,Early Access",11,2,9
1500030,"Action,Adventure,Casual,Indie",2,2,0
630640,"Action,Indie,Racing",52,52,0
1141850,"Action,Indie",0,0,0
1492000,Adventure,0,0,0
415080,"Casual,Indie,Simulation,Sports,Early Access",32,4,28
1481440,"Action,Strategy,Early Access",52,46,6
672280,"Adventure,Indie",0,0,0
1668280,"Action,Adventure,Casual,Free to Play,Indie",0,0,0
108700,"Action,Racing",278,187,91
32760,Simulation,143,130,13
327440,"Action,Adventure,Casual,Indie,RPG",137,102,35
1573220,"Adventure,Indie,RPG",5,5,0
883590,"Adventure,Free to Play,Indie,RPG",0,0,0
608990,"Casual,Indie,Simulation,Strategy,Early Access",192,106,86
503150,"Casual,Indie,Simulation",14,12,2
449320,"Action,Casual,Indie,Strategy",9,6,3
1679960,"Casual,Indie",0,0,0
925440,"Indie,RPG",73,70,3
594660,"Adventure,Indie,RPG",45,37,8
1071060,"Action,Indie",7,5,2
651820,Indie,1,1,0
1148040,"Action,Casual,Sports",0,0,0
893870,"Action,Adventure,RPG,Early Access",36,19,17
922170,"Action,Adventure,Indie,Early Access",3,3,0
835110,"Action,Indie",41,38,3
1289890,"Indie,RPG,Simulation",0,0,0
1359920,"Adventure,Indie",37,36,1
1072340,"Indie,Simulation",0,0,0
1515970,"Action,Casual,Indie",2,2,0
1819630,"Action,Adventure,Indie",1,1,0
381020,"Action,Indie,Simulation",618,576,42
1069230,"Adventure,Casual",19,19,0
1236070,"Adventure,Free to Play,Indie",0,0,0
953920,"Action,Adventure,Casual,Indie,Strategy,Early Access",1,1,0
649990,"Casual,Indie",14,13,1
420210,"Action,Adventure,Indie,RPG",10,6,4
960550,"Adventure,Casual,Indie,RPG",4,4,0
1850980,"Action,Adventure,Indie",0,0,0
1171240,"Action,Indie,Early Access",96,69,27
870120,"Action,Adventure,Indie",6,2,4
986370,"Adventure,Casual,Indie,Simulation",10,7,3
38490,"Action,Adventure",49,29,20
684570,"Adventure,RPG,Strategy",4,3,1
434430,"Adventure,Free to Play,Indie,RPG",5,4,1
361430,"Indie,Simulation",20,13,7
720250,"Indie,Simulation,Strategy",1288,1077,211
925610,"Adventure,Casual,Indie",1,0,1
38110,Simulation,14,11,3
444520,"Action,Adventure,Indie,Sports",14,8,6
1146510,"Adventure,Indie",173,172,1
357600,"Casual,Indie,Strategy",84,79,5
314790,"Adventure,Indie",346,260,86
1569990,"Casual,Indie",0,0,0
1043860,"Action,Casual,Indie",1,1,0
1704630,Simulation,2,2,0
1623660,"Action,Adventure,Free to Play,Massively Multiplayer,RPG",0,0,0
722730,"Adventure,Indie,RPG,Strategy,Early Access",819,783,36
683430,"Action,Indie",1,1,0
947240,Education,0,0,0
1177070,"Casual,Indie,Racing",0,0,0
1128210,"Action,Adventure,Indie",10,6,4
1027660,"Action,Casual,Indie,Early Access",0,0,0
2072680,"Action,Adventure",1,1,0
1391960,"Action,Casual,Indie",3,3,0
1936540,Indie,35,34,1
424200,"Casual,Indie",41,40,1
587000,"Action,Indie,Strategy",351,281,70
1331180,"Action,Casual,Indie,Simulation,Early Access",0,0,0
1462170,"Action,Strategy",5,4,1
210770,"Action,Indie,Strategy",4060,3763,297
1335370,"Action,Simulation,Sports,Early Access",2,2,0
1565220,"Adventure,Casual,Indie,RPG,Simulation",244,179,65
1700180,"Action,Adventure,Free to Play,Massively Multiplayer,RPG",0,0,0
313830,"Adventure,Indie,Strategy",87,55,32
684130,"Violent,Gore,Action,Massively Multiplayer,RPG,Simulation",9,4,5
602670,"Action,Adventure,Casual,Free to Play,RPG",0,0,0
1362390,"Action,Adventure,Free to Play,Indie",0,0,0
1037190,"Action,Casual,Indie,Sports",71,71,0
1836450,Action,0,0,0
1715690,"Action,Adventure",49,48,1
1390300,"Action,Adventure,RPG,Simulation,Early Access",19,19,0
650510,Action,358,259,99
396010,"Action,Indie",1,1,0
469800,"Simulation,Strategy",182,152,30
666320,"Action,Indie",2,2,0
350140,"Action,Adventure,Indie",0,0,0
1783490,"Casual,Indie",9,9,0
1158970,Adventure,24,15,9
1083270,"Action,Indie",1,1,0
358760,"Adventure,Casual,Indie",11,8,3
1116100,"Action,Adventure,Indie,Simulation,Strategy,Early Access",2,2,0
1701640,Action,17,15,2
245050,"RPG,Strategy",75,31,44
1000010,"Adventure,Indie,RPG,Strategy",447,391,56
559680,"Violent,RPG",351,297,54
907160,"Action,Adventure,Casual,Free to Play,Indie",0,0,0
1986120,"Casual,Indie,Strategy",0,0,0
1223370,"Action,Indie",5,5,0
952330,"Adventure,Indie,RPG,Strategy",2,2,0
1023940,"Education,Software Training",0,0,0
1538170,"Action,Adventure,Casual,Indie",1,0,1
108500,"Action,Indie,Strategy",243,217,26
701010,"Free to Play,Massively Multiplayer",0,0,0
908960,"Adventure,Indie,RPG,Simulation,Early Access",0,0,0
395580,Casual,4,3,1
1053820,"Adventure,RPG",0,0,0
1610,Strategy,164,140,24
1359740,"Audio Production,Design & Illustration,Utilities,Video Production,Web Publishing",3,1,2
1121190,"Action,Casual,Free to Play,Early Access",0,0,0
1022550,"Action,Indie",3,3,0
1096200,"Casual,Free to Play,Simulation,Early Access",0,0,0
213350,Action,68,31,37
251020,Simulation,26,15,11
737500,"Indie,Strategy",0,0,0
851570,"Action,Casual,Indie,Early Access",3,0,3
581380,"Adventure,Indie",10,8,2
1500590,"Action,Casual",0,0,0
821190,"Casual,Indie",4,3,1
1229720,"Adventure,Casual,Indie",1,0,1
323910,Utilities,47,39,8
485310,"Action,Adventure,Casual,Indie,Early Access",28,13,15
1403190,"Action,Adventure,Indie,RPG",15,15,0
332800,Indie,9286,8653,633
350310,Action,211,144,67
866340,"Casual,Indie,Strategy",1,0,1
587520,"Action,Adventure,Indie,RPG,Early Access",156,132,24
791470,Indie,17,17,0
1115090,"Casual,Indie,Strategy",0,0,0
946460,"Adventure,Casual,Indie",24,22,2
1630630,"Adventure,Casual,Indie",16,14,2
994360,"Adventure,Casual,Indie",3,3,0
973550,"Casual,Indie",8,6,2
1398660,"Adventure,Casual,Indie",10,9,1
1184560,Action,51,39,12
1477250,"Action,Casual,Indie",4,4,0
1304120,"Casual,Indie,Strategy",2,2,0
1942510,"Action,Adventure,Indie,RPG,Early Access",3,3,0
1831400,"Adventure,Indie,Simulation,Strategy",0,0,0
585740,"Action,Adventure,Indie",6,2,4
1096970,"Action,Casual,Indie,Early Access",7,3,4
1942140,"Indie,Racing,Simulation,Sports,Strategy",7,6,1
1749460,"Action,Casual,Indie,Simulation,Strategy",5,5,0
815560,"Adventure,Casual",3,2,1
1537030,"Free to Play,RPG,Strategy",0,0,0
1451120,"Adventure,Indie",85,73,12
1155720,"Casual,Simulation",52,47,5
1015550,"Adventure,Casual,RPG,Simulation",1,1,0
965820,"Adventure,Indie,RPG",7,7,0
668170,"Action,Free to Play,Indie,Racing,Simulation,Sports,Early Access",0,0,0
1682420,"Action,Indie",1,1,0
1128000,"Adventure,Indie,RPG",4451,1799,2652
1543320,"Action,Casual,Simulation,Strategy",5,3,2
1063230,"Adventure,Indie",7,2,5
574310,"Adventure,Indie",159,129,30
1013310,"Adventure,Indie,Strategy",98,69,29
631900,"Action,Adventure",50,47,3
1716260,Casual,1,1,0
741010,"Adventure,Casual,Indie,Simulation,Sports,Strategy",1,1,0
1295740,"Action,Indie",5,4,1
1360580,Adventure,6,5,1
306040,"Casual,Indie,Simulation,Strategy",533,392,141
1066010,"Action,Adventure,Casual,Indie,Early Access",3,3,0
973810,"Action,Adventure",1735,1555,180
1150460,"Casual,Indie",140,135,5
895870,"Action,Indie,Simulation",6145,5900,245
486290,"Casual,Indie,Strategy",22,22,0
490690,"Adventure,Indie",16,12,4
962290,"Adventure,Indie,Strategy,Early Access",0,0,0
754410,"Casual,Simulation",0,0,0
1477850,"Action,Adventure",0,0,0
534750,"Action,Adventure,RPG,Early Access",16,12,4
836260,"Action,Adventure,Casual,Indie",4,4,0
468160,"Casual,Indie,Strategy",54,29,25
904520,"Casual,Indie",178,147,31
283840,"Action,Indie",38,34,4
1448400,"Adventure,Massively Multiplayer,Racing,Strategy,Early Access",1,0,1
1203400,"Adventure,Casual,Indie",3,3,0
1894210,"Casual,Indie",0,0,0
1163100,"Indie,Simulation,Strategy",0,0,0
673920,Casual,2,2,0
1153850,"Action,Adventure,Indie,Simulation,Strategy",8,8,0
1782080,"Action,Adventure,Simulation,Strategy",0,0,0
487700,"Action,Adventure,Indie",430,404,26
1187780,Indie,0,0,0
1915450,"Action,Indie,Early Access",9,8,1
1889440,"Adventure,Casual,Indie",2,1,1
818240,"Action,Indie,Racing,Sports",0,0,0
1392240,"Casual,Indie",0,0,0
1879540,"Action,Indie,Racing",2,2,0
1145240,"Free to Play,Massively Multiplayer,RPG,Strategy",0,0,0
1914530,"Action,Adventure,Indie,Early Access",7,7,0
437550,"Action,Indie,Simulation,Early Access",48,40,8
779570,"Casual,Indie,Simulation,Strategy",17,8,9
946500,"Action,Casual,Indie,RPG,Early Access",4,2,2
678520,"Action,Adventure,Indie,Simulation",227,188,39
1138960,"Action,Indie,RPG",69,62,7
742480,"Adventure,Casual,Indie",74,64,10
946670,"Indie,Simulation,Strategy,Early Access",32,9,23
746900,"Action,Adventure,Indie",1,0,1
692090,Indie,0,0,0
1173070,"Action,Indie",0,0,0
1753810,"Action,Adventure,Indie",0,0,0
572710,Adventure,51,40,11
1595760,"Casual,Indie",0,0,0
1555590,"Action,Early Access",22,20,2
295790,"Action,Adventure,Casual,Indie",2313,1824,489
701960,"Adventure,Casual,Indie,Racing",6,2,4
637310,"Casual,Indie,Simulation",33,17,16
1177640,"Action,Indie",32,28,4
1130410,"Action,Indie",751,725,26
754480,"Casual,Indie",1,1,0
597200,"Indie,Strategy",23,19,4
1631930,"Indie,Early Access",1,1,0
1512960,"Casual,Indie,Strategy",2,2,0
1333840,"Action,Free to Play,Indie",0,0,0
1525330,"Action,Indie,Strategy",6,1,5
1399750,"Action,Adventure,Indie",44,34,10
1909830,Casual,0,0,0
650460,Education,0,0,0
1545810,"Action,Adventure,Indie,RPG,Early Access",0,0,0
270450,"Action,Indie,Sports",1909,1761,148
590850,"Adventure,Casual,Indie,Strategy",20,17,3
1610820,"Casual,Indie,Simulation",0,0,0
1259290,"Simulation,Strategy",4,2,2
404420,"Adventure,Casual,Indie",9,6,3
977400,"Casual,Free to Play,Simulation",0,0,0
868090,"Action,Free to Play,Indie,Simulation,Strategy",0,0,0
1276370,"Adventure,Indie",0,0,0
517810,"Simulation,Strategy",301,227,74
457660,"Casual,Indie",16,11,5
1021860,Indie,5,5,0
1735980,"Casual,Indie",5,4,1
1553420,"Action,Casual,Free to Play,Indie,Early Access",0,0,0
1232150,"Adventure,Casual",30,28,2
1424360,"Adventure,Indie,RPG,Simulation",0,0,0
822940,"Adventure,Casual,Indie",9,9,0
1329190,"Action,Adventure,Indie,RPG",3,3,0
1675590,"Action,Adventure,Casual,Free to Play,Massively Multiplayer,RPG",0,0,0
626780,"Adventure,Casual",0,0,0
878310,"Casual,Strategy",0,0,0
1852220,Action,0,0,0
1576020,"Adventure,Indie,Strategy",2,2,0
1594830,"Action,Adventure,Casual",0,0,0
1149590,"Casual,Indie,Strategy",14,14,0
1916340,"Simulation,Sports,Strategy",12,11,1
397850,"Adventure,Indie,Simulation,Early Access",5,5,0
314650,"Casual,Indie,Simulation,Early Access",3272,3134,138
1235350,"Adventure,Indie,RPG,Simulation",4,3,1
1159490,"Action,Adventure,Casual,Indie,RPG,Simulation,Strategy",0,0,0
893140,"Adventure,Casual,Indie",3,1,2
674230,Adventure,4,4,0
1213760,"Casual,Indie,Simulation",1,1,0
578350,"Indie,Strategy",39,33,6
344160,"Casual,Indie,Simulation,Strategy",20,3,17
705380,"Action,Indie,Simulation",13,10,3
401710,"Action,Adventure,Indie",388,273,115
762610,"Action,Indie",120,117,3
1127030,"Casual,Indie,Simulation,Strategy",0,0,0
979450,"Action,Casual,Indie",6,6,0
671650,"Action,Casual,Indie",34,30,4
619210,"Indie,Simulation",141,120,21
510910,"Adventure,Indie",43,31,12
1162050,"Action,Casual,Indie,Massively Multiplayer,Sports",29,17,12
1303790,"Adventure,Indie",2,2,0
1398440,Indie,0,0,0
1862250,Action,0,0,0
843040,"Casual,Indie,Simulation,Strategy",11,4,7
1649830,Indie,5,2,3
488160,"Action,Free to Play,Indie",0,0,0
808210,"Adventure,Indie,Simulation",9,7,2
1491850,"Action,Indie,Strategy",2,0,2
1861490,"Adventure,Casual,Indie",18,15,3
909370,"Adventure,Indie,Simulation",0,0,0
781590,"Adventure,RPG,Strategy",0,0,0
810340,"Action,Adventure,Casual,Indie,RPG,Strategy,Early Access",6,4,2
1452860,"Casual,Indie",2,0,2
694470,"Casual,Indie",5,1,4
1574580,"Adventure,Simulation",2502,2411,91
920280,"Casual,Indie",4,4,0
782340,"Casual,Free to Play,Indie",0,0,0
2010960,"Free to Play,Simulation,Sports",0,0,0
1291170,"Action,Adventure,Casual,Indie,Early Access",55,45,10
453710,"Casual,Indie,Simulation,Sports,Strategy",47,38,9
912820,"Adventure,Casual,Indie,RPG",5,4,1
1823540,"Adventure,Casual",3,3,0
1248100,"Adventure,Indie,RPG",1,1,0
967330,"Indie,Massively Multiplayer,RPG,Early Access",73,66,7
1156990,Adventure,167,155,12
1544450,"Action,Indie",1,0,1
629430,Indie,38,37,1
1239020,"Adventure,Casual,Indie,RPG,Simulation,Early Access",235,154,81
611960,"Action,Casual,Indie,Simulation",6,4,2
527990,"Action,Adventure,Indie,RPG",97,70,27
1424330,"Casual,Indie,Simulation",3670,3603,67
421670,"Free to Play,Indie,RPG,Simulation",20,20,0
398680,"Casual,Indie",14,8,6
1496680,"Indie,Strategy",13,10,3
871670,"Adventure,Indie",0,0,0
1263070,"Action,Adventure,Indie,RPG",491,319,172
1169870,"Adventure,Indie,RPG",0,0,0
428930,"Action,Adventure,Casual,Indie",1,1,0
1684510,"Adventure,Casual,Free to Play,Indie",0,0,0
638070,"Action,Indie,Simulation,Strategy",148,95,53
1687990,"Action,Adventure,Casual,Indie,RPG,Early Access",20,19,1
750460,"Action,Adventure,Indie",25,20,5
874770,"Action,Indie",6,6,0
1921850,Simulation,10,7,3
1150290,"Casual,Indie,Simulation",0,0,0
407880,"Adventure,Indie,RPG",14,11,3
1911120,Simulation,0,0,0
788900,"Action,Adventure,Indie",3,2,1
1914240,"Action,Casual,Indie",1,1,0
946000,"Adventure,Indie",13,12,1
806670,"Indie,Early Access",4,4,0
1368000,"Adventure,Indie",0,0,0
228300,"Action,Adventure",4104,3272,832
325880,Indie,17,9,8
737520,"Action,Adventure,Indie",107,85,22
818720,"Action,Adventure,Indie,Early Access",0,0,0
1810290,"Software Training,Utilities",0,0,0
1671630,Casual,0,0,0
1338620,"Action,Adventure,Indie",11,11,0
1292550,"Action,Adventure,Casual,Indie,Strategy,Early Access",2,2,0
711570,"Violent,Action,Adventure,Indie,Simulation,Strategy",21,15,6
1050000,"Adventure,Indie",34,32,2
431510,"Adventure,Casual,Indie,Simulation",13,9,4
1754470,"Animation & Modeling,Design & Illustration,Game Development",8,3,5
1371770,Adventure,17,17,0
565120,"Adventure,Indie",547,465,82
929170,"Adventure,Casual,Simulation",16,14,2
1968190,Casual,11,7,4
1865660,"Animation & Modeling,Utilities,Game Development",3,2,1
1066240,"Action,Casual,Indie",17,12,5
1055780,"Action,Adventure,Casual,Indie,RPG",2,2,0
1771830,"Adventure,Free to Play,Indie,RPG",0,0,0
991810,"Indie,Simulation,Strategy",194,133,61
893180,Adventure,2763,2552,211
911220,"Action,Adventure,RPG",108,91,17
1494910,"Action,Adventure,Casual,Free to Play,Indie,Racing,RPG,Strategy",0,0,0
873910,"Casual,Free to Play,Simulation,Strategy",0,0,0
1326330,"Casual,Indie",0,0,0
408750,"Casual,Indie",6,6,0
1077340,"Action,Free to Play,Indie,Racing,Simulation",11,9,2
1811440,"Adventure,Casual,Free to Play,Indie,RPG",0,0,0
804290,"Casual,Indie,Simulation",12,6,6
652560,"Indie,RPG,Early Access",3,1,2
1569720,"Action,Casual",0,0,0
581230,"Action,Indie",23,13,10
1573750,"Adventure,Casual,Indie",106,102,4
237890,"Adventure,RPG,Strategy",1175,816,359
1758870,"Action,Adventure,Indie",4,3,1
1567380,Casual,7,7,0
747590,"Action,Indie,Racing,Sports",31,23,8
1705500,"Casual,Indie",0,0,0
1218140,"Indie,Simulation",7,7,0
1420650,"Action,Indie",14,14,0
1696130,Casual,0,0,0
1132840,Indie,2,0,2
313160,Simulation,3968,3581,387
1952270,"Casual,Free to Play",0,0,0
1522020,"Adventure,Simulation",0,0,0
1410490,"Casual,Indie",0,0,0
1578390,"Indie,Racing,Simulation,Early Access",276,251,25
1666720,"Casual,Simulation,Strategy",0,0,0
1542710,Casual,8,8,0
570690,"Nudity,Violent,Gore,Action,Indie",13,0,13
1206840,Indie,2,0,2
929310,"Casual,Indie",10,9,1
1139240,"Action,Adventure,Casual",4,4,0
577780,"Indie,Early Access",4,3,1
815440,"Action,Adventure",28,21,7
1372910,"Action,Casual,Free to Play,Indie",0,0,0
1911510,Action,1,1,0
1736710,"Adventure,Indie",31,30,1
1023980,"Action,Adventure,RPG,Early Access",31,12,19
1930360,"Adventure,Indie,Strategy",0,0,0
1230990,"Action,Adventure",8,7,1
1349940,Casual,7,7,0
305660,"Action,Casual,Indie,Simulation,Strategy,Early Access",17,4,13
1317800,Simulation,3,1,2
917910,"Indie,RPG",6,5,1
643200,"Adventure,Indie",109,82,27
817920,"Adventure,Indie,RPG",2,2,0
943190,"Indie,Simulation",30,26,4
899200,"Adventure,Casual,Racing,Simulation",32,23,9
734550,"Action,Free to Play,Massively Multiplayer,Racing",0,0,0
1940370,"Action,Adventure",16,11,5
46450,"Indie,RPG,Strategy",210,115,95
244210,"Indie,Racing,Simulation,Sports",24928,22853,2075
1072150,"Action,Adventure,Indie,RPG",1061,1012,49
857480,"Indie,Simulation",14,11,3
1609580,"Adventure,Indie,RPG",3,3,0
12600,Racing,22,3,19
1568040,"Adventure,Casual",0,0,0
1632810,"Action,Indie",0,0,0
1113760,"Casual,Indie,Strategy",4,3,1
1251430,"Action,Indie,Sports",8,5,3
1994380,"Casual,Indie",1,1,0
777590,"Casual,Indie,RPG,Simulation,Strategy,Early Access",2,1,1
1579930,"Action,Adventure,Strategy",2,0,2
1761390,Action,2396,2165,231
729670,"Action,Adventure,Casual,Indie,RPG,Simulation,Strategy",17,7,10
1201750,"Action,Early Access",3,3,0
2006840,"Action,Sports",1,1,0
457450,"Indie,Strategy",11,5,6
368610,"Indie,RPG",318,300,18
1073100,"Adventure,Casual,Indie",7,7,0
471170,"Casual,Indie,Simulation,Strategy",32,25,7
1173380,"Action,Adventure,Casual,Indie,Simulation",406,352,54
1979210,"Adventure,Casual,Free to Play,RPG",0,0,0
680350,"Casual,Indie,Simulation",7,6,1
1301410,"Adventure,Indie,Strategy",2,2,0
1376820,"Casual,Indie,Early Access",2,1,1
1003370,"Adventure,Indie,RPG,Strategy,Early Access",8,6,2
855190,"Adventure,Indie",32,22,10
307050,"Adventure,Casual,Indie",369,313,56
375250,"Casual,Indie,RPG,Simulation,Strategy",114,103,11
1598840,"Casual,Indie",3,3,0
624920,"Adventure,Free to Play,Indie",0,0,0
1127530,"Action,Casual,Indie",3,3,0
1092750,"Adventure,Casual,Indie",1,1,0
765870,Adventure,485,400,85
1712750,"RPG,Strategy,Early Access",20,16,4
609410,"Adventure,Casual,Indie,Simulation,Strategy,Early Access",34,24,10
1339790,"Action,Massively Multiplayer,Simulation",6,3,3
463060,"Adventure,Casual,Free to Play",3,2,1
531660,"Action,Adventure,Indie,RPG,Early Access",149,114,35
307070,"Adventure,Indie,RPG",20,12,8
1500970,"Indie,Strategy",58,49,9
449770,"Indie,RPG,Strategy",1,1,0
1309350,"Action,Indie",2,1,1
1739100,"Free to Play,Indie,Strategy",0,0,0
1820090,"Adventure,Indie",2,2,0
1850690,"Action,Adventure,Casual,Indie,Racing,Simulation,Sports,Strategy",4,3,1
638000,"Casual,Indie,Simulation,Sports",196,173,23
1308380,"Action,Casual,Free to Play",15,11,4
960910,"Action,Adventure",1801,1443,358
994730,"Indie,RPG,Strategy",385,335,50
572180,"Action,Casual,Indie",7,7,0
618550,"Casual,Indie",70,61,9
346060,Adventure,24,23,1
887970,"Casual,Free to Play,Indie",9,7,2
831570,"Adventure,Indie",33,31,2
1275790,"Action,Adventure,Casual,Indie",13,13,0
550450,"Action,Casual,Indie",17,12,5
1902040,"Action,Indie,Strategy",0,0,0
1171560,"Adventure,Indie,Early Access",5,5,0
1251130,"Action,Casual,Simulation",0,0,0
517710,Racing,2123,1807,316
331870,"Adventure,Indie",1547,1361,186
1649920,"Action,Adventure,Casual,Indie,Massively Multiplayer,RPG,Simulation,Strategy,Early Access",8,7,1
1787760,"Adventure,Casual,Indie,Strategy",33,31,2
1630080,"Casual,Free to Play,Indie",0,0,0
1367350,"Action,Casual,Indie",1,1,0
578660,"Action,Adventure,Indie",10,8,2
1367340,"Casual,Indie,RPG,Simulation,Early Access",3,0,3
1034130,"Action,Indie",3,2,1
716850,"Adventure,Casual,Indie,Strategy",1,0,1
881910,"Action,Indie,Massively Multiplayer,RPG,Early Access",1,0,1
769730,"Casual,Indie,Strategy",38,29,9
209160,Action,4842,2400,2442
320630,"Adventure,Casual",67,47,20
1339420,"Adventure,Casual,Indie,Simulation",9,7,2
362860,"Adventure,Indie",80,59,21
1767780,"Indie,Strategy",0,0,0
1210490,"Action,Adventure,Indie",12,8,4
637980,"Action,Early Access",0,0,0
398120,"Violent,Gore,Action,Indie,RPG,Simulation,Early Access",30,9,21
1483610,"Casual,Indie",6,5,1
964220,"Action,Casual,Indie",2,2,0
750070,"Indie,Racing,Simulation",23,6,17
1399230,"Action,Casual",0,0,0
1595020,Casual,18,18,0
721510,"Violent,Action",0,0,0
801770,"Action,Adventure,Casual,Indie",4,1,3
1935800,"Simulation,Sports,Strategy",1,1,0
1211800,"Action,Adventure,Indie,Simulation",0,0,0
542880,"Action,Adventure,Indie",10,7,3
1410860,"Adventure,Indie",0,0,0
1323910,"Action,Adventure,Indie",3,3,0
440340,Action,41,28,13
1974310,"Adventure,Casual,Indie,Simulation,Sports,Strategy",1,1,0
448280,Simulation,2256,2053,203
1236560,"Adventure,Free to Play,Indie",0,0,0
1961130,Indie,1,1,0
1130620,"Action,Adventure,Casual,Indie,Simulation,Strategy",286,260,26
957280,"Action,Casual,Indie,Strategy",1,1,0
15750,"Action,Adventure,Strategy",890,772,118
734490,"Adventure,Casual,Indie,Strategy",5,5,0
1037350,"Adventure,Casual,Indie",5,2,3
1619220,"Action,Adventure,Free to Play,Massively Multiplayer,RPG",0,0,0
600120,"Casual,Free to Play,RPG",0,0,0
1977440,Action,0,0,0
400,Action,47426,46807,619
1136010,"Action,Indie,Massively Multiplayer,Early Access",1,0,1
891240,Indie,9,6,3
207670,"Indie,Casual",19,11,8
1665080,"Adventure,Casual,Indie,Simulation",19,12,7
1258020,"Casual,Indie,Strategy",16,16,0
447290,"Action,Indie",687,579,108
987060,"Adventure,Indie,Early Access",1,1,0
1092270,Casual,0,0,0
299360,"Action,Free to Play,Massively Multiplayer,Strategy",1123,830,293
1939690,Strategy,0,0,0
872570,"Free to Play,Massively Multiplayer,Strategy",0,0,0
989490,"Action,Indie",0,0,0
1692940,"Action,Adventure,Indie",0,0,0
465280,Adventure,125,96,29
2710,Action,193,168,25
1266400,Casual,10,9,1
909900,"Adventure,Casual,Indie,Simulation,Strategy",0,0,0
1200720,"Casual,Simulation",315,311,4
378480,"Action,Massively Multiplayer,Racing,RPG,Simulation,Early Access",9,5,4
729570,"Action,Casual,Indie",23,19,4
1414990,"Casual,Indie,Simulation",5,5,0
809320,"Casual,Indie",6,6,0
1251330,Casual,6,6,0
1863470,Indie,0,0,0
1138780,"Casual,Indie",0,0,0
342350,"Action,Adventure,Indie",117,93,24
1264790,"Strategy,Early Access",7,6,1
1097370,"Indie,RPG",67,54,13
588620,"Adventure,Casual,Simulation",27,26,1
716870,"Casual,Indie",2,1,1
313590,"Action,Adventure,Indie",151,119,32
926990,"Action,RPG,Simulation,Early Access",3381,3277,104
1422950,"Action,Adventure,Indie",15,15,0
1107060,"Adventure,Casual,Indie",10,10,0
1593490,"Action,Adventure,Indie",86,74,12
980210,"Action,Adventure,Casual,Indie,RPG,Strategy",54,45,9
214570,Action,68,60,8
1357990,Adventure,2,1,1
561590,"Simulation,Sports",28,16,12
544370,"Violent,Action,Casual,Racing",1,0,1
440520,Utilities,239,113,126
2054140,"Casual,Indie,Strategy",0,0,0
435050,"Action,Adventure,Casual,Indie,Strategy,Early Access",3,1,2
1357870,"Action,Adventure,Indie,Early Access",23,21,2
1090800,"Indie,Simulation,Early Access",87,71,16
381310,Indie,12,9,3
573120,"Adventure,Indie,RPG,Simulation,Strategy",427,332,95
1795070,Adventure,3,3,0
2025680,"Action,Casual,Free to Play,Indie,Sports",0,0,0
623860,"Simulation,Sports,Strategy",4,3,1
1263850,"Simulation,Sports",5884,5525,359
340560,Action,4,2,2
719130,"Casual,Indie",7,6,1
1772230,Indie,0,0,0
309900,"Action,Indie,Early Access",18,13,5
1295900,"Indie,RPG,Simulation,Early Access",231,160,71
1590130,"Adventure,Indie",2,1,1
1011530,"Action,Adventure",0,0,0
826030,"Casual,Indie,Early Access",5,3,2
1674340,"Free to Play,Massively Multiplayer,RPG",0,0,0
1597430,"Adventure,Casual,Indie,RPG",22,15,7
1171660,"Action,Adventure,Casual,Indie,RPG",21,19,2
1023760,"Indie,Simulation,Strategy,Early Access",0,0,0
555520,"Adventure,Casual",6,6,0
1741670,"Casual,Indie,Simulation",3,3,0
1591630,"Action,Early Access",2,0,2
1134520,"Action,Adventure,Early Access",130,103,27
478980,"Adventure,Strategy",9,8,1
1347600,"Adventure,Casual,Indie,RPG",14,13,1
507060,"Adventure,Casual,Indie",10,8,2
414550,"Action,Indie",66,43,23
1066140,"Adventure,Indie",72,57,15
391100,"Action,Adventure,Indie",2,1,1
432620,"Action,Casual,Indie",3,3,0
1161210,"Casual,Indie",0,0,0
1040000,"Action,Casual,Indie",1,1,0
1754840,"Indie,Simulation",382,292,90
1191690,"Action,Indie",1,1,0
1169040,"Action,Adventure,Indie,Early Access",1897,1824,73
1840480,"Adventure,Indie,Early Access",0,0,0
1427540,Indie,1,1,0
1497700,"Adventure,Casual,Indie,RPG,Strategy",0,0,0
764920,"Action,Adventure,Massively Multiplayer,RPG,Simulation",282,151,131
1997300,Casual,0,0,0
829630,Casual,3,1,2
611760,"Adventure,Indie",849,842,7
1597780,"Casual,Indie,Simulation,Strategy",2,2,0
1132120,Casual,32,28,4
554690,RPG,2,2,0
1678050,"Action,Indie,Racing,Early Access",0,0,0
1309200,"Casual,Indie,Simulation,Sports,Strategy",56,52,4
1313150,"Indie,Early Access",2,1,1
329440,Adventure,1424,852,572
1778100,Indie,3,3,0
1123520,"Action,Adventure,RPG,Early Access",0,0,0
1022150,"Adventure,Casual,Indie",1,0,1
1270010,"Action,Adventure,Indie,Simulation",54,28,26
1810190,"Casual,Indie",0,0,0
1483580,"Action,Indie,Racing,Simulation,Sports",5,5,0
1410440,"Action,Indie",15,15,0
1549620,Casual,4,4,0
598670,"Adventure,Casual,Simulation,Strategy",19,18,1
681480,"Casual,Indie",7,1,6
1318170,Video Production,1,1,0
411610,Adventure,12,12,0
1568320,"Action,Casual,Indie,Sports",0,0,0
1791700,"Massively Multiplayer,RPG,Strategy",0,0,0
1509230,"Casual,Indie,Massively Multiplayer,RPG,Sports",49,15,34
871150,"Action,Adventure,Indie,RPG,Early Access",3,2,1
804460,"Action,Strategy,Early Access",7,3,4
1608220,"Action,Indie,Massively Multiplayer,Strategy",0,0,0
598450,Action,170,108,62
655120,"Adventure,Casual,Indie,Simulation",23,14,9
437210,"Simulation,Sports",11,8,3
398620,"Adventure,Casual",5,5,0
259510,"Action,Indie,Sports",124,104,20
781270,"Action,Adventure",2,2,0
399920,"Action,Casual",7,5,2
532600,"Casual,Indie",2,1,1
494310,"Action,Adventure,Indie,Sports,Early Access",42,41,1
1207010,"Adventure,Indie",0,0,0
1805210,"Free to Play,Strategy",0,0,0
879410,Indie,0,0,0
1728770,"Casual,Indie",3,1,2
663170,Strategy,0,0,0
964890,Utilities,0,0,0
1358320,"Action,Adventure,Early Access",4,4,0
1810490,"Adventure,Casual,Indie",7,1,6
352140,"Casual,Simulation,Strategy",59,47,12
987190,"Adventure,Indie,RPG",26,22,4
1669170,"Action,Indie,Simulation,Strategy,Early Access",119,102,17
1564710,"Adventure,Simulation",2,2,0
866200,"Action,Indie",0,0,0
463920,"Action,Indie,Early Access",4,1,3
1748370,"Action,Adventure,Free to Play,Indie,Early Access",0,0,0
845870,"Indie,Early Access",1,0,1
33130,"Action,Indie,RPG",192,161,31
461320,"Sports,Early Access",3,2,1
720670,Casual,0,0,0
1821440,Action,0,0,0
1004040,"Casual,Indie",5,3,2
824190,"Adventure,Casual,Indie,Simulation,Strategy",224,195,29
226560,Adventure,272,153,119
1203810,"Action,Adventure,Indie,RPG",0,0,0
938810,"Free to Play,Indie,RPG",0,0,0
513200,"Audio Production,Video Production",0,0,0
826180,"Action,Adventure,Indie,RPG",21,15,6
1554960,"Adventure,Casual,Indie",7,6,1
1248670,"Action,Casual,Indie",0,0,0
1100410,Strategy,306,158,148
854570,"Adventure,Indie",315,280,35
1094730,"RPG,Strategy",50,35,15
1397960,"Casual,Indie",1,1,0
364510,"Action,Indie,RPG",120,110,10
835450,"Action,Free to Play,Indie",1,0,1
258880,Simulation,84,37,47
914750,"Adventure,Casual,Simulation",115,92,23
787790,"Casual,Free to Play,Indie,Racing,Simulation",8,4,4
1991090,"Action,Adventure,Casual,Indie,Simulation,Strategy",0,0,0
216910,"Action,RPG",655,475,180
657590,"Action,Casual,Indie",21,11,10
930710,Indie,6,4,2
510430,"Casual,Indie",7,7,0
1162630,Casual,2,1,1
723950,"Adventure,Casual",1,1,0
1323900,Indie,142,107,35
743900,Action,394,301,93
1893860,"Action,Casual,Free to Play,Indie,Early Access",0,0,0
1312470,Indie,2,2,0
842870,Indie,2,1,1
1464400,"Casual,Strategy",1,1,0
516870,Indie,2,1,1
739990,"Adventure,Casual,Indie",7,4,3
467370,"Casual,Indie,Strategy",26,13,13
1093760,"Indie,Strategy",17,14,3
916440,"Simulation,Strategy",1311,1109,202
745330,"Adventure,Casual,Indie",56,46,10
1879690,"Adventure,Casual",0,0,0
344220,"Action,Indie,Racing,Early Access",8,4,4
1855950,"Adventure,Indie,RPG",1,0,1
865570,"Adventure,Casual,Free to Play,Indie,RPG,Early Access",0,0,0
1510310,"Action,Adventure,Racing,RPG,Simulation",2,0,2
603380,"Adventure,Casual,Indie,Simulation",19,13,6
568440,"Violent,Gore,Action,Adventure,Casual,Indie",47,36,11
1128160,"Action,Casual,Indie",2,1,1
1982310,"Indie,Audio Production,Education,Video Production,Early Access",5,5,0
821920,"Adventure,Indie",5,5,0
528640,"Action,Casual,Simulation,Sports,Strategy",69,32,37
206610,"Casual,Indie",64,17,47
471200,"Indie,Simulation",3,3,0
393920,"Indie,Simulation",139,68,71
826040,"Action,Indie",11,8,3
351690,"Action,Indie",8,8,0
1543750,"Casual,Indie",13,12,1
773430,"Casual,Indie,Racing",56,51,5
1630290,Adventure,0,0,0
568830,"Action,Adventure,Casual,Indie,RPG,Strategy",13,12,1
759570,"Action,Adventure,Indie,RPG",58,26,32
1881240,"Casual,Indie,Strategy",0,0,0
862200,"Action,Adventure,Indie",0,0,0
7010,Action,276,206,70
1204540,Casual,0,0,0
826380,"Adventure,Casual",1,1,0
673660,"Action,Indie",22,11,11
1782860,"Adventure,Indie,RPG",9,9,0
810040,"Adventure,Casual,Indie,RPG,Early Access",499,460,39
1089600,"Casual,Indie",23,20,3
1410260,Action,18,18,0
460510,"Free to Play,Indie,Simulation",2,1,1
973760,"Adventure,RPG",3464,3034,430
377940,"Casual,Indie,Strategy",13,9,4
869780,"Casual,Indie,Sports",14,10,4
877270,"Action,Adventure,Indie,RPG,Simulation,Strategy",3,2,1
1843270,"Action,Indie,Sports",1,1,0
1511630,"Indie,Massively Multiplayer,Racing,Simulation,Sports,Early Access",51,35,16
1168320,"Action,Adventure,Indie",2,1,1
290000,"Action,Casual,Indie",112,95,17
339910,"Action,Indie,Early Access",144,117,27
1190560,"Adventure,Indie",1,1,0
1576750,"Action,Casual,Indie,Simulation",0,0,0
1566600,"Casual,Indie",0,0,0
1449400,"Racing,Simulation,Sports",3,2,1
412170,"Adventure,Indie,RPG,Strategy",73,61,12
823910,"Indie,Strategy",1029,955,74
1431220,"Casual,Indie,RPG,Simulation",14,13,1
1403550,"Action,Indie",0,0,0
1352910,"Adventure,Casual,Indie",18,17,1
1739610,"Action,Adventure,Free to Play,Massively Multiplayer,RPG,Strategy",0,0,0
1342900,"Casual,Indie,Sports",1,0,1
1346830,Adventure,103,66,37
1593170,"Adventure,RPG,Simulation,Early Access",26,26,0
603280,"Action,Adventure,Indie,RPG",14,13,1
1383740,"Adventure,Casual,Indie",100,93,7
851580,"Casual,Indie",3,2,1
768180,"Adventure,Casual,Simulation",21,15,6
1764410,Indie,5,5,0
1567270,Indie,6,2,4
746140,"Action,Casual",124,100,24
371380,"Action,Indie,Early Access",4,4,0
361280,"Indie,Simulation,Strategy",3517,3238,279
271920,Simulation,76,60,16
863570,"Adventure,Casual,RPG,Simulation,Strategy",429,368,61
357120,"Action,Indie",68,47,21
613390,"Violent,Gore,Adventure,Indie,RPG",144,128,16
617610,"Casual,Simulation",37,33,4
1590330,"Action,Adventure,Indie",13,5,8
1565450,"Action,Adventure,Indie",3,3,0
1468420,Adventure,10,5,5
334470,"Adventure,Casual",6,3,3
1198630,Casual,12,9,3
696160,"Casual,Free to Play,Indie,Simulation,Strategy",0,0,0
1000000,"Action,Adventure,Indie",4,2,2
1029760,"Action,Indie",48,44,4
24085,Simulation,0,0,0
678090,"Adventure,Free to Play,Indie",0,0,0
1033230,"Action,Casual,Indie",1,1,0
1273260,"Adventure,RPG",282,274,8
1995040,Indie,11,9,2
1763830,"Simulation,Early Access",53,46,7
1038250,"Action,Adventure,Casual,Racing,Sports",1049,612,437
611770,"Action,Indie",21,16,5
1583590,"Action,Indie",18,9,9
385310,"Adventure,Indie",21,8,13
499620,"Action,Adventure,Casual,Simulation",187,150,37
912660,"Adventure,Indie,Racing,Early Access",9,6,3
302440,Simulation,23,6,17
349240,"Indie,RPG",18,14,4
757780,"Action,Indie,RPG,Early Access",1,1,0
1663140,"Indie,RPG",1,1,0
371520,"Indie,Simulation,Strategy",471,328,143
13620,Action,54,50,4
515980,Strategy,43,24,19
766360,"Action,Casual,Indie,Simulation,Early Access",0,0,0
915600,"Action,Indie",318,266,52
1185500,"Action,Adventure,Casual",0,0,0
1557860,Racing,19,11,8
667620,"Action,Indie,Strategy,Early Access",22,16,6
1188310,"Action,Casual,Indie",6,6,0
817710,"Action,Adventure,Indie",3,3,0
1871920,"Casual,Indie",1,1,0
1092730,"Adventure,Indie,Strategy",0,0,0
716190,Casual,5,4,1
933210,"Action,Adventure,Indie",4,4,0
1712730,"Action,Adventure,Casual,Indie,Sports,Strategy",14,13,1
1438710,"Action,Adventure,Free to Play,Indie,RPG,Strategy",0,0,0
587310,"Indie,RPG",26,26,0
629380,"Casual,Indie,Simulation",8,2,6
1066200,"Adventure,Indie,RPG,Simulation,Strategy",0,0,0
392610,Indie,15,14,1
1855240,"Action,Adventure,Indie,RPG",1,1,0
250520,"Indie,RPG",3287,2867,420
632590,"Adventure,Casual,Indie",26,26,0
1044020,"Action,Adventure,Indie",18,14,4
562590,"Action,Casual,Free to Play,Indie,Massively Multiplayer",296,198,98
536050,"Casual,Indie,Early Access",0,0,0
33460,"Adventure,Simulation",1728,1066,662
358960,"Action,Indie",94,87,7
1166540,Indie,0,0,0
884400,"Adventure,Indie,RPG",11,11,0
384740,"Adventure,Indie",480,341,139
1304390,"Adventure,Casual,Free to Play,Indie,RPG",0,0,0
1742230,"Indie,RPG",4,1,3
926240,"Action,Indie",1,1,0
1998660,Strategy,0,0,0
1661930,"Casual,Indie",0,0,0
1052220,Indie,14,13,1
2027810,"Action,Indie",7,7,0
1952310,"Action,Indie,Early Access",0,0,0
1959470,"Casual,Indie,Simulation",2,2,0
1862500,"Action,Adventure,Casual,Indie,Massively Multiplayer,Racing,Simulation,Strategy",9,9,0
453470,"Casual,Indie,Strategy",0,0,0
1136390,"Adventure,Casual,Indie,RPG,Simulation,Strategy",9,2,7
90200,Simulation,251,208,43
336040,"Action,Free to Play,Indie,RPG,Strategy",1,1,0
1335500,"Indie,Simulation",3,3,0
1676320,"Indie,Simulation",3,1,2
375820,"Casual,Indie,Simulation",1151,1066,85
1084480,"Indie,Strategy",39,34,5
1599630,"Adventure,Indie,Simulation,Early Access",32,29,3
625900,RPG,4,3,1
1799180,"Adventure,RPG,Simulation",11,11,0
550220,"Casual,Indie",1,1,0
279420,"Casual,Simulation,Strategy",18,15,3
1304520,"Indie,Strategy",1,0,1
904600,"Casual,Indie,Strategy",15,7,8
1390970,Strategy,3,3,0
1844300,"Casual,Indie",10,9,1
1286340,"Casual,Indie",18,15,3
1962330,"Casual,Massively Multiplayer,RPG",0,0,0
1230140,"Adventure,Casual",373,365,8
1070180,"Adventure,Casual,Indie",2,2,0
322970,"Adventure,Indie",56,27,29
636370,RPG,4,4,0
1967100,"Adventure,Free to Play",0,0,0
775460,"Adventure,Indie,RPG",9,7,2
723420,"Action,Adventure,Free to Play,RPG,Simulation,Early Access",0,0,0
770900,"Adventure,Casual",3,3,0
1759210,Indie,2,0,2
2057620,"Action,Adventure",2,1,1
685050,"Action,Indie",8,6,2
589410,Indie,6,4,2
1434760,"Adventure,RPG",9,8,1
977880,"Action,Adventure,Indie,RPG",2195,1928,267
1788170,"Adventure,Indie,RPG",2,2,0
1107730,"Action,Adventure,Indie",1,1,0
696050,"Violent,Indie,RPG",0,0,0
1490180,Action,14,12,2
340990,"Action,Adventure",40,24,16
1352760,"Action,Adventure,Casual,Indie,RPG",0,0,0
622930,"Adventure,Casual,Indie",3,3,0
1178290,"Action,Indie",15,15,0
1728700,"Indie,RPG,Simulation",10,10,0
867460,"Action,Adventure",1,1,0
1716860,"Casual,Indie,Racing",2,2,0
961620,"Action,Adventure",143,114,29
250070,"Action,Indie",16,13,3
467660,"Violent,Gore,Adventure,RPG",455,334,121
451920,"Action,Adventure,Indie,RPG,Strategy",71,46,25
1532380,"Casual,Indie",0,0,0
1808800,"Action,Adventure,Indie,RPG,Simulation",0,0,0
693310,"Action,Casual,Indie",2,1,1
576110,"Action,Casual,Indie",4,1,3
1509630,"Action,Indie,Simulation",3,2,1
1678430,"Action,Adventure",273,247,26
1001730,"Casual,Indie,Racing,Sports",0,0,0
1814510,"Casual,Indie,RPG",8,8,0
1889630,"Action,Adventure,Indie",0,0,0
562270,"Violent,Gore,Action,Casual,Indie,Early Access",3,1,2
1994460,"Action,Adventure,Casual",0,0,0
500260,"Action,Indie",333,279,54
397760,"Action,Indie,Strategy,Early Access",2,1,1
1374820,"Action,Simulation,Sports",7,4,3
426630,"Action,Adventure",252,183,69
635930,"Action,Indie,Sports",2,2,0
816210,"Action,Casual,Indie,Simulation,Strategy",5,4,1
659490,"Violent,Gore,Adventure",9,5,4
987000,Action,35,28,7
832320,"Action,Indie,Strategy",28,27,1
1819950,"Action,Adventure",10,10,0
1786670,"Adventure,Free to Play,Indie,RPG,Strategy",13,11,2
870740,"Action,Indie,Early Access",0,0,0
803780,"Action,Adventure,Indie",1,1,0
247950,"Action,RPG",713,173,540
300570,"Indie,Simulation",1263,1202,61
856440,"Adventure,Casual,Indie",6,2,4
1583900,"Action,Casual,Free to Play,Indie,Strategy",0,0,0
1652720,"Casual,Strategy",13,13,0
1239400,"Action,Indie",1,1,0
393610,"Action,Indie",84,60,24
1423540,"Action,Simulation",3,2,1
1081600,"Casual,Indie,Design & Illustration,Education",2,1,1
1080180,Adventure,0,0,0
755130,"Adventure,Indie",3,2,1
70650,"Casual,Strategy",73,52,21
1082200,"Action,Adventure,Indie",2,1,1
745280,"Indie,RPG",0,0,0
854870,"Adventure,Indie",12,10,2
975390,"Action,Casual,Indie,Simulation,Sports,Early Access",39,35,4
718840,"Casual,Indie,Strategy",0,0,0
434600,"Violent,Indie",8,6,2
1525760,"Casual,Indie,Simulation",6,3,3
1689030,Casual,0,0,0
435250,Action,34,26,8
1632990,"Adventure,Casual,Indie",0,0,0
1945750,"Adventure,Casual",8,8,0
772990,Indie,21,11,10
815630,"Indie,RPG,Strategy",3,2,1
1941870,"Casual,Indie",0,0,0
1810980,"Casual,Free to Play,Indie,Simulation,Strategy",0,0,0
952540,RPG,104,92,12
1470660,"Adventure,Indie,RPG,Strategy",1,1,0
1138410,"Adventure,Casual,Indie",27,24,3
629240,"Casual,Indie,Racing,Simulation",9,7,2
1255030,"Action,Casual,Indie,Simulation,Strategy",1,1,0
1572440,"Indie,Simulation",60,35,25
1149340,"Action,Adventure,Casual,Indie,Simulation,Strategy",0,0,0
349280,"Education,Software Training,Utilities,Early Access",9,5,4
638920,"Casual,Free to Play,Massively Multiplayer,Education",0,0,0
1793900,"Casual,Indie",12,10,2
1754760,"Action,Adventure,Indie",5,4,1
852190,"Action,Casual,Indie",4,4,0
712610,"Adventure,Indie",1,1,0
1305470,"Casual,Indie",0,0,0
1096060,"Action,Adventure,Indie",60,59,1
370970,"Action,Casual,Indie",1,1,0
1176850,"Action,Adventure,Casual,Indie,Simulation",4,2,2
431730,"Animation & Modeling,Design & Illustration,Game Development",5114,5091,23
1928220,"Indie,RPG",1,0,1
561740,"Casual,Indie,RPG,Strategy",171,145,26
868970,"Casual,Indie,Simulation",7,1,6
335330,"Action,Free to Play",17,5,12
534370,Simulation,261,175,86
1584060,Action,1,1,0
1413650,Strategy,4,2,2
588630,"Action,Adventure,Indie,Massively Multiplayer,Racing,Simulation",18,12,6
453830,"Action,Casual,Indie",9,8,1
1393350,"Casual,RPG",59,49,10
7840,Racing,37,21,16
1013150,"Action,Adventure,Indie,Early Access",0,0,0
977650,"Simulation,Strategy",272,172,100
1191900,"Casual,Indie",340,314,26
1161870,"Adventure,Casual,Indie",13,13,0
1898830,"Casual,Animation & Modeling,Utilities",14,10,4
1599910,"Action,Simulation,Early Access",1,1,0
1609440,"Action,Adventure,Indie",4,2,2
613850,"Action,Indie,Racing,RPG,Simulation,Strategy",5,2,3
441010,"Action,Indie,Simulation,Sports",198,183,15
876840,"Casual,Indie",2,1,1
726910,"Adventure,Casual,Free to Play",0,0,0
1582730,"Action,Adventure",2,2,0
362960,"Adventure,RPG",5284,4522,762
516680,"Action,Simulation",4,0,4
1659590,Adventure,82,80,2
1387290,"Casual,Indie",31,21,10
1157840,Strategy,0,0,0
1171440,"Casual,Indie",35,31,4
1629680,"Casual,Indie",1,1,0
1000080,"Action,Adventure,Indie,RPG",105,79,26
1158470,"Casual,Indie,Strategy",204,200,4
899290,"Adventure,Free to Play,Indie",0,0,0
693670,"Action,Indie,Strategy",30,21,9
1596330,"Action,Indie,Simulation",5,3,2
1353880,"Casual,Indie,Simulation",3,2,1
533300,"Casual,Indie",1927,1772,155
1140510,"Free to Play,Indie,RPG,Simulation",0,0,0
686660,"Adventure,Casual,Indie",0,0,0
1366420,"Adventure,Indie",21,20,1
397210,Casual,53,36,17
1755280,"Adventure,Casual,Indie",24,24,0
593670,"Action,Casual,Indie",3,3,0
907770,"Adventure,Casual,Indie",47,33,14
1842540,"Action,Early Access",1,1,0
1447000,"Racing,Simulation,Sports",526,425,101
1692210,"Action,Adventure,Casual,Indie",13,11,2
823500,"Action,Adventure,Indie,Simulation",25368,23410,1958
302470,"RPG,Strategy",51,34,17
1595930,Casual,3,1,2
632000,"Casual,Indie,Strategy",407,351,56
1117840,"Indie,RPG",3,3,0
802190,"Action,Indie,RPG",6,3,3
931090,"Casual,Indie",14,14,0
843020,"Casual,Simulation,Strategy,Early Access",8,6,2
581270,"Adventure,Casual,Indie",668,584,84
590870,"Action,Adventure,Indie,Strategy",17,4,13
861330,"Indie,RPG,Sports,Strategy",115,111,4
789010,"Action,Adventure,Indie,Massively Multiplayer,RPG",5,2,3
652540,"Indie,Simulation",7,4,3
1200870,"Casual,Indie,Racing",1,0,1
1018830,"Indie,Strategy",1107,1017,90
805010,"Adventure,Casual",5,4,1
316240,Simulation,18,2,16
950210,"Action,Indie",35,27,8
644130,"Action,Adventure",20,4,16
1975320,"Adventure,Casual,Free to Play,RPG",0,0,0
1832300,"Casual,Indie",2,2,0
1371720,"Adventure,Indie,Simulation",373,342,31
446000,"Indie,Simulation,Strategy",163,124,39
1800830,"Action,Indie,Sports",6,6,0
58520,"Sports,Strategy",513,408,105
1978760,"Action,Simulation",0,0,0
1089590,"Action,Adventure",2,1,1
1916310,"Indie,Early Access",89,81,8
236390,"Action,Free to Play,Massively Multiplayer,Simulation",727,511,216
908100,"Casual,Indie,Simulation",4,4,0
1071760,"Action,Adventure,Casual,Indie,RPG,Early Access",1,1,0
259660,"Action,Adventure,Indie,Simulation,Strategy",224,148,76
1109750,"Action,Adventure",1,1,0
1814590,Adventure,2,1,1
925550,"Racing,Simulation,Sports",28,27,1
837040,Action,21,19,2
587930,"Action,Adventure,Indie,Early Access",27,22,5
1454500,"Animation & Modeling,Design & Illustration,Utilities,Video Production,Early Access",0,0,0
1621100,RPG,3,2,1
854670,"Action,Adventure,RPG",2,2,0
1415520,"Action,Indie",0,0,0
886220,"Action,Free to Play,Indie,Strategy,Early Access",0,0,0
1514890,"Adventure,Casual",4,2,2
461760,"Action,Casual,Indie",10,5,5
17440,Simulation,821,723,98
1060110,"Action,Casual,Indie,RPG",1,0,1
1392590,"Casual,Indie,Strategy",0,0,0
471920,"Adventure,Indie",85,75,10
926210,"Action,Indie",21,18,3
558450,"Adventure,Indie",104,90,14
1702760,"Adventure,Indie,RPG,Simulation,Early Access",10,8,2
1738620,Simulation,0,0,0
1250420,"Casual,RPG",0,0,0
686870,"Free to Play,Indie,Early Access",0,0,0
1455070,"Adventure,Early Access",101,78,23
1625610,"Action,Casual,Indie",0,0,0
1668610,"Free to Play,Indie",0,0,0
336610,"Action,Adventure,RPG",229,205,24
248330,"Action,Indie,Racing",580,551,29
980730,"Free to Play,Massively Multiplayer,RPG",0,0,0
1200910,"Casual,Indie,Simulation",11,11,0
1647440,"Casual,Free to Play,Indie,Strategy",0,0,0
1360510,Simulation,4,3,1
788670,"Action,Adventure,Indie,RPG",21,13,8
1812260,"Action,Indie,Early Access",2,0,2
1546420,"Action,Indie,RPG,Early Access",0,0,0
1615950,RPG,0,0,0
1066400,"Action,Adventure",0,0,0
801380,Indie,0,0,0
305860,"Design & Illustration,Utilities",21,10,11
660970,"Action,Adventure,Indie",1,1,0
1362430,"Indie,Strategy",33,18,15
268870,"Action,Indie,Strategy",1606,1231,375
323240,"Action,RPG",23,12,11
626610,"Racing,Simulation",394,283,111
1646200,"Action,Adventure,Casual,Indie,Strategy",3,2,1
1230560,"Indie,Simulation,Strategy",48,34,14
715280,Strategy,7,4,3
1118700,"Adventure,Indie",7,6,1
1449960,"Adventure,Casual,Indie",0,0,0
373800,"Casual,Simulation,Sports",10,7,3
1064160,"Action,Adventure,Indie,Early Access",39,20,19
1606910,"Casual,Indie,Simulation",0,0,0
803590,"Casual,Indie,Strategy",7,7,0
615020,"Free to Play,Indie,Strategy",26,23,3
1201620,"Action,Adventure,Casual",0,0,0
1106670,"Adventure,Indie",6,3,3
1275240,"Casual,Indie,RPG,Early Access",0,0,0
65800,"Action,Indie,RPG,Strategy",6906,6400,506
804730,"Indie,Strategy",79,31,48
1193990,"Adventure,Indie",20,17,3
789950,"Adventure,Indie",78,63,15
1352750,Utilities,5,4,1
918820,"Adventure,Indie,Simulation",423,389,34
1360620,"Indie,Simulation",0,0,0
363920,"Action,Indie",2,2,0
1435090,"Action,Free to Play,Indie,Racing,Simulation,Sports",0,0,0
765810,"Indie,Simulation,Strategy",1130,934,196
766040,"Casual,Indie,Strategy",90,38,52
1837210,"Casual,Indie,Simulation",8,7,1
1294020,"Action,Indie",4,4,0
648550,"Action,Adventure,Indie",5,3,2
299340,"Action,Indie,Simulation,Strategy",136,44,92
1002290,"Casual,Free to Play,Indie",0,0,0
522300,"Action,Casual,Indie,Simulation,Sports,Early Access",17,13,4
1916940,"Action,Adventure,Casual,Free to Play,Indie,Strategy",0,0,0
695100,"Adventure,Indie,RPG",88,73,15
719830,"Adventure,Indie,Racing,Simulation,Early Access",1,0,1
1821420,"Action,Casual,Indie",1,0,1
550740,"Casual,Free to Play,Indie,Strategy,Early Access",0,0,0
1042780,"Action,Adventure,Indie,RPG,Simulation",628,435,193
1220890,"Action,Adventure,Casual,Indie",2,1,1
1120820,Action,0,0,0
875780,Casual,3,2,1
637850,"Adventure,Free to Play,Indie,RPG",0,0,0
1961380,"Action,Adventure,Indie",1,1,0
1381370,"Action,RPG",2,2,0
886370,"Action,Adventure,Indie,Strategy",28,15,13
1571540,"Action,Indie",5,5,0
1076200,"Adventure,Indie,RPG,Strategy",1208,1035,173
1983060,"Adventure,Free to Play,Indie",0,0,0
1234850,"Action,Adventure,Indie",3,3,0
676410,"Adventure,Casual",3,1,2
1245610,"Casual,Free to Play,Massively Multiplayer",0,0,0
446610,"Adventure,Casual,Indie",30,17,13
1166580,"Casual,Indie,Simulation",17,15,2
16500,"Casual,Indie",8,6,2
681720,Action,80,27,53
1147890,Indie,84,83,1
445420,"Casual,RPG",48,40,8
1730820,"Casual,Indie",3,1,2
1582960,"Action,Casual,Indie",0,0,0
523870,"Action,Casual,Indie,Racing",5,5,0
915440,"Action,Adventure,Casual,Indie",11,6,5
1581090,"Casual,Indie,Massively Multiplayer,Strategy",1,1,0
896550,RPG,12,12,0
1702830,"Casual,Indie,RPG,Simulation",69,53,16
968820,"Adventure,Casual,Indie",59,46,13
438660,Sports,29,27,2
98100,"Adventure,Casual,Indie",163,118,45
1651580,"Indie,RPG,Simulation,Sports",0,0,0
1745960,"Casual,Indie,Strategy",1,1,0
1895540,Casual,0,0,0
774201,"Adventure,Indie",1129,1019,110
505400,"Adventure,Indie,Strategy",9,9,0
585430,"Action,Adventure,Indie,RPG,Simulation",9,5,4
812550,"Action,Indie",121,89,32
858810,"Indie,Simulation,Strategy",7981,6870,1111
1794380,"Casual,Indie,Simulation",0,0,0
557630,"Adventure,Indie,RPG",249,248,1
1161190,"Adventure,Casual",4,4,0
1815200,"Indie,Simulation,Strategy",0,0,0
1587180,"Casual,Free to Play,Indie",0,0,0
496350,Adventure,43,40,3
1819870,"Indie,Simulation,Sports,Strategy",11,7,4
1561920,Adventure,2,2,0
509620,"Action,Adventure,Indie",3,3,0
1245540,"Action,Adventure,Casual,Indie,RPG",172,156,16
1288090,Indie,2,2,0
1966800,"Action,Indie",0,0,0
1626490,"Casual,Indie,Simulation,Early Access",2,1,1
981440,Indie,4,3,1
1393950,"Indie,RPG,Strategy",3,3,0
1863090,"Casual,Indie",1,1,0
335920,"Adventure,Indie",109,98,11
1006120,"Action,Casual,Indie,Sports",3,3,0
1271820,"Adventure,Indie",1,1,0
221020,"Indie,RPG,Simulation,Strategy",1983,494,1489
1269350,"Adventure,Casual,Indie",30,23,7
653760,Casual,9,4,5
698570,"Action,Casual,Indie",4,4,0
1034060,"Action,Adventure,Indie",18,12,6
1351120,"Action,Adventure",0,0,0
686520,"Casual,Strategy",15,15,0
959340,"Action,Indie,RPG,Early Access",1,0,1
573700,"Adventure,Casual,Simulation,Strategy",2,2,0
912630,"Violent,Adventure,Indie,Simulation,Strategy",0,0,0
550590,"Adventure,Casual,Indie",106,98,8
33230,"Action,Adventure",10681,9160,1521
257510,"Action,Adventure,Indie",13482,12919,563
418120,"Action,Adventure,Indie,RPG",186,152,34
1693900,"Casual,Indie",2,1,1
1009940,"Indie,Strategy",3,1,2
886470,"Casual,Indie",9,9,0
704010,"Adventure,Casual,Indie,RPG,Simulation",68,49,19
625120,"Violent,Gore,Action,Adventure,Indie",20,16,4
1906160,Indie,11,9,2
874830,"Action,Adventure,Indie",12,1,11
1760420,"Action,Indie",0,0,0
1551280,"Indie,Simulation,Strategy,Early Access",4,1,3
1688600,"Action,RPG,Early Access",1,1,0
1896750,"Action,Adventure,Indie",0,0,0
590820,"Adventure,Indie,RPG",5,4,1
415590,Action,715,488,227
1781030,"Adventure,Casual,Indie,RPG,Sports",55,51,4
942990,"Adventure,Simulation",10,10,0
428240,"Action,Indie",2,2,0
815110,Indie,0,0,0
849070,"Adventure,Casual,Indie,RPG,Strategy",6,1,5
1549070,"Simulation,Strategy",0,0,0
1019180,"Adventure,Casual,Simulation",0,0,0
1065030,"Casual,Indie,Simulation",0,0,0
825370,"Adventure,Casual,Indie,RPG,Simulation",15,12,3
1072720,"Casual,Indie",1,1,0
1590070,"Free to Play,Indie,Strategy",0,0,0
1099170,"Action,Indie",37,33,4
1292920,"Action,Adventure,Casual,Indie",4,3,1
1119060,"Free to Play,Indie",0,0,0
350150,"Action,Indie,Simulation",81,59,22
288500,"Adventure,Casual,Indie",11,6,5
289360,RPG,21,14,7
1056750,"Indie,RPG",49,41,8
502460,"Simulation,Strategy",8,7,1
1677620,"Action,Indie,Racing",6,6,0
369460,"Indie,Simulation,Early Access",4,0,4
1211490,"Casual,Indie",3,2,1
1319880,"Adventure,Casual,Indie,RPG",1,1,0
1358100,"Adventure,Casual,Indie,Simulation",0,0,0
1542100,"Action,Free to Play,Indie,Racing,Simulation",3,2,1
16110,"Casual,Simulation",36,33,3
1969420,"Action,Indie",0,0,0
684940,"Casual,Indie,Strategy",11,8,3
658560,"Casual,Indie",409,385,24
1516360,"Action,Indie",0,0,0
1291220,"Indie,RPG,Strategy",37,25,12
1719250,"Action,Adventure,Indie,Strategy",1,0,1
1497230,Strategy,32,27,5
661920,"Action,Casual,Indie",122,79,43
1089880,"Casual,Indie,Simulation",5,3,2
1145000,"Action,Adventure,Indie,RPG",0,0,0
1580850,"Casual,Indie",0,0,0
926130,"Adventure,Casual",4,2,2
476490,"Adventure,Indie,RPG",91,84,7
1140030,"Indie,Strategy",20,13,7
267940,"Action,Racing",15,7,8
875790,Casual,0,0,0
1028550,"Adventure,Indie",2,2,0
559170,"Action,Casual,Indie",0,0,0
1023720,Adventure,4,3,1
1781430,"Utilities,Early Access",1,1,0
1202870,"Casual,Indie",43,36,7
1847240,"Casual,Indie,Simulation,Strategy",87,82,5
1156910,"Casual,Indie,Simulation,Strategy,Early Access",2,0,2
1546370,Casual,4,2,2
1735230,"Free to Play,Indie,Strategy",0,0,0
388260,"Action,Indie,Sports",24,17,7
1247400,"Action,Casual,Indie",3,3,0
1501960,"Action,Indie,RPG",1,1,0
1145780,"Adventure,Casual,Indie,Sports",11,7,4
1219540,"Action,Casual,Indie",0,0,0
224920,"Action,Adventure",724,495,229
1187900,"Action,Adventure,Indie",1,1,0
1252650,"Casual,Indie,Simulation,Sports,Early Access",2,1,1
557960,"Casual,Indie,Sports",7,4,3
623540,"Action,Casual,Indie",62,57,5
1233420,"Adventure,Casual,Indie",21,15,6
345280,"Action,Adventure,Indie",45,19,26
1898640,"Action,Adventure,Indie",12,5,7
977050,Action,0,0,0
1557780,"Adventure,Casual,Indie,Simulation,Strategy",6,5,1
898680,"Casual,Indie",0,0,0
458750,"Design & Illustration,Photo Editing",52,49,3
1427450,"Adventure,Casual,Indie,Strategy,Early Access",0,0,0
570820,"Action,Adventure,Indie",3,1,2
654890,Strategy,1220,974,246
1456810,"Casual,Indie,Simulation,Strategy",9,9,0
1071860,"Utilities,Early Access",4,4,0
573070,Racing,20,13,7
63710,"Action,Indie",1090,936,154
1399540,Indie,6,6,0
1695080,Action,0,0,0
988310,"Action,Adventure,Indie,RPG",35,33,2
1104100,"Casual,Indie",4,3,1
1928710,"Casual,Simulation",5,4,1
1496380,"Casual,Indie,RPG",5,2,3
1063800,"Casual,Indie,Simulation",3,1,2
573210,"Action,Adventure,Casual,Indie,RPG",18,8,10
1937980,"Adventure,Indie,RPG,Simulation",2,1,1
1122240,Casual,43,31,12
785760,"Action,Indie,Racing",26,24,2
1201500,"Action,Casual,Indie",1,0,1
603120,Casual,52,23,29
462590,"Action,Sports",16,16,0
1063570,"Action,Adventure,Indie,RPG",1,1,0
821680,Utilities,0,0,0
1870190,"Action,Adventure,Indie",1,1,0
1914140,Simulation,3,2,1
375020,"Adventure,Casual,Indie",12,7,5
735260,"Casual,Indie",10,6,4
840410,"Action,Adventure,Casual,Free to Play,Indie",0,0,0
468130,"Action,Indie,Early Access",3,3,0
292480,"Action,Indie",106,77,29
533780,"Action,Casual,Free to Play,Indie,Strategy",23,19,4
1143450,Action,0,0,0
1094100,"Indie,Strategy",2,1,1
1162960,"Action,Adventure",303,292,11
1522940,"Adventure,Casual,Indie",0,0,0
1052600,"Casual,Indie,Racing,Simulation",6,2,4
1724130,"Action,Casual,Indie",9,8,1
1263200,"Action,Adventure,Indie",7,6,1
1135800,"Action,Casual,Indie",0,0,0
259620,"Action,Indie,RPG",221,115,106
1549270,"Adventure,Casual,Indie,Simulation",4,2,2
615090,"Indie,RPG,Strategy",25,22,3
1478030,"Action,Adventure,Casual,Indie",8,8,0
1522800,Simulation,2,1,1
1540550,Adventure,1,1,0
1832690,"Casual,Indie,RPG,Simulation",1,0,1
345030,Simulation,14,6,8
1979460,"Action,Adventure,Indie",27,12,15
1537910,"Indie,RPG,Simulation,Strategy,Early Access",22,20,2
1073350,"Action,Indie,Racing,Sports",2,2,0
345090,"Casual,Indie,Strategy",320,271,49
1834940,"Action,Indie",4,4,0
1008520,Casual,32,24,8
1367620,"Action,Indie,Strategy",3,2,1
1635120,"Casual,Indie",1,1,0
461230,"Action,Indie",62,49,13
511070,"Casual,Indie,Strategy",2,2,0
953870,"Action,Adventure,Indie,RPG",55,36,19
2069440,"Action,Adventure,Casual,Indie,RPG",0,0,0
329070,"Action,Indie,Simulation,Strategy,Early Access",622,498,124
1958130,"Action,Adventure,Casual",18,15,3
1259520,"Action,Adventure,Indie",3,1,2
1166780,"Adventure,Indie",17,13,4
329640,Action,38,32,6
6800,Action,928,829,99
1197620,"Action,Adventure,Simulation",23,23,0
522090,"Casual,Strategy",31,8,23
1511860,"Action,Adventure,Casual,Free to Play,Indie",0,0,0
453310,"Adventure,Indie",173,137,36
666870,"Indie,RPG,Strategy",8,0,8
702550,Indie,2,2,0
1580980,"Action,Casual,Indie",3,3,0
1273180,Sports,6,2,4
1240180,"Action,Indie",0,0,0
1385540,"Action,Adventure,Casual,Indie",2,2,0
1508250,"Casual,Indie",0,0,0
1267270,"Action,Adventure",3,3,0
885480,"Indie,Strategy,Early Access",0,0,0
2024790,"Adventure,Casual,Indie",0,0,0
1193630,"Casual,Free to Play,Indie,Simulation,Strategy,Early Access",0,0,0
1649030,Free to Play,0,0,0
777000,"Casual,Indie,Simulation,Early Access",4,1,3
1273010,"Casual,Free to Play,Indie,Strategy",0,0,0
1069520,"Action,Adventure,Indie,RPG",0,0,0
242110,"Action,Casual,Indie,Racing",30,25,5
1026020,"Action,Adventure,Indie",5,5,0
1127250,"Action,Adventure,Casual,Indie,Massively Multiplayer,Strategy",1,0,1
1237540,Sports,59,38,21
938640,"Adventure,Indie,RPG,Simulation",5,3,2
1922060,"Action,Adventure,Indie,Early Access",21,20,1
515200,"Action,Indie",3,0,3
530720,"Casual,Indie",3,2,1
1799670,"Action,RPG",3,2,1
1769320,"Casual,Indie",20,20,0
911430,"Indie,Simulation,Strategy",569,415,154
1806570,"Action,Casual,Indie",3,1,2
265830,"Action,Adventure,Indie",125,81,44
1071700,"Action,Free to Play,Indie,Massively Multiplayer,Early Access",0,0,0
1814160,"Action,Casual,Indie",6,4,2
1290010,"Action,Indie,RPG",2,2,0
745680,"Indie,RPG,Strategy,Early Access",0,0,0
1854050,"Action,Adventure",22,13,9
1108040,Casual,0,0,0
1048280,"Adventure,Indie,Simulation,Early Access",19,11,8
1327370,"Indie,Strategy",7,5,2
803360,"Violent,Action,Adventure,Indie,Strategy",5,4,1
1703640,"Action,Casual,Indie,Strategy",1,0,1
1727250,"Action,Adventure,Casual,Indie",0,0,0
1204860,"Action,Adventure,Indie",1,0,1
1461000,"Action,Adventure,Indie,RPG",0,0,0
913010,"Casual,Free to Play,Indie",0,0,0
926520,Strategy,84,80,4
1960000,"Action,Adventure,Casual,Strategy",0,0,0
539560,"Indie,Racing,Strategy",5,3,2
477870,"Adventure,Strategy",470,375,95
949670,Adventure,15,13,2
1091960,"Adventure,Free to Play,Indie",0,0,0
650000,Action,1390,786,604
644550,"Adventure,Casual,Indie,RPG,Simulation,Strategy",9,8,1
1655720,Indie,1,0,1
1597550,"Simulation,Strategy",40,22,18
1459710,Casual,31,31,0
496440,"Adventure,Indie,Early Access",2,1,1
1636590,"Action,Adventure,Casual,Indie",0,0,0
843080,"Action,Adventure,RPG,Strategy",1,1,0
744190,"Adventure,Indie",658,608,50
1054750,Casual,8,7,1
829250,"Adventure,Casual,Indie,RPG,Simulation,Strategy",18,8,10
1231270,"Indie,Strategy",1,1,0
1909770,"Action,Indie",20,20,0
971780,"Casual,Indie",5,5,0
1643170,"Action,Adventure,Casual,Indie",3,2,1
1591660,"Action,Adventure,Casual,Indie",0,0,0
1273160,"Action,Indie",0,0,0
822640,"Adventure,Indie,RPG",7,5,2
813400,"Adventure,Indie,RPG",0,0,0
1590600,"Adventure,Casual",109,100,9
1253930,"Action,Adventure,Casual,Indie",0,0,0
2059740,"Casual,Free to Play,Indie",0,0,0
1434650,"Action,Adventure,Indie",5,5,0
642070,"Casual,Simulation",14,7,7
531510,"Action,Indie",7809,7631,178
293420,"Action,Casual,Indie",21,10,11
1330770,"Action,Casual,Indie",0,0,0
842180,"Action,Adventure,Casual,Indie,RPG,Simulation",388,325,63
671090,"Casual,Indie",55,47,8
789570,"Action,Adventure,Indie,RPG",59,55,4
570230,"Action,Adventure,Indie",11,7,4
1202120,"Adventure,Casual,Indie,RPG",1,1,0
905630,"Casual,Indie",1,0,1
1733090,"Action,Indie",1,1,0
351220,RPG,9,6,3
250460,"Casual,Indie,Simulation",384,271,113
1766380,"Adventure,Indie",12,6,6
331430,"Adventure,Casual,Indie,RPG,Strategy,Early Access",0,0,0
513820,"Action,Casual,Indie,Strategy",3,2,1
1862730,Indie,2,2,0
1090930,"Adventure,Indie,RPG,Strategy",35,28,7
1660560,"Casual,Indie",6,4,2
876930,"Casual,Racing,Simulation,Sports",6,3,3
386490,"Casual,Indie,RPG",36,25,11
558010,Adventure,0,0,0
1199560,"Action,Indie",2,2,0
1248270,"Adventure,Casual,Free to Play",0,0,0
1539250,"Indie,RPG",0,0,0
1573300,"Action,Adventure,Casual,Indie",99,79,20
1198250,"Action,Casual",0,0,0
850230,"Free to Play,Sports,Strategy",0,0,0
1739300,"Action,Casual,Indie,Early Access",15,15,0
1963500,"Action,Simulation,Sports",0,0,0
749180,"Indie,Simulation",0,0,0
397870,"Indie,Strategy",17,13,4
113400,"Action,Free to Play,Massively Multiplayer",185,84,101
1778430,"Action,Adventure,Free to Play,Indie,Strategy",0,0,0
933930,"Adventure,Casual,Free to Play,Indie",0,0,0
1478670,"Casual,Simulation",17,10,7
706570,"Adventure,Casual,Indie,Early Access",5,3,2
977230,"Casual,Indie",184,174,10
1496500,"Casual,Simulation,Early Access",4,4,0
878440,"Indie,Sports",0,0,0
429720,"Adventure,Indie",813,749,64
100400,Animation & Modeling,45,32,13
1559040,"Action,Adventure,Indie",0,0,0
664830,"Action,Adventure,Indie",565,507,58
1666030,"Action,Adventure,Free to Play,Indie",0,0,0
340550,"Casual,Indie,Strategy",19,10,9
848660,Indie,4,4,0
466060,"Adventure,Casual",13,13,0
1215740,"Casual,Indie,Simulation",8,8,0
1315360,"Adventure,Casual,Indie",1,1,0
782020,"Action,Adventure,Indie,RPG,Early Access",4,2,2
1060630,"Action,Free to Play,Indie,RPG",0,0,0
1528130,"Adventure,Indie,RPG",22,20,2
1860750,"Casual,Free to Play,Indie,RPG,Early Access",0,0,0
1589020,"Action,Adventure",23,11,12
955840,"Casual,Indie",1,1,0
1237530,"Action,Indie,RPG,Simulation",61,50,11
1575070,"Indie,Simulation",18,18,0
1144510,"Casual,Indie,Simulation",12,8,4
1092980,"Action,Adventure,Casual,Indie,Racing,Simulation,Sports",45,34,11
1758950,"Action,Early Access",0,0,0
1853990,"Casual,Indie",1,1,0
835040,"Sexual Content,Casual,Indie",7,5,2
245300,"Action,Adventure",224,164,60
987880,"Casual,Indie,Strategy",20,19,1
1180210,"Action,Indie,RPG",3,3,0
521210,Indie,13,12,1
1098090,"Casual,Indie,Strategy",6,5,1
765710,"Action,Casual,Free to Play,Indie",1,1,0
766110,Video Production,0,0,0
1144800,"Action,Casual,Free to Play,Indie,Early Access",0,0,0
861030,"Action,Adventure,Early Access",29,20,9
741110,Indie,6,5,1
905070,"Action,Adventure,Indie,RPG",4,4,0
386180,"Action,Free to Play,Massively Multiplayer,Racing",519,326,193
1609230,"Adventure,Casual,Indie,RPG,Early Access",423,419,4
29180,"Casual,Indie",332,290,42
818210,"Action,Indie",185,153,32
582560,"Adventure,Casual",224,211,13
1036530,"Action,Casual,Indie",0,0,0
1925910,Casual,1,1,0
539380,"Casual,Indie,Strategy",26,19,7
1222060,Adventure,0,0,0
1222050,"Action,Indie",40,25,15
1424020,"Action,Adventure,Indie,Simulation",5,4,1
374670,"Action,Free to Play,Indie,Early Access",17,15,2
1092790,"Adventure,Indie,Strategy",44644,43389,1255
953220,"Action,Indie,Massively Multiplayer,Strategy",2,2,0
1013350,"Action,Casual,Indie,Strategy",5,3,2
822470,"Casual,Indie,Simulation,Strategy",0,0,0
557890,"Casual,Free to Play,Indie",3,3,0
1039890,Action,435,265,170
1079940,"Action,Adventure,Indie",8,4,4
326340,"Action,Adventure,Sports",94,65,29
757630,"Action,Adventure,Indie,RPG,Early Access",11,3,8
957050,"Casual,Simulation",70,28,42
680850,"Casual,Indie",0,0,0
1871670,Indie,2,2,0
390200,"Adventure,Casual",75,46,29
419710,"Action,Indie",8,8,0
868600,Action,1,1,0
1199010,"Casual,Indie,Strategy",9,9,0
1486170,"Casual,Indie",0,0,0
807310,Indie,0,0,0
831950,"Adventure,Indie,RPG,Strategy",8,3,5
963150,"Action,Adventure,Casual,Indie,Simulation",1,0,1
479040,"Indie,Simulation",18,11,7
1137270,"Adventure,Indie",3,3,0
345460,"Free to Play,Indie,Strategy",0,0,0
1807730,"Action,Indie",12,12,0
1720470,Adventure,5,5,0
474040,"Action,Indie",0,0,0
1914630,"Indie,Simulation,Sports,Strategy",9,7,2
1584900,RPG,11,8,3
888540,"Action,Adventure,Indie",0,0,0
207170,"Adventure,Indie,RPG",2740,2548,192
352440,"Adventure,Indie,RPG",16,13,3
804430,"Indie,Simulation,Strategy",10,3,7
1409730,"Action,Adventure,Casual,Indie",95,69,26
1217640,"Action,Indie",4,3,1
1336040,"Casual,Indie",1,1,0
841020,"Casual,Indie",0,0,0
1632920,"Adventure,Casual,Indie",1,1,0
342520,"Action,Indie",10,6,4
1786200,Action,188,120,68
1380780,"Casual,Indie",0,0,0
936650,"Adventure,Indie",29,28,1
1523290,"Casual,Free to Play,Indie,RPG,Simulation,Strategy",0,0,0
1469370,"Adventure,Indie",64,46,18
1641500,"Casual,Indie",3,3,0
963710,Indie,1943,1844,99
835130,"Casual,Indie",7,5,2
1092830,"Action,RPG",1,1,0
1276320,"Action,Casual,Indie",5,4,1
1211320,"Action,Adventure",2,0,2
1475460,Strategy,18,15,3
544710,"Adventure,Casual,Indie",34,31,3
781610,"Adventure,Indie",2,1,1
788350,"Action,Adventure,Casual,Indie",0,0,0
1044840,"Action,Adventure,Casual,Indie,Simulation,Early Access",2,2,0
1595100,"Indie,RPG,Simulation",1,0,1
1035610,"Action,Casual,Indie,RPG,Simulation",183,160,23
356030,"Action,Adventure,Indie,Early Access",11,6,5
1204270,"Casual,Indie,Simulation",3,2,1
882280,"Casual,Free to Play,Indie,Massively Multiplayer,Racing,Sports,Early Access",0,0,0
265770,"Action,Free to Play,Indie,Massively Multiplayer",1,1,0
1744570,"Adventure,Casual,Free to Play",0,0,0
611720,"Action,Indie,Simulation,Sports,Early Access",33,26,7
1874500,"Action,Indie",2,2,0
590270,"Adventure,Indie",5,2,3
1491510,"Indie,Simulation,Strategy",21,19,2
930030,"Action,Adventure,Indie,Massively Multiplayer",1,0,1
1591530,Action,372,315,57
1549650,"Action,Adventure,RPG",0,0,0
763050,"Adventure,Casual,Indie",9,5,4
1401670,"Casual,Indie,Simulation,Strategy",2,2,0
304690,"Free to Play,Indie,Massively Multiplayer",6,3,3
653770,"Adventure,Indie,RPG",2,2,0
1129710,"Action,Casual,Indie,Racing,Sports",0,0,0
503140,"Action,Adventure,Indie,RPG",7,7,0
998780,Indie,0,0,0
1997170,"Racing,Early Access",1,0,1
911290,"Casual,Indie,Simulation",3,3,0
1625760,"Action,Adventure,Indie",4,4,0
930360,"Casual,Indie",0,0,0
510990,"Action,Casual,RPG",9,8,1
1498660,Strategy,2,0,2
1344900,"Action,Casual,Indie",0,0,0
466730,"Casual,Indie,Strategy",33,17,16
885140,"Adventure,Casual,Indie",3,1,2
743230,"Casual,Simulation,Sports,Strategy",6,5,1
594350,"Adventure,Casual,Indie,Simulation",81,71,10
1727860,"Indie,RPG",1,1,0
752830,"Adventure,Indie,RPG",5,3,2
584150,Sports,25,17,8
1228440,Simulation,1,1,0
694500,"Action,Strategy",449,386,63
839280,"Adventure,Indie,Simulation",39,33,6
1673570,"Casual,Indie,Sports",3,2,1
608370,"Action,Casual,Indie,Simulation,Sports",43,28,15
1332250,"Action,Casual,Indie",0,0,0
675650,"Indie,RPG",0,0,0
1688310,Simulation,0,0,0
530930,"Action,Indie,RPG",32,17,15
1872740,"Casual,Free to Play,Indie",0,0,0
673480,"Casual,Indie,Strategy",2,2,0
1940100,Casual,0,0,0
573770,"Action,Adventure,Free to Play,RPG",13,12,1
1220370,"Adventure,Casual,Indie,Strategy",24,19,5
1229490,"Action,Indie,Early Access",24017,23768,249
1035750,"Adventure,Free to Play,Indie",0,0,0
1542140,"Free to Play,Strategy,Early Access",0,0,0
293840,"Action,Indie",31,21,10
1344780,"Action,Indie,Simulation",2,2,0
801150,"Action,Casual,Indie,Strategy",2,1,1
1164050,"Adventure,Casual,Indie",917,879,38
1647780,"Adventure,Casual,Indie",0,0,0
688900,"Adventure,Indie,RPG,Strategy",1,1,0
42910,"Action,RPG",7629,6638,991
1813400,"Action,Casual,Indie",0,0,0
423750,"Casual,Indie",23,17,6
1316950,"Free to Play,Simulation",0,0,0
1160500,"Simulation,Strategy",10,5,5
933110,Strategy,9209,7412,1797
1083210,"Adventure,Casual,Indie,RPG",85,59,26
1121290,Action,0,0,0
570,"Action,Free to Play,Strategy",6029,5405,624
641780,"Action,Indie,Racing,Simulation,Sports",1354,1253,101
993990,"Adventure,Indie,Simulation,Strategy",3,2,1
2011870,"Adventure,Free to Play,Massively Multiplayer,RPG,Early Access",0,0,0
1077730,"Action,Casual,Free to Play,Indie",0,0,0
216110,"Action,Indie,Strategy",305,233,72
340470,"Adventure,Casual,Indie",53,40,13
742630,"Action,Casual,Free to Play",0,0,0
267980,Strategy,74,69,5
264000,"Action,Adventure,Indie",84,48,36
454480,"Adventure,Indie,RPG",1,0,1
395910,Adventure,6,2,4
1503280,"Adventure,Casual,Free to Play",0,0,0
443630,"Action,Casual,Indie",19,16,3
15160,Simulation,69,48,21
865390,"Action,Adventure,Indie,RPG",35,14,21
879140,Action,33,31,2
979330,"Casual,Indie",35,23,12
1600210,Casual,2,2,0
883360,"Adventure,Casual,Indie,Simulation",380,324,56
418000,"Casual,Indie,Early Access",5,4,1
1219220,"Adventure,Casual,Indie",2,1,1
485110,"Action,Indie,Strategy,Early Access",14,12,2
247430,Action,863,742,121
1833350,"Action,Indie,Strategy",1,1,0
963690,"Casual,Indie,RPG,Simulation",726,673,53
740040,"Adventure,Casual,Indie",67,58,9
223830,"Indie,Simulation,Strategy",2110,1850,260
503980,"Adventure,Indie",8,6,2
603700,"Adventure,Casual,Indie",94,73,21
892130,"Adventure,Casual,Indie,Massively Multiplayer,Simulation",4,1,3
394870,"Violent,Action,Indie",281,205,76
1408700,"Action,Adventure,Indie,RPG",4,3,1
777160,"Adventure,Casual,Indie",40,29,11
335120,"Adventure,RPG",114,69,45
772270,"Action,Adventure,Indie,Massively Multiplayer,RPG",67,63,4
617580,"Design & Illustration,Photo Editing",6,5,1
618310,"Action,Indie",4,3,1
530500,"Adventure,RPG",2,0,2
1440500,"Action,Indie",123,104,19
721540,"Action,Adventure,Casual,Indie,RPG,Early Access",1,0,1
1405660,"Action,Adventure,Casual,Indie",46,37,9
568600,"Action,Free to Play,Simulation,Sports",5,5,0
1434310,"Action,Adventure",13,5,8
459470,Strategy,40,20,20
1329270,"Action,Indie,Strategy",2,2,0
863190,"Action,Early Access",0,0,0
826160,"Casual,Indie",35,19,16
910150,Adventure,6,4,2
824000,"Adventure,Casual,Indie,RPG,Simulation,Early Access",566,429,137
1709630,Action,1,0,1
445950,"Action,Adventure,Indie,RPG",11,10,1
1646820,"Action,Indie",3,2,1
1226920,"Action,Casual,Indie",2,2,0
1675620,"Adventure,Indie",33,30,3
383810,"Action,Indie",3,1,2
1313630,"Adventure,Casual,Indie",0,0,0
1312760,Casual,3,2,1
1576510,"Casual,Indie",1,0,1
505640,"Indie,Strategy",364,300,64
1029130,"Adventure,Indie,RPG",18,18,0
971340,"Action,Casual,Indie,Strategy",0,0,0
369440,"Action,Adventure,RPG",312,207,105
606180,"Utilities,Video Production",0,0,0
1047620,"Indie,Simulation,Strategy,Early Access",0,0,0
923030,Action,0,0,0
1069920,"Action,Adventure,Casual,Indie,Racing,Simulation,Sports",2,2,0
1230020,"Action,Casual",0,0,0
1579920,"Casual,Indie,Early Access",25,20,5
1792790,"Action,Adventure,Indie",1,0,1
1064010,"Action,Indie",43,34,9
282800,"Indie,Strategy",7524,7116,408
1215600,"Action,Adventure,Indie",0,0,0
1059840,"Casual,Indie",5,4,1
850810,"Adventure,Indie",3,2,1
1157940,"Adventure,Casual,Indie,Simulation",77,56,21
1852660,"Action,Free to Play,Strategy",0,0,0
1661700,"Action,Indie,Simulation,Strategy",19,16,3
1073770,"Casual,Indie,RPG",18,16,2
1637120,Free to Play,0,0,0
1020270,"Adventure,Casual",54,47,7
4850,Strategy,548,480,68
453660,"Action,Indie",9,6,3
386290,"Action,Casual,Indie,Simulation",17,4,13
1113380,"Adventure,Casual,Indie,Simulation,Strategy",0,0,0
1077600,"Action,Casual,Indie",27,26,1
2059060,"Adventure,Casual,Free to Play,Indie",0,0,0
905690,"Action,Adventure,Indie,RPG,Strategy",3,3,0
1918680,"Casual,RPG,Simulation",22,11,11
1260910,"Adventure,Indie,RPG,Early Access",4,1,3
366620,"Action,Indie",7,4,3
667120,"Adventure,Free to Play,Indie,RPG",0,0,0
1033660,Action,0,0,0
434460,"Action,Indie,Racing,Strategy",805,728,77
1221880,"Casual,Indie,Strategy",7,7,0
1189060,"Action,Casual,Free to Play,Indie,Racing,Strategy",0,0,0
727760,"Adventure,Indie,Strategy",39,27,12
1072040,Strategy,1240,1007,233
1535610,"RPG,Strategy",79,66,13
1466950,Indie,0,0,0
1824450,"Action,Indie",0,0,0
739130,"Adventure,Indie,RPG",111,56,55
1916510,"Action,Adventure,Indie",2,2,0
1384890,"Indie,Simulation,Design & Illustration,Education,Web Publishing",25,18,7
723450,"Casual,Indie,Simulation",32,16,16
1656880,Indie,3,3,0
363600,"Indie,Simulation",716,523,193
1645680,Action,0,0,0
1861310,"Action,Indie",0,0,0
866450,"Action,Indie,Racing",2,2,0
596740,"Action,Indie,RPG",19,11,8
880370,"Casual,Indie",3,3,0
999280,"Casual,Simulation",0,0,0
1125860,"Action,Adventure,Casual,Indie",25,25,0
564950,"Action,Adventure,Indie,Simulation",20,10,10
1751070,Adventure,7,2,5
1779190,"Action,Adventure,Indie",10,9,1
1073440,Simulation,2701,2510,191
1551920,"Action,Indie",10,6,4
1033370,"Action,Casual,Indie",1,1,0
1351720,"Action,Adventure",3,1,2
1513310,"Casual,Indie,Strategy",12,12,0
1174980,"Audio Production,Design & Illustration,Utilities",3,3,0
802650,"Casual,Indie,Racing",7,5,2
461010,"Action,Casual,Indie,Racing",69,54,15
992560,"Action,Adventure,Indie",0,0,0
11250,"Simulation,Strategy",10,7,3
389800,"Action,Adventure,Casual,RPG,Early Access",4,3,1
716140,"Design & Illustration,Education",2,2,0
593240,"Action,Casual,Indie,Sports",60,31,29
1517240,"Casual,Indie,Strategy",16,16,0
1265070,"Action,Indie",4,2,2
1557240,"Action,Adventure,Indie",1,0,1
1606760,"Casual,Indie",15,11,4
663090,"Free to Play,Massively Multiplayer,RPG",36,19,17
1905540,"Adventure,Casual,Simulation",2,1,1
1849870,"Action,Adventure,Casual,Indie",1,1,0
1764890,"Action,Adventure,Sports",7,2,5
362380,"Action,Indie,Sports",20,17,3
1165590,"Adventure,Indie",4,2,2
1479050,"Casual,Indie,Simulation",0,0,0
485560,"Action,Adventure,Casual,Indie",4,4,0
1832980,"Casual,Indie",0,0,0
470030,Indie,2,2,0
376160,"Action,Adventure,Indie",1,1,0
1661760,Casual,2,2,0
1346010,Racing,112,85,27
1569140,"Action,Free to Play,Indie",0,0,0
1409520,"Indie,Sports",5,4,1
607210,"Action,Adventure",25,14,11
1524990,"Action,Adventure,Indie",0,0,0
784110,"Indie,Simulation",0,0,0
662500,"Adventure,Indie,RPG,Simulation",4,1,3
1591200,Casual,0,0,0
1175930,"Action,Adventure,Indie,Massively Multiplayer,RPG,Simulation,Early Access",5,4,1
1686250,"Indie,Simulation,Strategy",0,0,0
1476000,"Action,Free to Play,Indie",0,0,0
959400,"Action,Adventure,Casual,Indie,RPG",4,4,0
851920,"Action,Casual,Indie",4,1,3
404750,"Action,Indie,Early Access",2,1,1
974150,"Adventure,Casual,Free to Play,Indie,Simulation",0,0,0
805500,"Adventure,Casual,Indie",17,12,5
1081020,"Casual,Indie",1,1,0
932210,"Adventure,Indie,RPG,Strategy",15,9,6
1830000,Casual,13,13,0
1278270,"Action,Adventure,Casual,Simulation,Strategy,Early Access",18,10,8
789210,Indie,0,0,0
1360780,"Adventure,Casual,Indie,Early Access",0,0,0
1662840,"Adventure,Casual",106,103,3
1981740,"Action,Adventure,Casual,Indie,Massively Multiplayer,Racing,RPG",0,0,0
1869220,"Action,Adventure,Indie",0,0,0
1985610,"Casual,Indie",34,30,4
1405440,"Adventure,Indie",115,114,1
1140870,"Action,Casual,Indie,Sports",0,0,0
2006530,"Adventure,Casual,Indie,Early Access",4,4,0
732930,"Action,Adventure,Indie",45,45,0
1337260,"Simulation,Strategy",0,0,0
1591840,"Adventure,Casual,Indie,Simulation",1,1,0
1175390,"Animation & Modeling,Design & Illustration,Utilities,Early Access",60,20,40
1733280,"Casual,Free to Play",0,0,0
384360,"Casual,Indie",598,428,170
914440,"Adventure,Indie",1,1,0
1622560,"Action,Casual,Indie",5,5,0
1156900,"Casual,Indie,Strategy",2,1,1
1416240,"Adventure,Casual,Indie,RPG,Simulation",2,2,0
1182820,"Adventure,Casual,Indie",0,0,0
436850,"Action,RPG,Strategy",1,1,0
1398620,Indie,0,0,0
738830,"Design & Illustration,Utilities,Early Access",1,1,0
666780,"Action,Casual,Simulation",1,1,0
822840,"Violent,Gore,Action,Adventure,RPG,Simulation,Strategy,Early Access",1,0,1
405720,"Action,Indie",11,11,0
1321070,Adventure,211,176,35
974060,"Action,Adventure,Casual,Racing,Sports",0,0,0
1344070,Action,14,8,6
1758520,"Casual,Indie,Strategy",30,23,7
1245640,"Adventure,Casual,Free to Play,Indie",0,0,0
39160,"Action,RPG",1049,555,494
413700,"Casual,Indie",12,11,1
979600,"Adventure,Indie,RPG,Simulation",349,342,7
806240,Indie,1,1,0
1055180,"Casual,Indie,Racing",2,2,0
1138320,"Action,Casual,Indie",4,0,4
319850,"Casual,Indie,Simulation",85,64,21
1943030,RPG,0,0,0
943010,Action,0,0,0
872400,"Action,Adventure,RPG,Early Access",5,1,4
1157640,Simulation,53,48,5
1556150,"Action,Adventure,Casual",5,5,0
1383040,"Casual,Indie,Simulation",0,0,0
1069900,"Casual,Indie,Simulation",14,5,9
1619550,"Action,Casual,Indie",1,0,1
757450,"Adventure,Indie,RPG",25,19,6
1078870,"Action,Adventure,Casual,Indie,Simulation",9,7,2
1917310,"Adventure,Indie,Simulation",3,3,0
1002490,"Casual,Indie,Simulation,Strategy",15,7,8
783850,"Action,Adventure,Casual,Indie,Racing",2,0,2
1349130,"Action,Adventure,Indie,Early Access",4,4,0
560510,"Action,Indie",9,7,2
670850,"Adventure,Casual,Indie",5,4,1
1473640,"Action,Massively Multiplayer,Simulation,Early Access",2,2,0
558490,"Adventure,Casual,Indie",34,20,14
1445700,Education,0,0,0
547130,"Action,Adventure,Indie",7,5,2
681530,"Action,Indie",31,31,0
2058170,"Action,Indie",0,0,0
1087970,"Action,Adventure,Casual,Indie,RPG,Simulation",18,13,5
933820,"Indie,Simulation,Strategy",2312,1791,521
1619390,Casual,2,2,0
602970,"Action,Simulation",3,2,1
1493530,"Action,Casual",24,21,3
1945890,RPG,1,1,0
1443200,"Casual,Indie,RPG,Simulation",112,101,11
282960,"Indie,Early Access",1,1,0
1323000,"Indie,RPG",120,117,3
703730,"Violent,Gore,Adventure",28,25,3
1675430,"Adventure,Casual,Indie,RPG",0,0,0
371460,"Casual,Strategy",32,19,13
389740,Adventure,12,6,6
1459020,"Casual,Indie",6,5,1
609010,"Action,Simulation,Sports",9,7,2
258240,"Indie,Strategy",38,9,29
898950,"Casual,Indie",0,0,0
1018960,"Action,Adventure,Casual,Indie,Strategy",2,0,2
368990,"Action,Adventure,Indie",810,273,537
679670,"Casual,Indie,Simulation,Strategy",5,2,3
319080,Action,101,87,14
1089760,"Casual,Indie,Simulation",4,2,2
878180,"Action,Indie",12,9,3
913720,"Adventure,Casual,Indie,RPG",17,11,6
1523750,"Casual,Indie,Simulation",4,2,2
1393340,"Adventure,Indie,RPG,Strategy",3,2,1
671270,"Casual,Indie",10,8,2
1956690,"Animation & Modeling,Audio Production,Education,Video Production",0,0,0
1019450,Simulation,86,50,36
463160,"Indie,RPG,Strategy",84,65,19
1261180,"Action,Free to Play,Massively Multiplayer,RPG,Early Access",0,0,0
1825480,"Action,Adventure,Indie",0,0,0
1180540,"Casual,Indie,Strategy",78,78,0
1791030,Indie,10,4,6
1145050,"Action,Casual,Indie,Sports",1,1,0
455480,"Casual,Indie",1,0,1
1495780,"Casual,Indie",7,5,2
387870,"Action,Casual,Indie,Strategy",44,32,12
486300,"Adventure,Indie",10,3,7
1515180,Simulation,0,0,0
1589070,Simulation,11,8,3
846710,"Adventure,Indie,RPG",19,14,5
549030,"Violent,Action,Indie",9,3,6
695050,"Adventure,Indie,Strategy",145,111,34
408440,"Indie,Simulation,Strategy,Early Access",9,1,8
794830,"Adventure,Indie",4,4,0
722230,"Action,Adventure",583,323,260
887920,"Adventure,Casual",1,1,0
675690,"Action,Free to Play,Massively Multiplayer,Strategy",0,0,0
1226690,Simulation,33,23,10
1108370,"Casual,Indie,Simulation,Strategy",1391,1204,187
275510,Strategy,74,34,40
1693090,"Action,Indie,Early Access",8,7,1
1351830,"Action,Adventure,Indie",18,14,4
1651940,"Action,Casual,Indie,Simulation,Strategy",2,1,1
1254370,"Adventure,Indie",795,700,95
1601040,"Casual,Indie",6,3,3
348550,Action,2636,2581,55
465920,"Adventure,Casual",4,4,0
345650,"Free to Play,Indie",7,5,2
446460,Strategy,6,5,1
826000,"Action,Indie",25,13,12
821250,"Indie,Simulation,Strategy,Early Access",886,717,169
1788790,Action,1,1,0
1612620,"Action,Adventure,Indie,Early Access",308,253,55
798420,"Action,Casual,Free to Play,Massively Multiplayer,Simulation,Sports",5,2,3
858730,"Action,Casual,Indie",0,0,0
1405320,"Adventure,Indie",0,0,0
575510,"Adventure,Casual,Indie",71,55,16
1104690,"Indie,Simulation,Strategy",0,0,0
978630,"Action,Adventure,Indie,RPG",20,20,0
1037940,"Indie,RPG,Strategy,Early Access",38,31,7
752330,"Adventure,Indie,RPG",30,24,6
436860,"Action,Adventure,Indie,Simulation",28,14,14
1706130,"Adventure,Indie",1,1,0
1800970,"Action,Adventure,Indie,Simulation",1,0,1
1350590,Indie,0,0,0
265470,"Action,Adventure,Indie,RPG",132,114,18
2008850,"Casual,Indie,RPG,Strategy",0,0,0
1780690,"Action,Free to Play,Indie",0,0,0
1819180,"Action,Adventure,Indie",24,16,8
952120,"Action,Adventure,Casual,Free to Play,Massively Multiplayer,RPG,Simulation,Strategy",0,0,0
602860,Simulation,13,13,0
2004940,Casual,0,0,0
1107300,"Adventure,Casual,Indie",167,141,26
719110,"Action,Adventure,Indie",5,4,1
1127120,"Indie,Racing",2,2,0
1188140,"Casual,Simulation",7,5,2
571100,Simulation,34,14,20
2069220,"Casual,Free to Play,Indie,Strategy,Early Access",0,0,0
516500,"Action,Indie",14,12,2
1145300,Casual,2,2,0
1291600,"Indie,RPG,Strategy",0,0,0
1533680,"Indie,RPG,Strategy,Early Access",125,115,10
244850,"Action,Indie,Simulation,Strategy",54012,48426,5586
502370,Strategy,711,613,98
108800,Action,2887,2367,520
1204710,"Adventure,Indie",21,21,0
708890,"Action,Casual,Indie",20,17,3
1919400,"Action,Adventure,Free to Play,Indie",0,0,0
856770,"Action,Indie",0,0,0
330370,"Action,Casual,Simulation",32,27,5
1223260,"Action,Adventure,Indie,RPG",7,7,0
1482830,"Action,Free to Play,Indie",0,0,0
1559300,"Adventure,Casual,Indie",1,1,0
609110,"Action,Indie",330,298,32
428950,"Action,Adventure,Casual,Indie",82,38,44
416240,"Action,Adventure,Indie,Early Access",79,74,5
668600,"Action,Adventure,Free to Play,Indie,RPG,Simulation,Early Access",0,0,0
814710,"Action,Adventure,Casual,Indie",1,1,0
1929270,"Adventure,Casual,Indie,RPG",0,0,0
545640,"Adventure,Casual",8,5,3
1601970,"Action,Adventure,Indie",47,40,7
1197260,"Action,Free to Play,Indie,Strategy,Early Access",0,0,0
866310,"Adventure,Casual,Indie",20,14,6
40320,Strategy,52,43,9
1556350,"Casual,Indie",2,0,2
1609070,"Adventure,Indie",0,0,0
1026380,Casual,31,21,10
1213890,"Adventure,Indie,RPG,Strategy",1,1,0
1113670,"Casual,Indie",0,0,0
1239590,"Action,Adventure,Casual,Indie",5,1,4
552150,Casual,1,0,1
710030,"Action,Indie",55,48,7
1656300,Simulation,4,3,1
632350,RPG,1120,946,174
923270,"Casual,Education",3,0,3
354180,"Adventure,Indie",17,10,7
1551180,"Audio Production,Design & Illustration,Utilities",3,3,0
1168850,RPG,6,4,2
504770,"Action,Indie,Simulation",456,420,36
1080130,"Action,Adventure,Indie",10,7,3
1457980,"Action,Indie",33,30,3
1321590,"Adventure,Casual",4,4,0
1268250,"Adventure,Casual,Indie",41,29,12
1017650,"Action,Adventure,Casual,Indie",0,0,0
448150,"Indie,Massively Multiplayer,RPG,Early Access",26,18,8
1993910,"Casual,Free to Play,Indie",0,0,0
1483970,"Action,Indie,Early Access",7,6,1
1657900,"Action,Simulation,Strategy",96,54,42
885190,"Casual,Free to Play,Indie",16,10,6
402340,"Action,Indie",24,22,2
1711950,Strategy,302,186,116
1382920,"Indie,RPG,Simulation,Strategy,Early Access",6,3,3
1465830,"Action,Adventure,Indie",1,1,0
1196660,"Indie,Simulation,Strategy",0,0,0
771670,"Action,Casual,Simulation,Sports",5,2,3
448070,"Action,Casual,Indie,Strategy",85,37,48
375180,"Indie,Simulation",156,94,62
1858060,"Animation & Modeling,Education,Utilities",1,1,0
663240,"Adventure,Casual,Indie",84,74,10
1055420,Action,0,0,0
871210,"Action,Adventure,Casual,Indie,RPG,Early Access",23,18,5
819020,RPG,291,230,61
945740,"Indie,Simulation,Strategy",24,13,11
1793960,"Casual,Indie",2,1,1
1655490,"Action,Casual",0,0,0
394280,"Adventure,Casual",44,23,21
388140,"Simulation,Strategy",16,12,4
800120,"Casual,Indie",45,39,6
1050670,"Adventure,Free to Play",0,0,0
985580,Indie,4,3,1
970220,Indie,5,5,0
1841540,Indie,1,0,1
690440,"Action,Indie",2,2,0
1174440,"Casual,Indie,Simulation,Strategy",2,2,0
1877710,"Adventure,Indie,RPG",1,1,0
853980,"Action,Casual,Indie",0,0,0
809760,"Violent,Action,Casual,Indie",2,0,2
1457430,"Action,Adventure,Casual,Free to Play,Massively Multiplayer,RPG",0,0,0
875810,Indie,1,1,0
708340,"Action,Casual,Indie,Simulation",18,17,1
1141870,"Casual,Indie,RPG,Simulation",2,2,0
411080,"Action,Indie",154,120,34
1607480,Indie,1,0,1
1528000,"Casual,RPG,Simulation",32,19,13
440690,"Action,Adventure,Indie",15,11,4
543460,Action,1009,618,391
32670,Action,234,213,21
1079210,Action,268,242,26
939600,"Casual,Indie",196,180,16
1282760,"Action,Casual,Indie",71,63,8
1508410,"Adventure,Casual,Indie,RPG",3,2,1
1148450,"Adventure,Casual,Strategy",34,32,2
1519560,"Free to Play,Simulation,Education",0,0,0
297740,"Action,Indie",11,8,3
1787900,Simulation,1,1,0
1591190,Casual,0,0,0
1461490,"Adventure,Indie",21,16,5
242130,"Action,Indie,Simulation",348,168,180
439750,"Indie,RPG",31,23,8
365140,"Adventure,Simulation",7,3,4
1015480,"Simulation,Early Access",78,49,29
1550020,"Indie,Simulation,Strategy",26,23,3
252430,"Action,Indie",42,16,26
468570,"Adventure,Indie",38,15,23
1036900,Action,4,4,0
1396580,"Action,Adventure,Casual,Indie",6,5,1
1434970,"Adventure,Casual,Indie",2,2,0
426790,"Adventure,Casual,Indie",998,915,83
656900,"Adventure,Indie",30,23,7
1110560,"Action,Adventure,Indie,RPG",1,0,1
1358510,"Adventure,Casual,Indie,Simulation,Early Access",1,1,0
1910230,"Action,Indie",6,6,0
343630,"Action,Casual,Free to Play,Strategy",0,0,0
619380,"Casual,Indie,Strategy",0,0,0
562660,"Casual,Indie",6,4,2
1567370,Free to Play,0,0,0
1142750,"Casual,Indie",1,1,0
1397540,"Casual,Indie,Strategy",7,7,0
761670,"Adventure,Casual",21,21,0
992700,"Adventure,Casual,Indie,RPG,Simulation",0,0,0
1691110,"Free to Play,Animation & Modeling,Video Production,Game Development,Early Access",0,0,0
534660,"Action,Indie",6,2,4
2019240,"Simulation,Early Access",8,5,3
1149440,"Action,RPG",271,218,53
1372730,"Action,Indie,Racing,Early Access",16,16,0
694240,"Casual,Indie",0,0,0
1421120,"Action,Adventure",22,20,2
1476160,"Action,RPG",1,0,1
529910,"Action,Adventure",167,61,106
1116490,"Adventure,Casual,Indie",18,16,2
1418610,"Action,Casual,Indie,Strategy",2,1,1
839300,"Indie,Sports",12,7,5
1809850,"Indie,Simulation",2,0,2
932690,"Action,Adventure,Indie,RPG,Early Access",4,0,4
1325380,"Casual,RPG,Simulation,Strategy",9,5,4
1914330,"Action,Indie,Early Access",0,0,0
1086630,"Casual,Massively Multiplayer,Early Access",0,0,0
538810,"Casual,Indie,Simulation,Strategy",267,174,93
1181270,"Casual,Indie,Simulation,Sports",15,12,3
612100,"Casual,Indie",109,99,10
1488250,RPG,0,0,0
1331060,Casual,0,0,0
1296810,"Action,Casual,Indie",0,0,0
1155670,"Adventure,Casual,Indie,RPG,Simulation",3,2,1
953120,"Action,Adventure,Early Access",1,0,1
1929650,Action,2,0,2
1862200,"Casual,Indie",2,2,0
1376870,"Free to Play,Indie,Strategy,Early Access",0,0,0
504240,"Action,Casual,Indie",1,0,1
726380,"Animation & Modeling,Design & Illustration",13,10,3
520610,Strategy,41,29,12
726230,"Adventure,Indie,RPG",22,21,1
1139840,"Action,Indie,Strategy",1,1,0
223510,"Action,Adventure,Indie",734,570,164
1742970,"Adventure,Indie",0,0,0
1631400,"Action,Adventure,Casual,Indie,Simulation",3,2,1
824720,"Simulation,Early Access",672,581,91
260020,"Casual,Indie",15,10,5
385230,"Action,Adventure,Indie",45,35,10
540410,Action,15,15,0
630630,"Casual,Indie",32,26,6
514220,"Action,Adventure,Indie,RPG",2,2,0
1476920,"Adventure,Casual,Indie,RPG,Simulation,Sports,Strategy",2,1,1
1090020,"Action,Adventure,Casual,Indie",4,4,0
1095980,"Action,Indie",0,0,0
1933770,Animation & Modeling,0,0,0
1671330,"Action,Casual,Massively Multiplayer",10,9,1
473720,"Action,Adventure",11,11,0
666600,"Action,Adventure,Casual,Indie,RPG,Simulation,Strategy",8,6,2
458760,Free to Play,12,12,0
2018240,Indie,10,9,1
2000570,"Action,Adventure,Indie,RPG,Early Access",1,1,0
284140,"Action,Adventure,Indie,RPG",44,23,21
786770,"Action,Adventure,Casual,Indie,Early Access",3,3,0
1248860,"Casual,Indie",4,4,0
814530,"Indie,Strategy",206,182,24
1308980,"Indie,RPG",3,3,0
2056420,"Action,Adventure,Indie,RPG",2,1,1
356540,"Adventure,Casual,Indie,Simulation",13,10,3
629110,"Adventure,Casual",23,22,1
1326660,"Action,Casual,Indie,Early Access",5,5,0
952460,"Adventure,Indie",17,11,6
718910,"Action,Indie",5,2,3
923780,"Action,Indie,Early Access",0,0,0
1909810,"Adventure,Indie",54,52,2
1320830,"Adventure,Casual,Indie",1,1,0
1432760,Indie,8,6,2
811450,"Adventure,Casual,Indie",3,1,2
833040,"Adventure,Casual,Indie,RPG,Simulation",955,896,59
1135130,Indie,6,3,3
746510,"Casual,Indie",443,412,31
921700,Indie,0,0,0
1522320,"Animation & Modeling,Design & Illustration,Utilities",0,0,0
1260830,"Casual,Free to Play,Indie",0,0,0
383120,"Adventure,Indie,Simulation,Strategy",15051,12267,2784
545570,"Action,Casual,Free to Play,Indie",1,1,0
1567860,Adventure,143,126,17
319270,"Casual,Indie,Strategy",40,34,6
1540130,"Action,Adventure,Indie,Simulation",5,5,0
1654920,Indie,2,2,0
382090,"Action,Adventure,Indie",124,99,25
1113690,"Adventure,Indie",11,11,0
314160,Simulation,12147,10379,1768
1301560,"Casual,Indie,Racing",0,0,0
915570,"Action,Indie",0,0,0
1079130,"Casual,Indie,Strategy",41,32,9
906170,"Indie,RPG,Strategy",2,1,1
664570,"Adventure,Casual",0,0,0
839230,Indie,4,4,0
1481870,"Action,Adventure,Indie",2,2,0
593720,"Adventure,Casual",0,0,0
816200,"Casual,Indie",0,0,0
789580,"Action,Indie",0,0,0
321370,"Adventure,Indie",36,21,15
1507800,"Free to Play,Strategy,Early Access",0,0,0
1008070,"Action,Adventure,Casual,Indie,Massively Multiplayer,Racing,Simulation,Sports",0,0,0
1379640,Indie,0,0,0
1415410,"Indie,Simulation,Strategy",0,0,0
1272000,"Simulation,Sports",1,1,0
375040,"Action,Casual,Indie,Simulation",34,26,8
1477950,"Indie,RPG,Strategy",96,76,20
1065550,"Action,Casual,Free to Play,Indie",0,0,0
1604540,"Action,Adventure,Casual,Indie,Simulation,Sports",13,12,1
1251770,"Action,Indie,Strategy",5,1,4
1423140,"Casual,Indie",7,5,2
1175050,"Action,Adventure,Indie",0,0,0
934600,"Action,Indie",5,2,3
1796080,"Adventure,Casual,Indie,RPG",5,5,0
394220,"Action,Indie",89,73,16
1355470,"Adventure,Indie",0,0,0
215470,"Action,Indie",2521,1984,537
342970,"Casual,Indie,Simulation,Strategy",95,55,40
1950420,"Casual,Simulation,Strategy",0,0,0
973580,Action,2525,1905,620
1966440,"Adventure,Casual,Free to Play,Indie",0,0,0
585020,"Casual,Indie,Strategy",26,19,7
652040,"Action,Adventure,Indie",4,4,0
824260,"Casual,Indie,Simulation",0,0,0
1056970,Action,114,48,66
321560,"Action,Indie",44,37,7
585080,"Adventure,Simulation,Sports",71,35,36
458290,"Action,Indie",8,5,3
552440,"Action,Adventure,Indie",513,419,94
1234220,"Casual,Indie,Strategy",64,57,7
377520,Strategy,174,136,38
880750,"Indie,Strategy",28,13,15
1002540,Indie,10,7,3
524430,"Action,Adventure,Casual,Indie",20,16,4
416830,"Action,Adventure,Indie",44,37,7
749340,"Casual,Indie",38,29,9
1199760,"Action,Adventure,Indie,RPG,Simulation,Strategy",19,19,0
520080,"Adventure,Indie,RPG",2,1,1
897900,"Action,Casual,Indie,Early Access",6,6,0
1624210,"Casual,Indie",14,13,1
1314930,Indie,37,29,8
1341620,"Adventure,Indie",5,3,2
595630,Action,1,0,1
382300,"Action,Adventure,Indie",120,53,67
1418310,"Casual,Indie",19,16,3
1856010,"Adventure,Casual,Indie,Simulation,Sports",8,6,2
467750,"Adventure,Casual,Indie",15,11,4
1083650,"Casual,Indie",76,47,29
1370770,"Adventure,Indie",8,8,0
837100,Adventure,11,4,7
1770200,"Adventure,Casual,Indie",0,0,0
1748390,"Action,Free to Play,Indie,Massively Multiplayer,Strategy",59,55,4
1719000,"Adventure,Indie",5,4,1
921590,"Action,Free to Play",376,220,156
645860,"Violent,Action,Adventure,RPG,Early Access",6,4,2
1894510,"Casual,Free to Play,Indie",0,0,0
913710,"Action,Adventure,Indie,RPG",27,17,10
645830,"Action,Free to Play,Massively Multiplayer,Strategy",0,0,0
1638690,RPG,3,2,1
1285090,Adventure,7,4,3
602200,"Action,Adventure,Casual,Indie",5,4,1
968620,Indie,0,0,0
1023840,"Indie,Racing,Simulation",0,0,0
340400,"Indie,RPG",5,5,0
1216550,"Indie,Simulation,Sports",5,3,2
1210060,"Action,Adventure,Indie",6,3,3
574500,"Action,Adventure,Indie",10,9,1
968440,"Free to Play,Indie",0,0,0
708590,"Action,Adventure,Strategy",1,1,0
868070,"Action,Adventure,Casual,Indie",0,0,0
1735480,"Design & Illustration,Utilities,Video Production,Web Publishing,Early Access",2,2,0
1703230,Casual,33,24,9
1046600,"Casual,RPG,Strategy",10,7,3
1926790,"Action,Casual,Indie,Simulation",1,1,0
360030,"Indie,RPG",20,15,5
713590,"Adventure,Casual,Indie",10,1,9
1399480,Sports,4,3,1
1770840,"Adventure,Indie",3,3,0
1925710,"Action,Adventure,Indie,Early Access",2,1,1
517220,Sports,27,19,8
1211930,Adventure,48,43,5
1250250,Action,43,31,12
1462900,"Casual,Indie",1,1,0
1108320,"Adventure,Indie",12,8,4
343740,"Action,Casual,Free to Play,Indie",2,2,0
1589080,"Adventure,Casual",10,7,3
1563720,"Action,Indie",6,5,1
668510,"Action,Adventure,Casual,Indie,Simulation,Sports",3,3,0
1511870,"Adventure,Indie,RPG",1,0,1
871330,"Action,Adventure,Casual,Indie,RPG,Early Access",4,4,0
1152480,RPG,1,1,0
827420,"Casual,Indie,Simulation,Strategy",20,10,10
1078820,"Adventure,Indie,Strategy",1,1,0
1965020,"Action,Indie",2,2,0
683490,Simulation,1,1,0
871200,Action,309,268,41
636100,"Action,Indie,RPG",408,377,31
1801060,"Action,Indie,Early Access",0,0,0
810610,"Action,Casual,Indie",1,1,0
931820,"Action,Indie",1,1,0
545830,"Casual,Indie,Simulation,Strategy",20,9,11
808910,"Action,Racing",980,842,138
672130,"Gore,Action,Adventure,Casual,Indie,Simulation,Strategy",3,0,3
524690,Indie,20,19,1
932290,Indie,2,2,0
1148590,Action,3118,2932,186
1257850,"Casual,Indie,Strategy",94,92,2
1291660,"Adventure,Indie,RPG,Early Access",1,0,1
1775500,"Action,Adventure,Casual,Indie,RPG,Strategy",5,5,0
1791620,"Action,Casual,Free to Play,RPG,Strategy,Early Access",0,0,0
474210,"Action,Indie",490,440,50
658450,"Action,Casual",4,2,2
508940,"Action,Indie",6,5,1
1946310,"Adventure,Indie",4,3,1
530120,"Casual,Indie,Simulation",354,339,15
935700,"Casual,Indie",7,2,5
883280,"Action,Indie",0,0,0
1294360,"Action,Free to Play,Indie",0,0,0
297080,"Casual,Indie,Strategy",3,2,1
301050,"Adventure,Indie",29,23,6
285380,"Casual,Simulation,Strategy",153,74,79
549190,"Adventure,Casual",7,6,1
1855150,"Action,Simulation,Early Access",2,2,0
1072480,"Action,Adventure,Casual,Free to Play,Massively Multiplayer,Simulation,Sports,Strategy",251,157,94
1294310,"Adventure,Casual,Indie",6,6,0
1478470,"Action,Adventure,Casual,Indie",7,5,2
965590,"Casual,Indie,Strategy",122,119,3
1386090,"Casual,Indie",2,1,1
1073960,"Adventure,Indie,RPG",1,0,1
1757120,"Design & Illustration,Game Development",4,4,0
1072350,"Action,Indie",8,8,0
539440,"Casual,Indie,Simulation",55,24,31
1892510,"Adventure,Casual,Simulation",0,0,0
389970,"Adventure,Casual",2,1,1
1721720,"Simulation,Strategy,Early Access",0,0,0
632840,"Action,Indie,Massively Multiplayer,Early Access",4,2,2
1415140,"Casual,Indie,Racing",27,26,1
1322370,"Action,Adventure,Casual,Indie,Simulation,Strategy,Early Access",14,13,1
977310,Indie,5,5,0
871190,"Action,Adventure,Indie",33,30,3
571630,Casual,21,12,9
1820720,Indie,15,14,1
663100,"Action,Indie,Simulation",13,9,4
1080250,"Adventure,Indie,RPG",19,17,2
1243450,"Adventure,Casual",3,2,1
40500,"Action,Strategy,Indie",14,5,9
611550,"Casual,Indie",5,5,0
1916180,"Casual,Free to Play",0,0,0
563320,"Casual,Indie",35,14,21
302590,"Action,Casual,Free to Play,Indie,Massively Multiplayer,Racing,Strategy,Early Access",262,220,42
417060,"Action,Casual,Indie",8,4,4
1100030,"Adventure,RPG",1,1,0
697680,"Casual,Early Access",0,0,0
1035660,Strategy,131,110,21
1147130,"Action,Indie,Simulation,Early Access",64,60,4
572010,"Action,Adventure,Indie",24,6,18
648050,"Indie,Racing,Early Access",87,79,8
974040,Strategy,4,3,1
1396240,"Action,Simulation",0,0,0
745250,Indie,16,14,2
1448990,"Adventure,Casual,Indie",20,20,0
1323350,"Casual,Indie,Simulation,Strategy",0,0,0
906850,Indie,3,3,0
1863420,"Adventure,Indie,Racing",1,0,1
1786760,"Massively Multiplayer,RPG",0,0,0
3230,Strategy,87,24,63
943410,"Casual,Indie,Strategy",115,111,4
1642590,"Casual,Indie",11,10,1
737870,"Action,Indie",48,40,8
1729900,"Action,Free to Play,Indie,Strategy,Early Access",1,1,0
300260,"Action,Adventure,Indie,Racing",204,119,85
836290,"Adventure,Indie,RPG",12,8,4
364200,"Indie,RPG,Strategy",37,23,14
424610,"Action,Casual,Indie",1,1,0
1294320,"Adventure,Casual,Indie",0,0,0
1395310,"Free to Play,Indie,Massively Multiplayer,Sports",0,0,0
888140,Indie,0,0,0
595930,"Casual,Indie,Strategy",59,45,14
1158390,"Adventure,RPG",1,0,1
279160,"Action,Adventure",113,72,41
60600,"Action,Indie",11,4,7
809800,"Adventure,Casual,Indie",3,1,2
1550950,"Action,Indie,RPG",0,0,0
585770,"Action,Indie,Strategy",4,3,1
839590,"Casual,Indie",4,1,3
1568560,Strategy,0,0,0
1206010,"Action,Casual,Indie",1,1,0
614560,"Adventure,Indie,Simulation",9,3,6
371510,"Action,Indie",53,20,33
818430,"Adventure,Casual,Indie",2,0,2
1219180,"Action,Casual,Indie,RPG",0,0,0
1356280,"Action,Adventure,RPG",344,279,65
822920,"Adventure,Casual,Indie",12,11,1
1560640,"Action,Indie",11,11,0
1757570,"Casual,Indie,Strategy",2,2,0
387840,"Adventure,Casual,Indie",58,47,11
1801860,"Action,Casual,Indie",0,0,0
1570200,"Casual,Indie",3,3,0
1127920,"Adventure,Casual,Indie,RPG",4,2,2
1295260,"Action,Adventure,Indie",22,22,0
1540420,Action,7,5,2
1931160,"Action,Adventure",2,0,2
227220,"Action,Adventure,Indie,RPG,Strategy",835,734,101
1717610,"Action,Indie,RPG",3,1,2
1880280,"Free to Play,Massively Multiplayer",0,0,0
1644490,"Action,Adventure,Indie,Massively Multiplayer",286,215,71
1321270,"Adventure,Casual,Racing,RPG,Sports",165,152,13
698500,"Casual,Indie,Simulation",12,8,4
1725840,"Casual,Indie,Simulation,Strategy,Early Access",0,0,0
1034920,"Action,Adventure,Indie",9,7,2
574560,"Adventure,Casual,Indie",1056,894,162
1786660,"Action,Indie",3,3,0
767330,"Casual,Indie,Simulation,Sports",4,0,4
783560,"Casual,Indie",0,0,0
909630,"Casual,Indie,Simulation,Sports,Strategy",13,8,5
984930,"Adventure,Casual,Indie,Simulation",3,1,2
773230,"Action,Adventure,Indie",4,3,1
1493590,"Action,Adventure,Casual,Indie",1,1,0
381260,"Adventure,Indie",91,63,28
781500,"Action,Casual,Indie",1,1,0
1689550,"Adventure,Free to Play,Indie,RPG",0,0,0
819790,"Adventure,Massively Multiplayer,RPG",0,0,0
866140,"Adventure,Indie",109,102,7
1338180,"Action,Adventure,Casual,Indie,RPG",1,1,0
320690,"Adventure,Casual,Indie",72,41,31
1332570,"Adventure,Casual,Indie,RPG",5,3,2
1357280,Simulation,1,1,0
916380,"Adventure,Indie,Strategy",5,4,1
1781720,"Action,Adventure,Indie",1,1,0
1609220,"Adventure,Indie",10,10,0
857590,Indie,0,0,0
1042100,"Action,Adventure,Strategy",0,0,0
223000,"Strategy,Casual",26,25,1
935940,"Indie,Sports",4,1,3
1314000,"Action,Indie,RPG,Early Access",94,70,24
1079260,"Action,Casual,Indie,Simulation",1327,1300,27
1921460,"Action,Adventure,Casual,Indie",5,5,0
360390,"Indie,Strategy",57,30,27
868440,"Action,Adventure,Indie,RPG",4,4,0
1367980,"Action,Indie,Simulation",5,5,0
726950,"RPG,Strategy",48,22,26
462640,Sports,18,13,5
421610,Adventure,29,23,6
686040,"Action,Indie",3,2,1
261550,"Action,RPG,Simulation,Strategy,Early Access",70447,62168,8279
1790340,"Action,Casual,Free to Play,Indie,Early Access",0,0,0
1947530,"Casual,Indie,RPG,Simulation,Early Access",78,71,7
1066780,"Simulation,Strategy",5739,5040,699
865880,"Adventure,Free to Play,Indie,RPG",0,0,0
603490,"Action,Adventure,Casual,Indie",2,0,2
551520,"Casual,Indie,Simulation",9,6,3
1165960,"Action,Indie",10,9,1
455080,"Adventure,Casual",9,8,1
427030,RPG,157,134,23
1590030,"Casual,Indie",0,0,0
999990,"Action,Casual,Indie",1,1,0
509610,"Action,Casual,Simulation",21,5,16
449500,"Action,Indie",5,1,4
1216220,"Action,Adventure,Free to Play",0,0,0
1829940,RPG,1,1,0
654880,"Casual,Indie,Simulation",3952,3626,326
815080,"Violent,Gore,Action,Adventure,Indie",30,16,14
1538570,"Simulation,Strategy",969,758,211
1411920,"Action,Adventure,Casual,Indie",11,8,3
1349720,"Simulation,Sports",4,1,3
1046330,Action,1,1,0
448910,"Indie,Strategy",83,73,10
1249410,"Adventure,RPG",13,6,7
366180,"Action,Adventure,Casual,Indie",12,5,7
546440,Indie,4,0,4
1914190,"Adventure,Indie",10,9,1
1154010,"Action,Casual,Indie,Early Access",1,0,1
1191820,"Adventure,Casual,Simulation,Strategy",4,4,0
387060,"Action,Adventure,Indie",57,50,7
774901,"Simulation,Sports,Early Access",16,9,7
557950,"Indie,Strategy,Early Access",51,50,1
760800,"Adventure,Indie",64,41,23
1707850,"Casual,Indie,RPG,Simulation",5,5,0
1578380,"Action,Indie,Early Access",0,0,0
1939070,"Casual,Indie",1,1,0
984020,"Action,Indie",5,5,0
1597070,Indie,1,0,1
987200,"Adventure,Indie,RPG",23,15,8
868460,Casual,1,0,1
1470300,"Indie,Massively Multiplayer,Strategy",2,0,2
1565760,RPG,2,2,0
981480,"Casual,Indie,Strategy",0,0,0
1016390,"Adventure,Casual,Simulation",0,0,0
1394490,Action,0,0,0
1856930,"Action,Adventure,Indie",0,0,0
1283000,"Casual,Indie,Simulation",31,31,0
1923790,"Casual,Indie,Strategy",223,221,2
1960970,Casual,3,3,0
1778460,"Action,Casual,Indie",0,0,0
1448760,"Adventure,Casual,Indie",15,9,6
1025360,"Action,Indie,Simulation",2,2,0
546330,"Action,Casual,Indie",20,19,1
629520,"Audio Production,Utilities",15851,15271,580
1640260,Casual,1,1,0
1672960,"Action,Indie,Simulation,Strategy",16,11,5
1917450,"Adventure,Indie",60,57,3
416380,"Action,Indie",97,72,25
1627120,Action,9,6,3
1707450,"Adventure,Casual,Indie,RPG",0,0,0
1047350,"Indie,Strategy",1,1,0
1429260,"Indie,RPG,Strategy",0,0,0
331600,Action,2235,1750,485
1377540,"Action,Adventure,Indie,RPG,Strategy,Early Access",119,54,65
2017630,"Action,Adventure,Casual,Indie,Early Access",4,4,0
813250,"Adventure,Indie",12,11,1
966020,Casual,4,4,0
1912880,Indie,12,10,2
768450,"Adventure,Simulation",284,247,37
1199610,"Adventure,Indie,Strategy",1,0,1
976980,Action,0,0,0
346130,"Adventure,Indie,Racing",1,1,0
310110,"Action,Indie,RPG",102,47,55
633950,"Action,Adventure,Indie,RPG",77,45,32
1875720,"Adventure,Casual,Indie,Massively Multiplayer,RPG,Strategy",0,0,0
2005630,"Adventure,Casual,Indie,Simulation,Sports",0,0,0
413650,"Action,Indie,Early Access",0,0,0
1821800,"Free to Play,Indie,Simulation,Strategy",0,0,0
993980,"Action,Indie,RPG",5,3,2
1593190,"Action,Adventure",4,1,3
1319160,"Action,RPG",0,0,0
1403710,Simulation,3,3,0
703720,"Action,Indie",10,10,0
416690,Indie,3,3,0
702110,Action,98,91,7
461640,"Action,Adventure,Indie,RPG",418,357,61
462220,Casual,17,14,3
818350,"Action,Casual,Indie,Early Access",2,1,1
757670,Action,0,0,0
1468160,"Action,Casual,Free to Play,Indie,Racing",0,0,0
1562070,"Action,Indie",2,2,0
534460,Simulation,0,0,0
1499900,"Casual,Indie",2,1,1
1259440,"Free to Play,Indie,Massively Multiplayer,RPG,Early Access",0,0,0
1650450,"Action,Adventure,Indie",0,0,0
552280,Adventure,21,17,4
952370,Indie,1,1,0
1840660,"Action,Casual,Indie,Massively Multiplayer,Early Access",0,0,0
1112860,"Casual,Indie",0,0,0
6220,Racing,977,889,88
1600460,"Adventure,Casual",0,0,0
260080,"Casual,Indie",35,15,20
1412970,Adventure,0,0,0
1505840,"Casual,Indie",4,4,0
756700,"Action,Racing,Early Access",16,13,3
322630,RPG,58,21,37
320400,"Casual,Strategy",19,17,2
1734310,"Action,Early Access",1,1,0
1596270,Indie,9,8,1
23460,"Action,Adventure,Strategy",85,69,16
849600,"Action,Casual,Indie,Early Access",9,5,4
1693140,"Action,Adventure,Indie,RPG,Early Access",1,0,1
1027820,"Action,Adventure,Indie,Massively Multiplayer,Simulation",208,156,52
1918670,"Action,Adventure,Indie",0,0,0
957570,"Indie,RPG,Strategy",14,12,2
383270,"Adventure,Indie",485,456,29
884990,"Action,Adventure,Indie",0,0,0
377070,Adventure,35,31,4
546930,"Action,Indie",181,88,93
1896620,"Adventure,Casual",1,0,1
1970620,"Adventure,Indie",2,1,1
1989620,"Indie,RPG",0,0,0
499440,"Casual,Indie",1559,1514,45
552060,"Adventure,Indie",53,38,15
605210,"Action,Adventure,Indie",6,5,1
397570,"Action,Indie",59,47,12
1579730,Casual,4,4,0
453290,"Adventure,Indie",204,165,39
1261170,"Casual,Indie",11,9,2
703270,"Casual,Indie",1,0,1
1906640,"Action,Casual,Free to Play,Indie,Early Access",0,0,0
867010,"Action,Indie",2,2,0
1525650,"Adventure,Indie",9,8,1
1378100,"Adventure,Casual,Indie",0,0,0
780310,"Action,Adventure,Indie,RPG,Simulation,Strategy",4441,4063,378
1606730,"Adventure,Casual,Indie,Racing,RPG,Simulation",0,0,0
711380,"Action,Adventure,RPG",18,8,10
918500,"Action,Casual,Indie,Massively Multiplayer,Simulation,Early Access",8,7,1
1399700,"Indie,Simulation,Strategy",57,42,15
965760,"Casual,Indie,Sports,Early Access",0,0,0
1149370,"Action,Adventure,Indie,RPG",4,2,2
1146560,"Action,Indie",8,8,0
366440,"Action,RPG,Strategy",703,351,352
831980,"Indie,Simulation,Sports,Strategy",837,776,61
1740550,"Simulation,Sports,Strategy",0,0,0
872560,Casual,0,0,0
796380,"Action,Indie",16,15,1
1976680,"Adventure,Indie,Sports",0,0,0
927380,"Action,Adventure,RPG",4667,4519,148
1998110,"Adventure,Casual,Indie",11,10,1
1693010,Indie,1,1,0
932970,Casual,5,2,3
1839180,"Casual,Indie,Simulation",0,0,0
578920,"Adventure,Casual,Indie,Simulation,Strategy",0,0,0
1064800,"Adventure,Casual,Indie,RPG,Simulation,Strategy",8,6,2
1381070,"RPG,Strategy,Early Access",18,17,1
1413820,"Action,Adventure,Casual,Indie",0,0,0
486350,"Action,Indie",2,2,0
733070,"Casual,Indie,Strategy",339,306,33
1699770,"Casual,Indie",0,0,0
1439030,"Action,Adventure,Casual,Indie,Massively Multiplayer,RPG",4,4,0
1221860,"Adventure,Indie",5,5,0
1458550,"Adventure,Indie,Simulation",0,0,0
1362290,"Action,Early Access",0,0,0
914000,"Action,Adventure,Casual,Indie,Simulation,Strategy",20,16,4
1876000,"Indie,Simulation,Strategy",32,27,5
1050810,"Action,Adventure,Casual,Indie,Simulation,Sports",12,3,9
1350560,Casual,1,1,0
1445090,"Action,Casual,Indie",0,0,0
302910,"Action,Adventure,Indie",49,18,31
318660,Casual,6,2,4
1988810,"Action,Free to Play",0,0,0
402880,"Action,Adventure,Indie,RPG",350,265,85
1343100,"Action,Adventure,Casual,Indie",1,1,0
515180,Simulation,1580,1244,336
1011870,"Action,Adventure,Casual,Indie",1,1,0
513790,Early Access,15,10,5
679900,"Action,Adventure,Indie,RPG",1477,1370,107
1223250,"Casual,Indie",35,31,4
1176050,"Casual,Indie,RPG,Simulation,Early Access",4,4,0
1274150,"Action,Simulation",3,2,1
1179390,"Simulation,Strategy",2,1,1
1530370,"Action,Adventure,Indie,Early Access",18,16,2
1254720,"Casual,Free to Play,Indie",0,0,0
1243010,Adventure,1,1,0
1957220,"Adventure,Casual",6,6,0
1927580,Casual,0,0,0
887530,"Adventure,Indie,RPG",89,74,15
1076300,"Adventure,Indie,RPG",1,0,1
521570,"Casual,Free to Play,Indie",7,7,0
1605340,"Action,Adventure",4,1,3
1387350,"Adventure,RPG",1,1,0
1295570,Indie,0,0,0
904770,"Casual,Indie,Strategy",2,2,0
496640,Indie,56,23,33
994860,"Action,Indie",6,5,1
1092950,"Adventure,Casual,Indie",49,46,3
1291530,"Action,Free to Play,Indie",0,0,0
1904640,"Action,RPG",6,6,0
1528240,"Action,Casual,Free to Play,Indie,Racing,Simulation,Sports,Early Access",0,0,0
1281360,"Adventure,Casual,Strategy",1,1,0
731450,"Adventure,Casual,Indie,Simulation",4,1,3
910700,Indie,0,0,0
1703620,"Action,Adventure,Indie",0,0,0
1795020,Simulation,0,0,0
906920,"Action,Casual,Indie",16,6,10
1540490,"Adventure,Indie",12,5,7
1166740,"Adventure,Indie",14,6,8
1788410,"Casual,Indie,Strategy",13,13,0
1186770,"Action,Adventure,Indie,Early Access",1,0,1
355370,"Adventure,Indie,RPG",14,11,3
539460,"Casual,Indie",20,14,6
1746890,"Action,Free to Play,RPG",0,0,0
447530,"Adventure,Indie,Simulation",9404,9146,258
2017270,"Action,Indie",14,13,1
471380,"Adventure,Indie,RPG,Simulation,Strategy",14,9,5
1098650,"Adventure,RPG,Simulation",1,0,1
1375970,"Adventure,Casual,Indie,Early Access",2,0,2
2053220,"Casual,Indie,Simulation",0,0,0
863380,"Adventure,Casual,Indie,Simulation",12,6,6
548020,"Action,Adventure,Indie,RPG,Simulation",46,23,23
1283260,"Action,RPG",5,4,1
1186740,"Adventure,Casual,Free to Play,Indie,Simulation",91,87,4
1071940,"Indie,RPG,Simulation",47,30,17
1176780,"Free to Play,Indie,Strategy",0,0,0
1545620,"Adventure,Casual,Strategy",14,12,2
1810810,"Action,Adventure,Casual,Indie,Massively Multiplayer,Racing,Simulation,Strategy",8,8,0
1698910,"Casual,Indie,Simulation,Strategy,Early Access",1,0,1
451930,Indie,15,14,1
1754170,"Action,Adventure,Casual,RPG,Early Access",0,0,0
1592520,"Casual,Indie,RPG",29,28,1
448440,"Adventure,Indie",81,40,41
1433490,"Adventure,Indie,RPG",2,2,0
1614270,Adventure,69,67,2
945280,"Adventure,Casual,Indie,RPG,Simulation",7,7,0
752770,"Action,Casual,Indie",0,0,0
1377150,"Adventure,Casual",0,0,0
1964690,Action,2,2,0
322930,"Indie,Simulation",90,71,19
1418470,"Adventure,Casual,Indie",1,1,0
1065930,"Action,Indie,Early Access",0,0,0
986080,"Action,Adventure,Casual,Indie,Early Access",13,7,6
666290,"Action,Adventure,Indie",2,0,2
1597750,"Action,Indie,Early Access",0,0,0
1333340,"Action,Adventure,Indie,RPG",1,0,1
491580,Casual,10,6,4
1725330,Action,2,1,1
1312740,"Casual,Indie,Simulation",0,0,0
1451010,Sports,2,0,2
1788760,"Action,Casual,Indie,Simulation",1,0,1
867510,"Action,Casual,Indie",3,3,0
1328760,"Casual,Indie,Strategy",0,0,0
1009850,Utilities,2,2,0
275470,"Action,Indie,Strategy",74,54,20
1137020,"Indie,Simulation,Strategy",50,42,8
302970,"Indie,Strategy",60,43,17
663210,"Casual,Indie,Strategy",42,39,3
1189740,"Adventure,Casual,Indie",19,13,6
416080,"Action,Adventure,Indie,Simulation,Strategy",105,62,43
1975360,"Action,Indie",190,187,3
1159540,"Action,Adventure,Indie",36,26,10
521090,"Casual,Simulation,Strategy",18,14,4
1065780,"Action,Adventure,Indie",0,0,0
616560,"Action,Adventure,Indie,Simulation,Strategy",4896,3685,1211
1676380,"Action,Adventure,Indie,RPG,Strategy,Early Access",140,114,26
455960,"Casual,Indie,Strategy",22,10,12
1651860,"Casual,Free to Play,Indie,Simulation",0,0,0
436480,"Action,Indie,Simulation,Strategy,Early Access",17,11,6
1333280,Simulation,1,0,1
1719980,"Casual,Indie",1,1,0
1882140,Strategy,28,26,2
1259390,"Action,Free to Play,Indie,RPG",0,0,0
1053560,"Action,Indie",7,7,0
1449140,"Action,Indie",4,3,1
1879180,"Action,Adventure",12,5,7
361670,Action,215,179,36
1128690,"Action,Adventure,Indie,Strategy",51,48,3
200900,"Action,Adventure,Indie",3076,2843,233
33720,"Casual,Simulation",15,14,1
1621380,Casual,5,5,0
500790,"Action,Indie",1,1,0
444190,"Action,Indie",12,10,2
1166210,"Design & Illustration,Utilities,Video Production",0,0,0
477180,"Action,Indie,Early Access",10,4,6
1747160,"Action,Adventure,Strategy",7,2,5
500090,"Action,Indie",2,2,0
1588460,"Action,Adventure,Casual",0,0,0
1698800,"Action,Adventure,Indie",0,0,0
1744380,"Adventure,Indie,Strategy",8,7,1
304030,"Free to Play,Massively Multiplayer,RPG",658,329,329
489070,"Action,Adventure,Indie",13,4,9
1436210,"Adventure,Indie",0,0,0
1480470,Casual,3,3,0
639460,"Action,Adventure,Casual,Indie,RPG,Strategy",64,47,17
665840,"Action,Adventure,Indie,RPG,Early Access",0,0,0
1299010,"Action,Adventure,Indie,RPG,Early Access",1,1,0
523730,"Adventure,Casual,Indie",15,9,6
1060690,"Action,Casual,Indie",2,1,1
1282710,"Action,Indie",1,1,0
1210570,"Action,Adventure,Indie",6,6,0
525330,"Indie,Strategy",2,1,1
1028680,"Indie,Strategy",0,0,0
1005080,"Indie,RPG,Early Access",0,0,0
860660,"Action,Indie",11,6,5
1739130,"Casual,Indie",0,0,0
610210,"Action,Casual,Indie,RPG,Strategy,Early Access",20,7,13
673050,"Action,Casual,Indie,Simulation,Strategy,Early Access",1,1,0
1400870,"Casual,Indie",128,122,6
1589860,"Action,Adventure,Indie,Simulation,Early Access",0,0,0
1962930,"Casual,Indie,Simulation",2,2,0
1513250,"Adventure,Indie,Massively Multiplayer,Racing,Strategy",0,0,0
818590,"Action,Adventure,Casual,Indie",3,0,3
1119030,"Action,Adventure,Indie",10,10,0
433600,"Action,Adventure,Indie",154,123,31
529840,"Action,Free to Play,Strategy",0,0,0
1078200,"Action,Indie",243,236,7
1684440,"Adventure,Casual,Free to Play,Indie,RPG",0,0,0
214510,"Action,Adventure",2935,2616,319
403900,"Action,Indie",87,38,49
560370,"Violent,Action,Simulation",177,114,63
648800,"Adventure,Indie,Simulation",76416,71635,4781
1565080,Adventure,48,39,9
524050,"Action,Indie",9,8,1
1471600,"Action,Casual,Indie,Early Access",0,0,0
528110,Sports,16,16,0
1281160,"Action,Adventure,RPG",315,292,23
409460,"Action,Indie,RPG",13,5,8
779090,"Adventure,Indie",52,44,8
907900,"Action,Adventure,Indie",2,2,0
1060310,"Action,Adventure,Indie,Simulation",108,87,21
1871230,"Casual,Indie,Simulation",2,2,0
1879290,"Indie,Simulation",13,12,1
758590,"Adventure,Casual",4,4,0
592400,"Casual,Indie,Sports,Early Access",8,8,0
1126440,"Action,Casual,Indie",5,4,1
263740,"Action,Indie,RPG,Sports",251,195,56
366220,"Adventure,Indie,RPG",1325,942,383
397950,"Action,Indie",6901,6434,467
792640,"Casual,Indie",7,5,2
1290460,"Adventure,Casual,Indie,RPG",7,5,2
365350,"Adventure,Casual,Indie,Simulation",54,44,10
775790,"Action,Casual,Indie",2,1,1
984170,Casual,4,1,3
510520,"Adventure,Indie",89,75,14
1984030,"Casual,Indie,Strategy",1,1,0
511390,"Action,Casual,Indie,Strategy",3,3,0
1245350,"Casual,Racing",0,0,0
321800,"Adventure,RPG",1319,1188,131
65980,Strategy,9166,5127,4039
63700,"Action,Casual,Indie",486,401,85
1160670,"Adventure,Casual,Indie",4,4,0
951420,"Action,Indie",1,1,0
1799650,"Action,Free to Play,Indie",0,0,0
1358640,"Adventure,Casual",2,2,0
1280270,"Adventure,Casual,Indie,RPG,Simulation,Strategy",0,0,0
1721620,"Action,Adventure,Indie",1,1,0
1265380,"Casual,Strategy,Early Access",1,1,0
1513760,"Casual,Indie",0,0,0
449800,Action,1906,1573,333
681240,"Action,Adventure,Indie,RPG",150,136,14
463540,"Action,Indie,Early Access",0,0,0
512640,"Indie,RPG",18,9,9
1857780,"Action,Adventure,Indie",0,0,0
1386810,"Casual,Indie",9,9,0
1590640,Adventure,41,33,8
264540,"Action,Indie",91,63,28
692170,"Indie,Simulation,Strategy",5,0,5
218020,"Strategy,RPG,Indie",61,54,7
1322090,Action,1,1,0
815360,"Action,Indie,RPG",19,12,7
1523780,"Adventure,Casual,Simulation",1,0,1
635410,"Adventure,Casual,Indie",9,5,4
1560050,Casual,1,1,0
1086180,Indie,5,4,1
1408760,"Action,Adventure,Indie",2,2,0
1058500,"Action,Adventure,Casual,Indie,Simulation,Sports",7,3,4
1740680,Adventure,69,68,1
1402410,"Casual,Indie",23,18,5
339210,"Simulation,Strategy",96,53,43
1577810,Action,1,1,0
806550,"Action,Adventure,Indie",2,2,0
1641300,"Casual,Indie",11,9,2
2066780,"Casual,Simulation",0,0,0
584780,"Action,Strategy",17,2,15
341030,"Indie,Simulation,Strategy",117,67,50
832510,"Action,Casual,Indie,Racing",0,0,0
477720,"Action,Adventure,Casual,Indie,Strategy",7,4,3
1768000,"Casual,Indie",0,0,0
428280,"Adventure,Casual",21,20,1
654020,"Action,Adventure,Indie",11,8,3
692100,"Adventure,Indie",257,209,48
1321520,Indie,0,0,0
1694320,"Indie,RPG,Strategy",2,2,0
1669050,"Casual,Indie,Simulation,Strategy",13,11,2
717310,"Action,Adventure,Indie,RPG",168,130,38
586390,"Indie,Strategy",34,33,1
1446160,"Action,Simulation,Strategy",50,28,22
922870,"Action,Indie,Massively Multiplayer,RPG,Early Access",5,5,0
1577140,"Action,Casual,Indie",1,1,0
1501800,"Action,Adventure,Casual,Indie",1,1,0
1716180,Casual,3,1,2
1853090,Indie,2,2,0
1741150,Strategy,2,0,2
341760,"Action,Indie",12,10,2
42930,Strategy,6,4,2
569610,"Action,Adventure,Casual,Indie",90,66,24
717280,"Indie,Early Access",1,1,0
207350,"Action,Adventure,RPG",1433,1360,73
719370,Action,0,0,0
1661690,"Casual,Indie",3,2,1
372930,"Adventure,Casual",96,90,6
774551,"Action,RPG,Sports,Early Access",17,12,5
1140700,"Adventure,Casual,Indie,Strategy",0,0,0
1383160,"Action,Adventure,Casual,Indie,Early Access",12,10,2
1236240,"Free to Play,Indie",0,0,0
1654520,"Casual,Indie,Early Access",4,4,0
29580,"Massively Multiplayer,RPG",0,0,0
1514200,Casual,0,0,0
1043340,"Action,Adventure,Indie,RPG,Simulation,Early Access",870,842,28
1517340,"Adventure,Indie",563,514,49
1578980,"Adventure,Casual,Indie",2,2,0
1165830,"Action,Adventure,Indie",1,1,0
500440,"Action,Adventure,Indie",0,0,0
792230,"Action,Casual,Indie",0,0,0
1030180,"Adventure,Casual",7,5,2
1167630,"Action,Indie,Simulation,Strategy",31361,30122,1239
1753490,"Adventure,Casual,Free to Play,Massively Multiplayer,RPG,Strategy",0,0,0
1925540,Action,0,0,0
801040,"Indie,Simulation,Strategy,Early Access",67,57,10
653130,Action,0,0,0
227860,"Indie,Simulation,Strategy",3697,2011,1686
1036840,"Indie,Strategy",6,3,3
1796590,"Casual,Indie",2,2,0
1370060,"Adventure,Casual,Indie,Strategy",1,0,1
893950,"Action,Adventure,Simulation",23,21,2
1466180,"Indie,RPG,Simulation,Strategy",82,68,14
1425190,"Action,Indie,Simulation,Early Access",9,9,0
1230120,"Casual,Indie",0,0,0
1779670,"Casual,Indie",0,0,0
415670,"Adventure,Indie,Strategy",67,62,5
1486620,"Action,Indie",0,0,0
1617480,"Action,Casual,Indie",36,30,6
592320,"Action,Adventure,Indie,Strategy",13,5,8
868910,Adventure,1,1,0
591470,"Adventure,Casual",4,3,1
1773410,"Adventure,Indie,RPG",0,0,0
302460,Casual,2,2,0
1259340,"Simulation,Strategy",4,2,2
1477860,"Casual,Free to Play,Indie,Simulation",0,0,0
1665180,"Action,Adventure",0,0,0
259390,"Action,Indie",103,91,12
745180,"Action,Adventure,Casual,Indie,Racing,Sports,Strategy",12,9,3
795940,"Casual,Indie,Strategy",3,3,0
713740,"Casual,Indie,Strategy,Early Access",10,10,0
1150950,"Adventure,Indie,Strategy",529,496,33
1676520,"Adventure,Casual",3,2,1
981880,"Action,Casual,Indie,Simulation",33,30,3
1258440,"Adventure,RPG",1,1,0
1170840,"Action,Adventure,Casual,Indie",1,1,0
1146600,"Indie,Simulation,Strategy",90,66,24
486020,"Action,Adventure,Indie",6,2,4
770100,"Adventure,Indie,RPG,Strategy",463,363,100
1526790,"Action,Adventure,Indie",2,2,0
1232650,"Action,Casual,Indie",1,0,1
1491780,"Action,Early Access",5,5,0
1485380,"Indie,Education,Game Development",2,2,0
1493690,"Casual,Simulation,Early Access",7,5,2
854690,"Adventure,Casual,Indie",12,6,6
601050,Action,2425,2258,167
605110,"Violent,Gore,Action,Casual,Indie",8,2,6
913210,"Casual,Indie",1,1,0
813290,"Adventure,Indie",0,0,0
1494050,"Casual,Indie",2,0,2
1381130,Adventure,0,0,0
1833910,"Strategy,Education,Utilities,Early Access",0,0,0
1663560,Simulation,1,1,0
1432860,"Adventure,Casual,Indie,RPG,Simulation,Early Access",1951,1807,144
1367970,"Casual,Indie",6,4,2
223470,"Action,Adventure,Indie",26280,25421,859
882200,"Adventure,Casual,Indie",14,7,7
605180,"Sexual Content,Nudity,Violent,Adventure,Casual,Indie,Simulation",36,24,12
1271070,"Casual,Indie,Simulation",8,5,3
1623320,"Action,Adventure,Indie",1,1,0
1691270,"Action,Adventure,Indie,Simulation",7,4,3
354970,"Action,Adventure,Indie",35,20,15
947830,Indie,2,1,1
841030,"Action,Casual,Indie,Racing",7,3,4
1986940,"Action,Indie,Strategy,Early Access",7,4,3
1633260,"Action,Indie",3,3,0
1892290,"Adventure,Casual,Indie",4,4,0
320310,Racing,36,13,23
1998200,"Action,Adventure,Indie,RPG",3,3,0
2065560,"Adventure,Indie",1,1,0
282760,"Casual,Indie",673,565,108
1335560,"Adventure,Indie",154,151,3
1097750,"Action,Adventure,Casual,Indie,Strategy",57,48,9
833750,"Casual,Indie",1,1,0
357200,"Adventure,Indie,RPG",6,3,3
1221030,"Casual,Indie",10,10,0
779070,"Action,Adventure,Indie",1,1,0
484950,"Action,Adventure,Indie,RPG,Strategy",143,95,48
1165850,Simulation,0,0,0
776830,"Adventure,Casual,Indie,Simulation",7,7,0
1384880,"Casual,Indie,RPG",10,9,1
861270,"Casual,Indie,Strategy",25,23,2
1729730,"Action,Casual,Indie",0,0,0
819030,Adventure,321,287,34
1281790,"Action,Adventure,Casual,Indie",126,124,2
749010,"Casual,Indie,Simulation",15,12,3
995170,Action,5,4,1
1769510,Indie,31,31,0
1232900,"Action,Adventure,Casual,Indie",0,0,0
1647700,"Action,Casual,Indie,Massively Multiplayer,Simulation,Strategy,Early Access",0,0,0
738080,"Adventure,Indie,RPG",3,2,1
1835060,Casual,60,54,6
401290,"Adventure,Indie,RPG",40,36,4
1580460,"Action,Casual,Indie",4,4,0
1232180,Casual,1033,1022,11
1301430,"Action,Adventure,Indie,Massively Multiplayer,RPG,Early Access",14,8,6
511160,"Action,Adventure,Indie",16,11,5
440410,"Adventure,Casual,Indie,RPG",10,7,3
1851120,"Casual,Indie,Simulation,Strategy",9,8,1
1330100,"Adventure,Casual,Indie",1,1,0
1376690,"Indie,RPG,Strategy",6,3,3
1848680,"Casual,Strategy",0,0,0
544920,"Action,Free to Play,Indie",838,618,220
346140,"Adventure,Casual",94,55,39
762680,"Action,Indie,Sports",8,3,5
1532360,"Adventure,Casual,Free to Play,Indie",0,0,0
1435970,"Action,Indie,Early Access",42,40,2
1576970,"Adventure,Indie,RPG,Early Access",6,4,2
1425640,Strategy,1,1,0
1160770,"Casual,Free to Play,Indie",0,0,0
1896020,Adventure,0,0,0
440790,"Adventure,Casual,Indie",3,1,2
1233510,"Action,Casual,Indie,Simulation,Strategy",0,0,0
1554130,"Indie,Simulation,Sports,Strategy",33,28,5
505630,"Action,Indie",470,406,64
926810,"Action,Adventure,Indie,Simulation",30,15,15
1364290,"Action,Adventure,Indie,Massively Multiplayer,Simulation,Strategy,Early Access",705,444,261
1782330,"Action,Adventure,Indie,Simulation",317,240,77
1519790,"Casual,Indie,Simulation,Strategy",75,57,18
1914050,"Casual,Indie",2,2,0
1853880,Animation & Modeling,2,2,0
1202580,"Indie,Simulation",16,16,0
941710,"Action,Adventure,Indie",0,0,0
511490,"Adventure,Indie",5,3,2
662390,"Adventure,Casual",0,0,0
1778780,"Casual,Indie,Simulation",1,1,0
1070410,"Action,Adventure,Indie,RPG",14,12,2
1412220,"Action,Adventure,Indie",0,0,0
1141280,"Action,Indie,RPG",0,0,0
21100,Action,2190,1354,836
1513400,"Action,Adventure,Indie,RPG",1,0,1
1046240,"Action,Adventure,Indie,Simulation",14,2,12
1757400,"Adventure,Casual",2,0,2
1137690,"Action,Adventure",1,1,0
13140,Action,6,3,3
1072610,"Action,Adventure,Indie",11,10,1
1552130,"Adventure,Casual,Indie",63,61,2
1353180,"Adventure,Indie",4,2,2
1459250,"Action,Adventure,Casual,Indie,Strategy,Early Access",2,2,0
401550,"Indie,RPG",6,5,1
918610,"Adventure,Indie",2,0,2
435070,Adventure,10,6,4
1279390,Action,6,4,2
1700420,"Action,RPG",2,0,2
714020,"Adventure,Free to Play,Indie,RPG,Early Access",0,0,0
1883670,"Indie,Racing,Sports",0,0,0
704230,"Simulation,Sports",80,47,33
292860,Casual,15,11,4
1042560,"Adventure,Indie,RPG",0,0,0
1115110,"Adventure,Indie,Strategy",0,0,0
560230,"Adventure,Casual",5,2,3
866510,"Adventure,Casual,Indie",127,93,34
1292770,"Adventure,Casual",15,13,2
330720,Strategy,124,111,13
1964980,RPG,0,0,0
498280,"Adventure,Indie,Simulation",10,3,7
1153710,"Action,Adventure,Casual,Indie",0,0,0
1586830,"Casual,Free to Play,Indie,Simulation",0,0,0
1133530,"Action,Casual,Simulation,Strategy",0,0,0
1090380,"Casual,Indie",1,1,0
585830,"Casual,Indie,Strategy",100,54,46
794750,"Action,Casual,Indie,Strategy",0,0,0
358650,"Action,Indie",34,30,4
1372390,"Action,Indie,Early Access",2,2,0
1273060,"Action,Casual,Indie",1,1,0
1639500,"Action,Free to Play,Indie,Simulation,Strategy",0,0,0
838370,"Indie,RPG",0,0,0
1336340,"Action,Adventure,Indie",51,49,2
798280,"Action,Adventure,Free to Play,Indie,Simulation,Strategy",0,0,0
1338460,"Action,Adventure,Casual",1,1,0
2002450,Indie,0,0,0
773810,Indie,1,1,0
1441590,"Adventure,Casual,Indie,Simulation,Sports",11,10,1
1062110,"Action,Adventure,Indie,RPG",534,502,32
1380120,"Adventure,Indie,RPG",10,5,5
1107210,"Action,Indie",1,1,0
1059980,"Action,Casual,Indie,Early Access",434,395,39
1373510,Action,344,313,31
1537960,"Action,Casual,Indie,Simulation,Strategy",0,0,0
1186280,"Action,Casual,Indie,Strategy",2,2,0
1032510,"Adventure,Casual,Indie",0,0,0
1691370,"Action,Casual,Indie,Massively Multiplayer,RPG",0,0,0
1058530,"Adventure,Casual,Indie,Simulation",71,62,9
1260840,"Adventure,Indie",8,3,5
1026670,Indie,4,4,0
1460750,"Action,Early Access",29,23,6
341730,"Action,Indie",86,75,11
986480,"Action,Casual,Indie,Simulation",5,3,2
751350,"Action,Casual,Free to Play,Indie",0,0,0
1508490,"Action,Free to Play,Indie",0,0,0
725140,"Adventure,Indie",0,0,0
798950,"Action,Adventure,Free to Play,Indie",0,0,0
253900,"Simulation,Strategy",715,585,130
788960,"Action,Adventure,Casual,Indie,RPG,Simulation,Strategy",4,1,3
619270,"Action,Adventure,Indie",3,3,0
838220,"Action,Casual,Free to Play,Indie,Massively Multiplayer",0,0,0
1264650,"Adventure,Casual",8,8,0
1143330,"Action,Casual,Indie",1,1,0
1390290,"Action,Casual,Indie,Early Access",0,0,0
352220,"Adventure,RPG,Strategy",250,196,54
978800,"Action,Free to Play,Indie",9,8,1
670720,"Action,Indie,Racing",8,8,0
259170,"Action,Adventure",234,86,148
1128630,"Action,Adventure,Casual,Indie,Racing,Simulation,Sports,Strategy",2,1,1
269890,"Adventure,Indie",102,44,58
296570,RPG,542,430,112
1377550,"Indie,RPG,Simulation",9,7,2
942770,Utilities,3,1,2
1350860,"Casual,RPG,Simulation",0,0,0
1719890,"Adventure,Casual,Indie,Simulation,Strategy",0,0,0
1094070,"Adventure,Casual,Indie",9,8,1
393200,"Action,Casual,Indie,Simulation,Strategy",399,338,61
473480,"Action,Adventure,Casual,Indie",3,2,1
1457570,Racing,5,3,2
1814490,"Action,Casual,Indie",10,7,3
913690,"Adventure,Indie,RPG",0,0,0
685730,"Action,Casual,Indie,Simulation,Sports",1,0,1
913120,"Adventure,Casual,Indie,RPG",3,3,0
1658870,"Indie,Simulation,Strategy,Early Access",50,32,18
1014280,"Casual,Indie,Strategy",47,44,3
349140,"Adventure,Indie",103,74,29
711440,"Action,Casual,Indie,Strategy,Early Access",124,75,49
1776920,Adventure,0,0,0
939350,"Action,Casual,Sports,Strategy",50,37,13
678390,"Indie,Simulation,Strategy,Early Access",39,35,4
1746280,"Action,Adventure,Casual,Indie,Early Access",0,0,0
1120210,"Indie,Simulation,Strategy",15,11,4
822740,"Casual,Indie,Simulation",1,1,0
1235140,"Action,Adventure,RPG",7716,7444,272
1452000,"Indie,RPG",7,6,1
1329130,"Action,Adventure,Casual,Indie",0,0,0
341170,"Action,Adventure,Indie",59,54,5
665730,"Indie,Simulation,Sports",7,4,3
374940,Strategy,4,4,0
1901370,"Adventure,Indie",516,512,4
1064580,"Adventure,Indie",7,7,0
706020,RPG,469,298,171
1096980,"Action,Adventure,Indie",6,5,1
1728960,"Action,Casual,Indie,Strategy",1,0,1
1536080,RPG,3,2,1
1171230,"Action,Casual",0,0,0
1802460,"Adventure,Indie",7,5,2
886480,Audio Production,1,1,0
331570,"Action,Adventure,Casual,Indie",3,3,0
1644930,"Casual,Simulation,Sports",4,1,3
1732740,"Casual,Indie,RPG,Simulation",147,137,10
874400,"Casual,Free to Play,Indie",10,6,4
556230,"Action,Adventure,Casual,Indie,Racing,Sports",53,34,19
409360,"Action,Indie,RPG",11,8,3
1390880,Casual,4,2,2
662680,"Indie,Simulation,Strategy",42,33,9
751680,"Action,Casual,Racing",3,2,1
1352930,"Action,Adventure,Indie,Early Access",37,34,3
1287100,"Action,Casual,Free to Play,Indie",0,0,0
1626610,"Casual,Indie,Simulation",6,1,5
283560,Simulation,69,30,39
1188280,"Action,Casual,Indie,Strategy",2,2,0
1067730,"Action,Indie",1,0,1
336940,"Action,Adventure,Indie",143,119,24
1566590,"Action,Indie",0,0,0
394260,"Action,Casual,Indie",6,5,1
675950,Strategy,17,12,5
942930,"Adventure,Casual,Indie",0,0,0
906790,"Action,Adventure,Indie,RPG,Simulation,Strategy",51,30,21
658480,"Action,Casual,Indie,Massively Multiplayer,Simulation,Strategy",5,4,1
1260250,"Adventure,Indie",1,0,1
1179750,Indie,0,0,0
1105490,"Action,Indie",1,1,0
949530,"Action,Indie",31,22,9
531630,"Adventure,Indie",0,0,0
1588530,"RPG,Early Access",266,246,20
1490330,"Adventure,Indie,RPG,Strategy",1,1,0
765630,"Gore,Adventure,Indie,Racing",0,0,0
550900,"Action,Adventure,Free to Play,Massively Multiplayer,RPG",0,0,0
1588950,"Casual,Indie",1,1,0
1884310,Adventure,3,2,1
771690,"Action,Adventure,Indie",9,3,6
1691970,Adventure,74,46,28
1733890,"Action,Adventure",180,128,52
1063120,"Action,Indie",11,11,0
1651960,"Action,Indie",586,483,103
1248030,"Adventure,Indie",4,4,0
1255880,Indie,3,3,0
1101960,"Adventure,Indie,RPG,Sports",3,2,1
1152440,"Indie,Early Access",13,6,7
1976800,"Adventure,Casual,Indie,RPG,Strategy",0,0,0
1446540,"Action,Casual,Indie",3,3,0
1916080,Casual,32,32,0
110500,"Action,Indie",20,17,3
999410,Indie,37,35,2
1813890,"Adventure,Indie",11,8,3
1840440,"RPG,Strategy",0,0,0
1438110,"Adventure,Casual,Indie",0,0,0
505170,Action,1007,779,228
1503850,"Casual,Indie,RPG",1,1,0
803140,"Free to Play,Early Access",0,0,0
1122810,"Indie,Simulation,Strategy",3,2,1
886830,"Action,Adventure,Casual,Indie,Racing,Simulation,Sports",1,1,0
1372260,"Racing,Simulation",0,0,0
676630,"Adventure,Indie",105,102,3
1620050,"Action,Adventure,Indie",2,1,1
1062260,"Adventure,Casual,Indie,RPG,Simulation,Strategy",0,0,0
746920,"Casual,Free to Play,Indie",0,0,0
1878280,"Casual,Strategy",0,0,0
1689910,"Adventure,Simulation",106,102,4
1815030,Action,1,1,0
612790,Free to Play,0,0,0
1575030,"Action,Indie",1,1,0
715580,"Adventure,Casual",51,50,1
530080,"Indie,RPG,Early Access",5,1,4
485360,"Action,Adventure,Indie,RPG,Simulation,Strategy",60,50,10
577210,"Action,Casual,Indie,Massively Multiplayer,Sports,Early Access",4,3,1
1297790,"Action,Indie,Simulation,Sports",162,150,12
1726020,"Adventure,Indie,RPG",0,0,0
346930,"Action,Adventure,Strategy,Early Access",36,20,16
1323410,"Action,Free to Play",0,0,0
896670,"Action,Adventure,Casual,Indie,RPG,Simulation,Strategy",1,1,0
370160,"Indie,Strategy",31,16,15
1204670,"Adventure,Casual,Indie,RPG,Strategy",0,0,0
1172090,"Action,Adventure,Free to Play,Indie",0,0,0
1558440,Casual,0,0,0
788770,"Action,Casual,Free to Play,Indie,Simulation",0,0,0
1929330,"Casual,Indie,Strategy",2,1,1
1026450,"Design & Illustration,Utilities,Web Publishing,Game Development",0,0,0
1983010,"Adventure,Casual,Indie,Simulation",5,5,0
760960,Action,4,3,1
323850,"Action,Indie",2968,2552,416
642170,"Action,Adventure,Casual,Indie,Simulation,Sports",28,19,9
684450,"Simulation,Strategy",1266,926,340
1341470,"Action,Adventure,Indie",5,4,1
860600,Indie,4,3,1
612640,"Action,Indie,Sports",32,28,4
1499660,"Casual,Indie,Simulation",7,6,1
658990,"Action,Adventure,Indie",20,20,0
756230,"Violent,Indie",10,5,5
1683670,"Action,Adventure,Indie",6,3,3
1954750,"Action,Casual,Indie",657,644,13
417310,"Casual,Indie",21,14,7
589150,"Action,Casual,Indie",12,6,6
463020,"Casual,Free to Play,Indie,Simulation",11,11,0
560130,RPG,6048,5277,771
1199050,"Adventure,Casual,Indie,Simulation",10,8,2
1972260,"Action,Casual,Indie,Strategy",0,0,0
1314170,"Adventure,Casual,Indie,RPG,Strategy,Early Access",3,0,3
976720,"Casual,Indie,RPG,Simulation,Strategy",6,4,2
1253520,"Action,Adventure,Indie",24,19,5
806480,"Action,Indie",0,0,0
1528200,"Casual,Indie,Strategy",9,9,0
312050,"Action,Adventure",9,3,6
27810,Indie,62,53,9
588540,Indie,12,11,1
435360,"Adventure,Indie",44,42,2
1003590,"Casual,Indie",2577,2476,101
444930,"Action,Casual,Free to Play,Indie,Simulation,Sports,Early Access",97,85,12
434980,"Action,Adventure,Indie,RPG,Strategy",13,12,1
892910,"Action,Casual,Indie",5,3,2
1448230,"Adventure,Indie,RPG",27,15,12
644740,"Action,Adventure,Indie,Sports",1,1,0
1755470,"Casual,Indie",1,1,0
1491540,"Action,Adventure,Indie",1,1,0
1623880,"Adventure,Indie,RPG,Early Access",2,2,0
1852110,Indie,0,0,0
319570,"Action,Casual,Free to Play,Indie,RPG,Strategy",2,1,1
1174680,"Adventure,Casual,Indie,Simulation,Strategy",3,3,0
951490,"Action,Casual,Indie,Massively Multiplayer,RPG",1,0,1
488550,"Indie,Racing,Simulation",504,469,35
236970,Adventure,16,7,9
948690,"Action,Casual,Indie",2,1,1
942850,Adventure,120,110,10
1533940,"Free to Play,Indie,Massively Multiplayer,RPG",0,0,0
1623060,"Action,Casual,Indie,Racing",0,0,0
1500300,"Action,Adventure,Indie",0,0,0
316010,"Free to Play,Strategy",661,522,139
1600300,"Casual,Indie,Simulation,Strategy",6,5,1
347260,"Adventure,RPG,Simulation,Strategy",16,12,4
435600,"Action,Indie,RPG,Strategy",4,2,2
841570,"Casual,Indie,Strategy",2,1,1
447920,"Indie,Racing",10,1,9
1213000,"Action,Casual,Indie,RPG",1,1,0
1487030,"Casual,Indie,Racing,Sports",9,9,0
839240,"Free to Play,Indie",0,0,0
1260440,"Casual,Strategy",14,4,10
1644640,Indie,0,0,0
328060,"Action,Adventure,Casual,Free to Play,Racing",7,4,3
618990,"Casual,Indie,Simulation,Strategy",12,11,1
1275290,"Adventure,Casual",26,15,11
992420,"Action,Indie",2,2,0
1160100,Action,2,2,0
512070,"Indie,RPG,Strategy",2,2,0
1405720,"Casual,Indie",0,0,0
1491060,"Casual,Indie",0,0,0
727290,"Indie,RPG",12,11,1
1291010,"Action,Indie,Strategy",1177,1072,105
787740,Simulation,153,108,45
1731450,"Adventure,Casual,Indie",3,3,0
1659050,"Casual,Free to Play,Simulation",14,14,0
470020,"Action,Adventure,Indie,RPG",1,0,1
1193200,"Action,Adventure,Indie",3,3,0
779130,"Action,Indie,Simulation,Sports,Early Access",97,65,32
644830,"Action,RPG",2175,1815,360
638200,"Indie,Simulation,Strategy",160,145,15
370090,Sports,69,49,20
1348030,"Action,Adventure,Simulation",2,1,1
1418430,"Indie,Simulation",96,74,22
1772410,"Action,Indie",0,0,0
1408350,Strategy,4,3,1
1721300,"Casual,Indie",1,0,1
389160,"Action,Adventure,Casual,Indie,Strategy",46,22,24
646830,"Action,Indie,Early Access",4,3,1
650090,"Accounting,Animation & Modeling,Audio Production,Design & Illustration,Education,Photo Editing,Software Training,Utilities,Video Production,Web Publishing,Game Development",0,0,0
1293820,Adventure,817,793,24
1577910,Indie,4,3,1
2067220,"Action,Adventure",0,0,0
979890,"Adventure,Indie,Simulation",2,0,2
1709240,"Adventure,Casual",2,2,0
770320,"Action,Adventure,Casual,Indie",5,1,4
994260,"Action,Free to Play,Indie",0,0,0
601870,"Violent,Gore,Action,Adventure,Indie",11,8,3
565170,Action,131,101,30
1686710,"Adventure,Indie",0,0,0
1237780,"Adventure,Casual,Indie",9,5,4
1159700,"Action,Adventure,RPG,Early Access",24,3,21
517930,"Casual,Indie",26,25,1
1447600,"Action,Casual,Indie",10,10,0
2069640,RPG,147,107,40
1180270,"Adventure,Indie",18,14,4
1281630,"Simulation,Strategy",566,430,136
1138990,"Casual,Free to Play,Indie",2,2,0
265630,"Action,Free to Play,Indie",262,231,31
506730,"Action,Indie",261,162,99
521340,"Casual,Indie",75,42,33
1460490,"Adventure,Casual",62,59,3
1233850,"Adventure,Casual,Indie,RPG",9,4,5
637040,"Gore,Action,Indie,Racing,Early Access",12,3,9
512000,"Action,Adventure,Casual,Indie,RPG",16,15,1
1355810,"Casual,Indie,Simulation",2,2,0
1706470,Simulation,7,6,1
1380630,"Casual,Indie",12,12,0
1479210,"Action,Indie",1,1,0
763870,"Adventure,RPG",0,0,0
1191070,"Action,Adventure,Indie,Strategy",54,44,10
2027400,"Action,Casual,Free to Play",0,0,0
678460,"Action,Indie",0,0,0
470040,"Action,Indie,RPG",17,8,9
1320030,"Action,Casual,Indie,Sports",1,1,0
1960870,Indie,4,3,1
659160,"Action,Casual",2,0,2
610550,"Adventure,Casual",3,3,0
1485070,"Action,Indie",43,32,11
1181280,"Action,Adventure,Indie",5,3,2
718270,"Action,Casual,Indie",0,0,0
499070,"Indie,Simulation,Sports,Strategy",13,10,3
4770,Strategy,384,274,110
1900970,"Action,Adventure,Indie",21,16,5
1702670,"Adventure,Casual,Strategy",4,2,2
1692250,"Racing,Sports",4315,2763,1552
1852610,"Casual,Indie",2,0,2
704110,"Action,Indie",15,8,7
1860870,"Casual,Indie",7,7,0
1807480,"Action,Adventure,Free to Play,Racing,Early Access",0,0,0
1253400,"Adventure,Indie",0,0,0
954590,"Casual,Indie",24,19,5
1588940,"Adventure,Casual,Indie",21,18,3
1860530,Adventure,10,9,1
1119610,"Adventure,Indie,RPG",1,0,1
468350,"Strategy,Early Access",2,1,1
513580,"Action,Casual,Indie",6,2,4
220200,"Indie,Simulation",58543,55894,2649
512900,"Action,Adventure,Indie,RPG",6273,6075,198
1248970,"Action,Adventure,Casual,Indie",15,11,4
209540,"Action,Indie,Simulation",870,692,178
1730360,Indie,308,303,5
1167760,"Action,Adventure,Indie,Massively Multiplayer,Simulation,Early Access",5,4,1
1588140,"Action,Adventure,Casual,Indie,Simulation",9,9,0
1704130,"Action,Adventure,Indie,RPG",0,0,0
39120,"Free to Play,Massively Multiplayer,RPG",775,576,199
203650,Adventure,604,454,150
1522860,RPG,0,0,0
1141740,Casual,0,0,0
402850,"Action,Casual,Indie",28,20,8
1055010,"Design & Illustration,Utilities",123,72,51
1204920,"Animation & Modeling,Design & Illustration,Utilities",42,24,18
1298310,"Casual,Indie,Racing",10,9,1
738100,Education,0,0,0
467210,"Casual,Indie",84,80,4
1694840,"Casual,Indie,RPG,Simulation,Strategy",1,1,0
907680,"Casual,Indie",20,12,8
393240,"Action,Indie",12,6,6
626020,"Action,Adventure,Indie,RPG,Early Access",6,3,3
363890,"Design & Illustration,Web Publishing",2580,2379,201
1168610,"Casual,Indie,Simulation,Strategy,Early Access",118,71,47
397540,"Action,RPG",37583,31731,5852
1155680,"Adventure,Indie,Simulation",4,1,3
817770,"Casual,Indie",26,16,10
799960,"Free to Play,Massively Multiplayer,RPG",0,0,0
403590,"Action,Indie,Simulation,Early Access",156,40,116
1712670,"Casual,Indie,Simulation",9,2,7
855860,"Action,Indie",661,581,80
1053700,"Indie,Early Access",0,0,0
625630,"Action,Adventure,Indie",3,3,0
1617420,"Casual,Indie,Simulation,Early Access",4,2,2
1640120,"Action,Adventure,Indie,Simulation,Early Access",0,0,0
1236760,Simulation,8,5,3
1964940,Sports,6,5,1
1321010,"Action,Indie,RPG",7,7,0
301200,"Action,Casual,Indie",149,125,24
455490,"Adventure,Indie,Simulation",46,30,16
1591340,Action,8,5,3
1515420,"Action,Adventure,Casual,Indie,RPG",19,16,3
1539950,"Indie,Strategy",0,0,0
1961230,"Action,Casual,Indie,Early Access",0,0,0
1922600,Adventure,5,2,3
1637200,"Action,RPG,Strategy",3,1,2
1388110,"Adventure,Indie,Strategy",0,0,0
1432200,"Adventure,Indie",37,36,1
272270,"Adventure,Indie,RPG,Strategy",1261,887,374
1017880,"Adventure,Casual,Indie",5,3,2
1576930,"Adventure,Indie,RPG",1,0,1
302060,"Indie,Simulation",104,64,40
802050,"Casual,Free to Play,Indie",0,0,0
493100,"Indie,Early Access",27,22,5
827460,"Adventure,Casual,Indie",5,5,0
928880,"Simulation,Early Access",27,8,19
806740,Indie,4,2,2
399070,"Action,Adventure,Indie",209,185,24
1684240,"Adventure,Indie,RPG",0,0,0
29160,"Adventure,Indie",90,63,27
1296580,"Casual,Indie,Strategy",0,0,0
1165490,Indie,1,1,0
1576110,"Action,Adventure,Casual,Strategy",0,0,0
833980,"Adventure,Casual,Indie",5,5,0
762360,"Casual,Indie",1,1,0
1045430,"Adventure,Indie,RPG,Simulation,Strategy,Early Access",76,57,19
1757260,"Action,Adventure,Indie,Early Access",0,0,0
621290,Action,3,1,2
1171040,"Casual,Free to Play,Strategy,Early Access",0,0,0
314050,"Casual,Indie,Racing",4,2,2
1511650,"Free to Play,Indie,Massively Multiplayer,RPG,Simulation,Strategy",0,0,0
562860,"Action,Indie",3408,3229,179
1031210,"Adventure,Casual,Indie,RPG,Strategy",10,7,3
850970,"Adventure,Casual,Indie",1,0,1
1864460,"Adventure,Indie,RPG,Simulation",4,1,3
1577280,"Adventure,Indie,Strategy",15,10,5
1742120,Casual,1,0,1
941620,"Action,Indie",2,2,0
217920,Action,450,310,140
1589240,"Casual,Strategy",0,0,0
1151050,"Action,Casual,Racing,Sports",175,158,17
465170,"Adventure,Casual",77,50,27
1691170,"Adventure,Casual,Indie,Simulation",8,8,0
879110,"Indie,Strategy",1,1,0
1067580,"Indie,RPG,Strategy,Early Access",16,13,3
814480,"Adventure,Casual,Free to Play,Massively Multiplayer,Simulation",123,90,33
1573180,"Adventure,Simulation",0,0,0
1668950,"Action,Adventure,Indie",3,3,0
1273220,"Indie,Simulation,Strategy,Early Access",35,21,14
989040,"Adventure,Indie,Simulation",3,1,2
206190,"Action,Indie,Strategy",7461,7293,168
1233570,"Action,Adventure",3378,2799,579
444490,"Action,Indie,Massively Multiplayer",176,128,48
935860,"Casual,Indie",6,5,1
1008740,"Adventure,Casual,Indie",8,6,2
945920,"Action,Adventure,Indie",0,0,0
448370,"Action,Indie",732,679,53
628090,Strategy,0,0,0
1482940,Action,6,6,0
560710,"Action,Casual,Indie",14,11,3
696360,RPG,46,32,14
843260,RPG,698,673,25
1393970,"Casual,Indie",5,5,0
1613960,"Action,Adventure,Casual,Indie",11,11,0
287100,"Action,Indie",21,5,16
755230,"Indie,Racing",1,1,0
1739770,Racing,0,0,0
1079470,"Action,Indie",1,1,0
1114910,"Action,Adventure,Casual,Indie,RPG,Strategy",1,1,0
1795170,"Casual,Free to Play,Indie,Strategy",0,0,0
1358630,"Free to Play,Indie,Sports",0,0,0
1951680,"Action,Casual,Simulation",6,6,0
1381850,"Simulation,Strategy",30,27,3
1232100,"Action,Adventure,Indie",43,42,1
1714090,"Action,Adventure,Casual",1,1,0
1807500,Casual,7,7,0
2004880,"Adventure,Casual,Indie",12,11,1
1806830,"Action,Adventure,Indie",1,0,1
1320990,"Adventure,Indie",7,4,3
219680,"Adventure,Casual,Indie",1069,872,197
365680,"Action,Indie",15,9,6
793640,"Action,Casual,Indie",6,5,1
1373270,"Action,Adventure,Casual,Indie,RPG,Simulation",1,1,0
454730,"Action,Indie,Strategy",4,0,4
249550,"Indie,Massively Multiplayer,RPG",217,139,78
959930,"Indie,Strategy",0,0,0
977900,"Action,Casual,Indie",7,4,3
461650,"Adventure,Indie,RPG",15,10,5
923650,"Adventure,Indie,Early Access",3,3,0
1241180,"Adventure,Casual,Indie,RPG,Simulation,Strategy",0,0,0
1123340,"Action,Adventure,Casual,Indie",2,2,0
2080480,"Casual,Indie",1,1,0
1800650,"Action,Adventure,Free to Play,Indie,Massively Multiplayer,RPG,Early Access",2,0,2
876200,"Adventure,Casual,Indie",6,5,1
1660370,"Action,Casual,Indie,Strategy",1,1,0
1279380,Action,21,20,1
1779810,"Adventure,Indie",6,6,0
1075370,"Action,Adventure,Indie",5,4,1
1606140,Indie,0,0,0
317440,"Action,Casual,Indie,Racing,Simulation,Sports",58,28,30
1329350,"Action,Adventure,Indie,RPG",1,1,0
802740,"Action,Indie",14,13,1
776370,"Casual,Indie",27,19,8
1562270,"Adventure,Casual,Indie",6,6,0
1403990,"Adventure,Indie,RPG,Strategy",16,11,5
337210,"Adventure,Indie,RPG,Strategy",48,21,27
881930,"Adventure,Casual,Indie,Simulation,Sports,Strategy",5,1,4
1500390,"Indie,RPG",12,12,0
1891920,"Action,Adventure,Casual,Indie,RPG,Simulation,Strategy,Early Access",0,0,0
1535910,"Casual,Indie",2,2,0
1771550,Casual,0,0,0
831670,"Action,Indie",8,5,3
886710,"Casual,Indie,RPG,Early Access",31,11,20
1704490,"Adventure,Indie",1,1,0
1847110,"Casual,Indie",10,8,2
1851620,"Adventure,Casual,Free to Play,Indie",0,0,0
1584770,"Casual,Simulation",0,0,0
734730,Strategy,23,15,8
437880,"Adventure,Casual,Indie",7,7,0
405590,"Adventure,Indie",7,7,0
1620390,Casual,18,18,0
1105410,"Action,Adventure,Casual,Indie,RPG,Strategy",15,13,2
524540,"Adventure,Indie,RPG",41,34,7
1031800,"Adventure,Indie,RPG",2,1,1
847940,RPG,2,2,0
1308740,"Action,Adventure,Casual,Indie,RPG,Early Access",31,17,14
1414090,Casual,0,0,0
607670,"Casual,Indie,RPG",5,3,2
1300260,"Action,Adventure,Indie",0,0,0
555750,"Action,Indie",189,120,69
353070,"Adventure,Casual",71,37,34
785940,Strategy,3,2,1
919040,"Casual,Indie",1,0,1
1027620,"Indie,Simulation",72,71,1
1208220,"Adventure,Indie",12,10,2
670330,"Action,Adventure,Indie",7,4,3
1165350,"Adventure,Casual,Indie,RPG,Simulation,Strategy",1,0,1
1026840,"Action,Free to Play,Indie,Early Access",0,0,0
1562870,"Casual,Indie",8,7,1
1509210,Indie,0,0,0
1806610,"Casual,Indie,Strategy",11,10,1
1938740,"Adventure,Indie,RPG",0,0,0
710090,"Violent,Action,Free to Play,Indie",0,0,0
1217880,"Adventure,Indie",0,0,0
226120,"Adventure,Casual,Indie,Strategy",119,88,31
424870,"Adventure,Casual,Indie,RPG,Strategy",10,7,3
1794730,"Action,Casual,Indie,Early Access",1,1,0
1028660,"Action,Casual,Sports",2,2,0
1231040,"Adventure,Indie",1,0,1
1158410,"Casual,Indie,Strategy",12,12,0
672870,"Utilities,Early Access",0,0,0
2360,Action,342,298,44
717780,"Action,Adventure,Casual,Indie,Racing",20,18,2
381990,"Action,Adventure,Casual,Free to Play,Massively Multiplayer,Racing,RPG",8,5,3
852090,"Adventure,Indie,Simulation",201,200,1
619700,"Action,Racing",70,47,23
1505270,"Action,Indie,RPG,Early Access",0,0,0
979690,"Action,Adventure,Indie,RPG",8431,6673,1758
1072100,"Action,Indie,Sports",85,63,22
391820,"Free to Play,Indie,Simulation",17,4,13
664340,"Indie,RPG",4,1,3
318230,"Action,Adventure,Indie,RPG,Strategy",854,668,186
1562940,RPG,78,72,6
612220,"Action,Adventure,RPG,Early Access",5,1,4
1555780,"Adventure,Casual,Indie",0,0,0
1720200,"Casual,Indie",0,0,0
1160850,"Casual,Strategy",2,0,2
1264670,"Action,Adventure,Indie,RPG",89,69,20
1557870,"Indie,RPG",0,0,0
1044500,"Animation & Modeling,Design & Illustration,Utilities",31,26,5
1804650,"Adventure,Indie,Simulation,Strategy",0,0,0
1793910,"Adventure,Casual,Indie",9,8,1
260000,"Casual,Indie",35,22,13
1650740,"Adventure,Casual",2,2,0
453700,Indie,8,6,2
1848570,"Action,Adventure",13,10,3
790020,"Indie,Racing",20,17,3
1314460,Indie,0,0,0
1330290,"Action,Casual,Free to Play,Early Access",0,0,0
905330,"Action,Indie,Racing",2,2,0
1872760,"Action,Adventure,Free to Play,Indie,RPG,Strategy,Early Access",0,0,0
2016960,"Action,Casual,Indie,Simulation",1,0,1
1441130,"Adventure,Indie,RPG",0,0,0
1080410,"Action,Adventure,Casual,Indie,Strategy",24,19,5
764890,"Action,Indie,Sports",4,4,0
451900,"Indie,RPG,Strategy",20,13,7
546350,"Adventure,Simulation,Strategy",65,42,23
593700,"Action,Adventure,Indie",44,41,3
341750,"Adventure,Indie",8,4,4
585840,"Adventure,Indie",422,345,77
307410,Sports,11,3,8
1967890,Casual,0,0,0
780630,"Action,Casual,Indie",1,1,0
727570,"Indie,Simulation,Strategy,Early Access",77,62,15
1660270,"Action,Casual,Indie",1,0,1
884470,"Action,Casual,Indie",4,4,0
635260,"Massively Multiplayer,Racing,Simulation,Sports",21872,20942,930
1163600,RPG,78,59,19
734980,"Casual,Indie,Simulation,Strategy,Early Access",65,51,14
930970,"Action,Casual,Sports,Strategy",1,0,1
1315630,"Action,Adventure,Indie",2,1,1
1820160,"Adventure,Indie",38,32,6
1449290,"Casual,Indie,Simulation",0,0,0
538590,"Action,Adventure,Casual,Indie",21,10,11
359320,"Action,Adventure,Massively Multiplayer,RPG,Simulation,Strategy",40786,31267,9519
1229590,"Casual,Indie",1,1,0
866040,"Casual,Sports",0,0,0
1062070,"Action,Free to Play,Indie",0,0,0
1269180,"Adventure,Casual",5,3,2
696010,"Adventure,Casual",4,4,0
447780,Adventure,171,143,28
609170,"Casual,Indie,Simulation,Early Access",19,9,10
410850,"Action,RPG",534,339,195
636360,RPG,2,1,1
1796130,"Action,Adventure,Indie,Simulation",4,2,2
1246060,"Action,Adventure,Casual,Free to Play,Indie,Massively Multiplayer,RPG,Strategy",0,0,0
744400,"Adventure,Free to Play,Indie",1,1,0
1122460,"Action,Indie",2,0,2
1685530,"Adventure,Casual,Free to Play,Massively Multiplayer,RPG",0,0,0
20,Action,2995,2544,451
1614500,"Action,Adventure,Casual",6,6,0
545270,Sports,403,254,149
680330,"Action,Indie,RPG",30,20,10
1274060,"Action,Adventure,Strategy",0,0,0
668570,"Action,Casual,Indie",0,0,0
828070,"Adventure,Indie,RPG",227,199,28
821570,"Action,Casual,Indie,Sports",6,6,0
3620,"Action,Casual",588,562,26
1000470,"Adventure,Indie,RPG",38,27,11
736860,"Adventure,Casual,Indie",63,38,25
1794520,"Casual,Indie",7,7,0
1343660,Casual,1,1,0
558420,"Adventure,Indie",2628,2266,362
572980,Action,5,0,5
694720,"Action,Massively Multiplayer,Early Access",0,0,0
1180250,"Casual,Indie",66,58,8
793630,"Action,Indie",13,10,3
1247880,"Adventure,Casual,Indie,RPG,Simulation",0,0,0
1165010,"Action,Adventure,Indie,Early Access",0,0,0
1565500,"Action,Indie",1,1,0
1316460,"Action,Adventure,Indie,RPG,Early Access",0,0,0
1131270,"Adventure,Indie,Sports,Strategy,Early Access",5,3,2
599880,"Violent,Action,Indie",14,7,7
404700,"Casual,Indie",44,38,6
1255920,"Adventure,Casual,Indie,Simulation",0,0,0
889130,"Action,Adventure,Indie",1,1,0
463070,"Action,Indie",45,44,1
211160,"Action,Adventure",425,234,191
700330,"Action,Free to Play",0,0,0
270330,"Action,Adventure,Indie",21,4,17
1653640,"Action,Casual,Indie,Simulation,Strategy",5,2,3
949420,"Adventure,Indie",0,0,0
1325910,"Adventure,Indie",0,0,0
977790,"Indie,Simulation",4,1,3
522740,Action,10,5,5
459010,"Action,Indie",325,281,44
1116870,"Adventure,Casual,Indie",4,3,1
923500,Indie,0,0,0
636930,"Adventure,Casual,Free to Play,Massively Multiplayer,RPG,Simulation",0,0,0
1026400,Indie,152,147,5
671510,"Action,Adventure,RPG",2126,1453,673
833180,"Action,Indie,RPG,Simulation,Strategy",8,4,4
2810,Strategy,238,153,85
1198070,"Adventure,Casual",10,9,1
1210030,"Adventure,Indie,Simulation",7,7,0
768110,"Action,Adventure,Simulation",2,1,1
826600,"Indie,Massively Multiplayer,RPG,Strategy",137,103,34
374460,"Action,Casual,Indie,Sports",18,16,2
477290,Indie,12,8,4
552910,Strategy,15,6,9
523940,"Action,Casual,Indie",16,9,7
446020,"Adventure,Indie,Simulation",3254,2531,723
1458930,"Adventure,Casual,Indie",52,50,2
566800,"Action,Indie,Early Access",0,0,0
674750,"Action,Indie",400,333,67
2420,"Action,Indie,RPG",257,162,95
327070,"Action,Adventure,Indie,Massively Multiplayer,RPG,Simulation,Early Access",2438,1721,717
272010,"Adventure,Casual,Indie,RPG",59,46,13
521350,"Casual,Indie",312,269,43
1790380,"Free to Play,RPG,Strategy",0,0,0
1177000,Strategy,26,21,5
628670,"Action,Adventure,Indie,RPG",1320,1073,247
1536260,"Casual,Indie,Simulation",1,0,1
1904530,"Action,RPG",14,13,1
671540,Indie,1,1,0
1581880,"Action,Indie",11,11,0
1283060,"Adventure,Casual,Indie",0,0,0
1656850,Casual,2,2,0
1681120,"Action,Adventure,Casual,Indie,Simulation",9,8,1
656600,"Action,Casual,Indie",139,87,52
1687470,"Action,Adventure,Indie,RPG,Strategy,Early Access",11,11,0
876270,"Casual,Indie,Simulation,Sports",1,1,0
1140410,"Indie,RPG,Simulation",7,3,4
1046750,"Action,Indie",5,3,2
959590,"Casual,Indie,Sports",0,0,0
1987060,"Adventure,Casual,Indie,RPG,Simulation",48,47,1
879600,"Casual,Indie,Simulation,Strategy",7,6,1
291010,"Action,Adventure,Indie",905,535,370
811630,Indie,5,2,3
1623080,"Casual,Indie,Simulation",31,27,4
1795390,"Action,Racing,Sports,Early Access",5,4,1
568860,"Action,Casual,Strategy",7,2,5
1071770,Casual,7,4,3
1668130,"Simulation,Strategy",31,20,11
625780,"Adventure,Indie,RPG",42,39,3
1285450,"Adventure,Indie",0,0,0
726320,"Adventure,Indie",27,19,8
383790,"Action,Indie",345,196,149
1831790,"Casual,RPG,Simulation",3,1,2
1660040,"Casual,Indie",10,10,0
1584350,"Action,Adventure,Indie,Simulation,Strategy",0,0,0
1868980,Indie,1,1,0
323380,"Action,Adventure,Indie,Simulation,Strategy",789,719,70
819060,Simulation,12,10,2
814310,"Action,Adventure,Free to Play,Indie,Massively Multiplayer,Simulation,Early Access",8,4,4
1819960,"Action,Casual,Indie,Strategy,Early Access",1,1,0
622720,"Indie,Simulation,Strategy",668,532,136
238090,"Action,Adventure",5660,4390,1270
1111200,"Action,Casual,Indie,Racing,Sports",5,4,1
2026510,"Casual,Indie,RPG,Simulation,Strategy",3,3,0
1902830,"Indie,Racing,Simulation",2,2,0
1803620,"Indie,Simulation,Strategy,Early Access",4,3,1
1172980,"Adventure,Free to Play,Indie,RPG",0,0,0
783090,"Action,Casual,Indie",0,0,0
565690,"Adventure,Casual,Indie",15,12,3
1511240,Adventure,15,15,0
1855020,Casual,0,0,0
1945060,"Action,Casual,Free to Play,Indie",0,0,0
489440,"Adventure,Casual,Indie",28,22,6
796370,"Adventure,Indie",11,9,2
868360,"Indie,Simulation,Strategy",2206,1911,295
765900,Adventure,155,115,40
914260,"Action,Adventure,Massively Multiplayer",682,575,107
671240,"Adventure,Casual,Indie,RPG,Simulation,Strategy",30,18,12
1034740,"Action,Adventure,Free to Play,Indie",0,0,0
1860500,"Casual,Indie,Strategy",2,2,0
975410,"Casual,Indie",24,19,5
422110,"Action,Indie,Sports",122,117,5
684820,"Action,Adventure,Indie",2,1,1
516550,"Action,Adventure,Indie",11,10,1
1563530,"Casual,Indie",18,18,0
1796910,Casual,12,7,5
1595300,"Action,Adventure,Casual,Indie,Strategy",3,3,0
1851330,"Action,Free to Play,Massively Multiplayer,RPG,Simulation,Strategy",0,0,0
452320,"Indie,Strategy",12,9,3
228400,"Action,Simulation",1680,827,853
1443680,"Casual,Indie",1,1,0
1142130,"Action,Free to Play,Indie,Strategy",1,1,0
429250,"Action,Adventure,Indie",3,2,1
1030530,"Action,Casual,Indie,Strategy",2,2,0
260410,"Casual,Free to Play,Indie",5,4,1
918620,"Casual,Indie,Strategy",1,1,0
644390,Strategy,999,934,65
834880,"Simulation,Early Access",0,0,0
694420,Adventure,4,3,1
233680,"Animation & Modeling,Design & Illustration,Photo Editing,Utilities",264,232,32
1770180,Action,0,0,0
711300,"Action,Indie,Early Access",5,5,0
1921250,"Action,Indie",0,0,0
300160,"Casual,Simulation,Strategy",18,1,17
954150,"Casual,Indie,Simulation",30,24,6
1024530,Casual,2,2,0
977640,"Adventure,Casual,Indie,Simulation",25,18,7
1380750,"Action,Adventure,Casual,Indie,Early Access",0,0,0
847290,"Adventure,Indie,RPG",23,21,2
1901380,"Adventure,Casual,Indie",4,4,0
1369980,"Action,Adventure,Indie,RPG,Early Access",1,0,1
378720,"Indie,RPG,Strategy",1996,1808,188
467990,"Action,Indie",109,73,36
552990,"Action,Free to Play,Massively Multiplayer,Simulation",562,446,116
945240,"Action,Adventure,Indie",5,5,0
353640,"Action,Adventure,Casual,Indie,Simulation,Strategy",1082,947,135
1532920,"Casual,Indie",6,6,0
670430,"Action,Adventure,Casual,Indie,Simulation",5,0,5
252530,"Casual,Simulation",1532,1214,318
1708730,"Action,Indie,Racing,Simulation,Sports,Early Access",2,2,0
1064690,"Adventure,Casual,Indie,RPG",28,28,0
607160,"Action,Casual,Indie,Early Access",2,2,0
1209140,"Action,Adventure,Indie",10,8,2
360530,"Action,Indie",17,17,0
397970,"Adventure,Casual",20,16,4
1717880,"Action,Adventure,Casual,Indie",4,4,0
985000,"Adventure,Indie,Early Access",42,29,13
315110,"Action,Indie",60,51,9
763750,"Action,Adventure,Indie,RPG,Strategy",6,4,2
1758100,Indie,0,0,0
431710,"Adventure,Indie",192,172,20
824440,"Adventure,Indie",0,0,0
876810,"Casual,Indie",0,0,0
376520,"Adventure,Indie",377,336,41
1365010,"Action,Indie",31,30,1
672630,"Indie,Simulation,Strategy",1211,1049,162
1647940,"Casual,Indie,Simulation",77,71,6
1231740,RPG,5,4,1
717820,"Action,Indie",14,8,6
1000280,"Indie,RPG",2,1,1
1500020,"Casual,Indie,RPG,Simulation,Strategy",8,4,4
513510,"Action,Casual,Indie",1611,1423,188
1215660,"Action,Adventure,Indie,Strategy",2,2,0
373600,"Action,Indie",21,18,3
1140500,Adventure,12,5,7
1019910,"Action,Adventure,Casual,Indie,Strategy",0,0,0
545860,"Action,Adventure,Casual",29,16,13
1430120,"Casual,Indie",8,6,2
1513790,Simulation,5,5,0
41050,"Action,Indie",844,801,43
933940,Indie,22,17,5
1340600,"Casual,Indie",8,3,5
740300,"Casual,Indie,Early Access",3,2,1
750500,"Action,Indie",14,10,4
458480,"Adventure,Casual",95,86,9
747470,"Action,Indie",20,18,2
897120,"Free to Play,Indie,Simulation",0,0,0
1003830,"Action,Adventure,Indie",2,1,1
937970,"Action,Adventure,Casual,Indie,Racing,Simulation",5,3,2
791500,"Casual,Strategy",21,17,4
787300,"Violent,Action,Adventure,Indie,RPG",9,2,7
1279410,Action,10,10,0
711330,"Adventure,Indie,RPG",5,2,3
983160,"Action,Casual,Indie,Racing",6,2,4
1294760,"Action,Adventure,Indie,Simulation,Early Access",1794,1572,222
682450,"Action,Indie",151,131,20
1036750,"Casual,Indie,Simulation",50,40,10
736710,"Action,Adventure,Casual,Indie,RPG",17,15,2
1151370,"Action,Indie",0,0,0
800290,"Action,Casual,Indie,Strategy",12,9,3
687490,"Casual,Indie,Simulation,Strategy",26,15,11
1120970,"Action,Casual,Indie,Strategy",3,3,0
1327820,"Adventure,Indie,Simulation",56,56,0
105800,"Action,Casual,Indie",338,287,51
773610,"Action,Adventure,Indie",1,1,0
428210,"Action,Adventure,Indie",20,7,13
12370,Strategy,74,65,9
989860,Indie,0,0,0
297110,"Casual,Indie",452,404,48
907180,"Education,Software Training,Early Access",0,0,0
444090,"Action,Free to Play",3443,2684,759
501850,"Adventure,Casual,Indie,Racing",1,1,0
771960,Simulation,0,0,0
1054110,"Adventure,Indie",63,49,14
530240,Action,14,6,8
1129180,"Casual,Indie",2,2,0
1828740,"Indie,Simulation",21,19,2
1359300,"Casual,Free to Play,RPG",0,0,0
774191,"Casual,Indie",13,11,2
1856550,"Adventure,Indie",3,3,0
1163960,"Adventure,Casual",3,3,0
719310,"Simulation,Strategy",2,1,1
849670,"Action,Indie",16,12,4
894310,"Casual,Indie,RPG",7,7,0
999660,Action,59,49,10
1585160,"Casual,Indie,Strategy",2,1,1
1617450,Casual,16,15,1
354810,Indie,4,1,3
929420,Casual,2,1,1
628560,"Action,Adventure",0,0,0
444720,"Action,Adventure,Indie,RPG",148,85,63
1020450,"Action,Casual,Indie,Simulation,Early Access",10,10,0
740200,"Action,Adventure,Casual,Indie",46,26,20
1700690,Casual,14,12,2
416550,"Action,Indie",78,73,5
1707310,"Free to Play,Indie,Early Access",0,0,0
1937840,"Adventure,Free to Play,Indie",0,0,0
607660,"Adventure,Indie,Simulation",22,14,8
239070,"Action,Adventure,Indie,RPG",2371,2097,274
422640,"Casual,Indie,Racing",35,13,22
690370,"Indie,Simulation,Strategy,Early Access",38,34,4
263060,"Action,Indie",1341,1005,336
908560,"Action,Adventure,Indie",10,10,0
816170,"Adventure,Indie",0,0,0
1724190,"Casual,Free to Play,Indie,Early Access",4,4,0
730300,"Action,Casual,Indie",13,12,1
310510,"Action,Adventure,Indie,RPG,Strategy",865,712,153
1343090,"Adventure,Casual,Indie",59,57,2
973860,"Action,Casual,Indie",0,0,0
491180,"Action,Adventure,Indie",8,5,3
1623700,"Adventure,Casual,Indie,Simulation",27,19,8
589450,"Adventure,Indie",11,9,2
635980,"Action,Indie",3,3,0
314240,"Adventure,Indie,RPG,Simulation,Strategy",342,182,160
598340,Action,18,14,4
1919650,"Casual,Strategy",62,59,3
813970,"Action,Adventure,Casual,Indie,RPG",4,3,1
1025890,"Free to Play,Indie",1,1,0
1133730,"Free to Play,Massively Multiplayer,RPG,Strategy",0,0,0
1299370,Indie,885,856,29
280520,"Action,Adventure,Indie,RPG",720,539,181
1490850,"Indie,Video Production",4,3,1
1574620,"Casual,Strategy",10,9,1
1602700,"Adventure,Casual,Indie",18,16,2
1823910,"Casual,Indie,Strategy",5,3,2
456430,"Casual,Indie",182,164,18
793410,"Indie,RPG",0,0,0
1179110,"Action,Free to Play,Indie,RPG",0,0,0
603610,"Action,Indie,Early Access",1,1,0
1561980,"Action,Massively Multiplayer,Simulation,Sports",21,11,10
1005000,"Casual,Simulation,Strategy",9,8,1
727140,"Casual,Indie",3,3,0
684400,"Violent,Action,Indie,Massively Multiplayer",0,0,0
1946330,Action,0,0,0
1864590,"Action,Casual,Free to Play,Indie,RPG",0,0,0
1694020,"Action,Indie",0,0,0
508300,"RPG,Simulation,Strategy",66,33,33
1209440,"Casual,Indie,Sports",16,14,2
1163150,"Adventure,Casual,Indie,RPG",16,11,5
403940,"Action,Indie,RPG",130,81,49
831060,"Adventure,Casual,Indie",32,28,4
1517350,"Casual,Indie",22,19,3
1856840,"Action,Adventure,Indie,RPG",2,1,1
990940,"Adventure,Casual,Indie,Simulation,Strategy",3,3,0
1553890,"Casual,Indie,RPG,Simulation,Strategy,Early Access",73,59,14
774361,"Action,Adventure,Indie",7635,6923,712
1600260,"Casual,Indie",6,4,2
456160,"Action,Indie,Sports,Strategy",4,2,2
621170,"Action,Casual,Indie",6,6,0
1124990,"Action,Indie",18,18,0
550870,"Adventure,Casual,Indie,Racing,Simulation",2,1,1
975680,Action,181,98,83
31840,Adventure,145,137,8
1596580,"Action,Indie,RPG,Simulation,Strategy,Early Access",12,10,2
578830,"Adventure,Casual,Indie,RPG,Simulation,Strategy",32,20,12
1477050,"Indie,RPG,Strategy",32,26,6
1003560,"Action,Casual,Indie",11,9,2
1682840,"Action,Indie",2,2,0
395860,"Adventure,Casual,Indie",101,74,27
1134140,"Action,Casual,Indie,Early Access",1,1,0
361990,Indie,617,575,42
1822450,"Simulation,Early Access",81,72,9
293740,Indie,162,132,30
504720,Audio Production,76,33,43
1019340,"Casual,Free to Play,Indie,Strategy",0,0,0
252090,"Indie,Simulation,Early Access",40,26,14
1345360,"Casual,Indie,Simulation,Sports,Strategy",12,8,4
455690,"Adventure,Casual,Indie,Simulation,Sports,Strategy",28,26,2
393790,"Action,Casual,Free to Play,Indie,Early Access",3,3,0
1424790,"Action,Adventure,Casual,Indie,Simulation",17,14,3
1257520,"Adventure,Casual,Indie,RPG",0,0,0
1812920,"Action,Adventure,Indie,Early Access",0,0,0
934810,"Adventure,Indie,RPG",2,2,0
385580,Indie,8,2,6
1044110,"Adventure,Casual,Indie,Strategy,Early Access",13,9,4
2051250,RPG,0,0,0
1299600,"Casual,Indie,Simulation,Strategy",16,12,4
468650,"Action,Adventure,Indie",1,0,1
1041140,"Casual,Indie",11,3,8
1375160,"Adventure,Indie",0,0,0
1056350,"Indie,Strategy",39,38,1
2059790,"Adventure,Indie,RPG,Strategy",13,7,6
1269810,"Indie,RPG",72,50,22
1303050,"Action,Adventure",3,3,0
991260,"Action,RPG",608,394,214
511330,"Adventure,Casual,Indie,Simulation",15,6,9
1399930,"Casual,Indie,Strategy",252,231,21
891700,Casual,9,5,4
1850570,"Action,Adventure",1926,1761,165
1936240,"Action,Adventure,Casual,Indie,Massively Multiplayer,Racing,RPG,Simulation,Sports,Early Access",1,0,1
670470,Video Production,8,3,5
1127860,"Audio Production,Design & Illustration,Utilities,Video Production,Web Publishing",12,9,3
1058570,"Action,Indie,Racing",0,0,0
234080,"Action,Adventure",2429,1757,672
1559810,"Action,Casual,Indie",0,0,0
778150,"Adventure,Casual,Indie",64,45,19
593680,"Action,Indie",10,10,0
1920420,"Action,Indie",6,6,0
545200,"Casual,Sports",16,9,7
1247640,"Adventure,Casual,Indie,RPG,Simulation,Strategy",43,33,10
1670700,"Indie,Simulation,Strategy",7,7,0
1470020,"Adventure,RPG,Early Access",0,0,0
340370,"Adventure,Casual",15,14,1
1274430,"Adventure,Casual,Indie,RPG,Simulation",3,1,2
977340,Indie,19,11,8
1167730,Indie,0,0,0
1683350,"Animation & Modeling,Design & Illustration,Photo Editing,Utilities",1,1,0
343710,"Adventure,Indie",737,462,275
659860,Strategy,1,1,0
1293740,"Adventure,Indie,RPG,Strategy",0,0,0
1452540,"Action,Adventure,Indie",24,24,0
1798880,"Action,Adventure,Indie",0,0,0
749270,"Casual,Indie,Simulation,Strategy",21,7,14
842070,"Adventure,Casual,RPG",0,0,0
1382530,Casual,16,12,4
1122760,Indie,0,0,0
496260,"Adventure,Casual",70,66,4
1142070,"Action,Adventure,Casual,Indie,RPG",5,2,3
1672930,"Adventure,Indie,RPG,Strategy,Early Access",1,0,1
960270,"Casual,Free to Play,Indie,Simulation",0,0,0
460780,"Adventure,Indie,RPG,Strategy",76,70,6
1397920,"Casual,Free to Play,Indie,Simulation",0,0,0
1322270,"Adventure,Indie",16,10,6
968360,"Action,Casual,Indie,Massively Multiplayer,Early Access",8,6,2
1782230,"Casual,Indie",9,9,0
1539890,"Casual,Indie",0,0,0
600140,"Action,Casual,Free to Play,Indie,Strategy",0,0,0
619550,"Casual,Indie,Simulation",0,0,0
633430,"Action,Indie",0,0,0
2027350,Indie,12,11,1
1699690,Strategy,9,9,0
892470,"Casual,Indie,Strategy",10,10,0
1325080,"Action,Indie,Massively Multiplayer",0,0,0
276440,"Casual,Indie,Strategy",13,6,7
1642250,"Action,Adventure,Casual,Indie",1,1,0
1511850,"Action,Adventure",8,6,2
1640100,"Casual,Indie,Strategy",22,21,1
365860,Action,32,26,6
676440,"Action,Indie",38,34,4
895550,"Casual,Indie",0,0,0
1083500,"Action,Free to Play,Massively Multiplayer",0,0,0
857890,"Action,Adventure,Indie,RPG,Strategy,Early Access",0,0,0
1188080,"Adventure,Indie",119,113,6
1160880,"Adventure,Casual,Indie,RPG,Strategy",9,7,2
1164550,"Casual,Indie,Sports",8,6,2
737490,"Adventure,Free to Play,RPG",0,0,0
1384440,"Casual,Indie,Simulation",1,0,1
1112930,"Indie,RPG",190,170,20
1434510,"Casual,Indie,Racing,Simulation,Sports",1,0,1
830470,"Action,Casual,Indie",0,0,0
1883050,"Adventure,Free to Play",0,0,0
336700,"Casual,Indie",17,15,2
399720,"Action,Indie,RPG,Simulation,Strategy,Early Access",66,58,8
1897970,"Action,Indie",2,2,0
1945590,"Action,Indie",36,29,7
2050200,"Action,Casual,Indie,Sports",1,1,0
805090,"Casual,Indie,Simulation,Strategy",16,10,6
723190,"Action,Adventure,Casual,Simulation,Strategy",9,5,4
921420,"Simulation,Strategy",2,2,0
969250,"Casual,Indie,RPG,Simulation",14,13,1
1821460,"Action,Adventure,Indie",5,2,3
1757970,"Action,Indie,Strategy",3,3,0
520350,Education,9,5,4
1818340,"Casual,Simulation",5,5,0
801400,"Action,Indie,Simulation,Sports",25,18,7
1747940,"Action,Indie",2,0,2
1511610,"Action,Adventure,Indie",0,0,0
1185730,"Casual,Indie,RPG,Simulation",6,6,0
1804600,"Action,Casual,Indie",2,2,0
689900,"Adventure,Indie",162,146,16
708160,"Adventure,Indie",0,0,0
1923480,"Free to Play,Strategy,Early Access",0,0,0
1510800,"Simulation,Strategy",18,12,6
1095840,Casual,8,6,2
753400,"Adventure,Casual,Indie,RPG,Simulation",6,6,0
696140,"Action,Adventure,Casual,Indie,Simulation,Strategy",107,90,17
1280730,"Casual,Indie",8,8,0
1006450,Adventure,6,5,1
633580,"Adventure,Indie,RPG",16,10,6
1279810,Casual,7,7,0
455120,"Action,Adventure,Indie",536,304,232
1474550,"Casual,Indie,Strategy",9,9,0
296490,"Action,Indie,Strategy",2090,2008,82
595010,"Action,Indie",13,9,4
491510,"Adventure,Indie,RPG",17,10,7
749200,"Action,Indie,Early Access",0,0,0
843890,"Action,Casual,Indie",35,24,11
941640,"Adventure,Casual,Free to Play,Indie,Strategy",0,0,0
545800,"Adventure,Casual,Indie",19,11,8
1290110,"Action,Adventure,Indie",13,8,5
1012850,"Adventure,Indie",20,16,4
396320,Strategy,16,13,3
731320,"Adventure,Casual,Indie",16,13,3
689880,"Casual,Indie",2,2,0
1961840,"Action,Indie",3,3,0
24790,Strategy,2703,2400,303
1092660,"Adventure,Indie",2038,1571,467
719630,Indie,0,0,0
735600,"Action,Indie",25,22,3
1045390,"Adventure,Indie,RPG,Simulation,Strategy,Early Access",7,7,0
1616740,"Action,Adventure,Indie,Simulation,Early Access",2,1,1
1817940,Indie,7,7,0
575490,"Casual,Indie",7,5,2
270810,"Action,Casual,Indie,Racing",45,37,8
346630,"Action,Adventure,Indie",75,49,26
1142440,"Adventure,Casual,Indie",0,0,0
1010540,"Adventure,Indie",5,4,1
1173260,"Action,Adventure,Indie",3,2,1
556710,"Action,Adventure,Indie",19,11,8
1636190,"Action,Adventure,Casual,Indie",1,1,0
1753670,"Casual,Indie,Early Access",0,0,0
500590,Casual,23,22,1
754840,"Casual,Simulation",65,59,6
669570,"Action,Adventure,Casual,Indie",5,1,4
462000,"Action,Casual,Sports",82,72,10
1243900,"Action,Adventure,Indie",4,4,0
2010420,"Action,Free to Play,Indie",0,0,0
728620,"Casual,Racing",0,0,0
851220,"Action,Indie,Simulation",0,0,0
1001220,"Action,Adventure,Indie,RPG,Simulation",132,106,26
1475380,"Action,Adventure,Free to Play,Indie",0,0,0
314760,"Indie,Strategy",15,4,11
1001880,"Casual,Indie",11,10,1
1482850,"Action,Adventure,Indie",1,0,1
522200,Adventure,17,7,10
1376270,"Adventure,Casual,Indie,RPG,Early Access",1,1,0
721300,"Violent,Gore,Adventure,Indie,RPG",2,1,1
410970,Strategy,225,203,22
1941390,Racing,0,0,0
673720,"Violent,Action,Adventure,Early Access",2,0,2
616640,"Action,Indie",3,3,0
535910,"Casual,Simulation,Strategy",22,22,0
460340,"Adventure,Indie,Strategy",91,69,22
1215770,"Adventure,Casual,Indie,RPG",12,10,2
243040,Simulation,566,512,54
938370,"Free to Play,Massively Multiplayer,RPG,Strategy,Early Access",0,0,0
617060,Action,6,5,1
959500,"Casual,Free to Play,Indie",0,0,0
1553530,"Action,Adventure,Indie,RPG",2,2,0
1337820,"Adventure,Casual,Free to Play,Indie,Simulation",0,0,0
358210,Action,28,28,0
687320,Action,0,0,0
1608550,Action,38,30,8
863980,"Adventure,Casual,Indie",20,12,8
766420,"Action,Casual,Indie",2,1,1
1135230,"Action,Adventure,RPG,Early Access",681,633,48
1425580,"Action,Indie",0,0,0
341870,"Action,Adventure,Indie",225,156,69
1316830,"Casual,Indie,Strategy",13,10,3
649770,"Free to Play,Indie,Strategy,Early Access",0,0,0
1584320,"Action,Casual,Indie,Strategy,Early Access",1,0,1
1856910,"Action,Indie",18,11,7
891520,"Adventure,Casual,Indie,RPG,Strategy",0,0,0
647980,"Indie,Simulation,Strategy",20,4,16
1250660,"Casual,Indie,RPG,Simulation,Strategy",0,0,0
1721050,"Action,Casual,Indie,Massively Multiplayer,Simulation,Strategy",2,1,1
1336450,"Action,Free to Play,Indie",0,0,0
525360,"Action,Indie",23,16,7
299910,"Free to Play,Indie,Strategy",0,0,0
263140,"Adventure,Indie,RPG",72,30,42
1276590,"Adventure,Indie",2,0,2
1177940,"Casual,Indie",0,0,0
1236160,"Action,Adventure,Casual,Indie",12,12,0
580310,Audio Production,8,8,0
676820,"Adventure,Casual,Indie",1155,1099,56
47110,Action,7,5,2
391630,Action,2,1,1
941340,"Indie,Early Access",1,1,0
294700,"Adventure,Casual",45,22,23
1652680,"Action,Indie,Simulation",155,126,29
441770,"Animation & Modeling,Design & Illustration,Photo Editing",52,49,3
742380,"Adventure,Indie",10,9,1
968380,"Indie,Simulation",3,2,1
686450,"Action,Adventure,Indie",25,22,3
409070,"Action,Indie",15,10,5
916950,"Adventure,Indie",25,21,4
1390520,Utilities,0,0,0
670630,"Casual,Indie",6,6,0
513060,"Adventure,Casual,Indie,RPG,Strategy,Early Access",6,5,1
1531200,RPG,2,2,0
1508630,Adventure,1,1,0
1609050,Indie,0,0,0
990640,"Adventure,Casual,Indie,RPG",38,29,9
906460,"Action,Indie",0,0,0
2023970,"Casual,Indie,Strategy",10,10,0
835680,"Casual,Indie",4,4,0
585500,"Action,Casual,Indie",18,17,1
1395900,"Indie,RPG,Simulation",3,3,0
376140,"Free to Play,Indie,Massively Multiplayer,Strategy",0,0,0
1739500,"Action,Adventure,Indie",1,1,0
711460,"Action,Adventure,Indie,RPG,Strategy",1,0,1
1338410,"Adventure,Indie,Strategy,Early Access",0,0,0
1655060,"Casual,Indie",1,1,0
9340,"Action,Strategy",363,326,37
1787980,"Action,Indie",0,0,0
1121630,"Action,Indie",0,0,0
617740,"Action,Adventure,Free to Play,Massively Multiplayer,RPG,Simulation",0,0,0
661240,"Action,Indie",4,4,0
640700,"Action,Adventure,Indie,Early Access",8,8,0
1995070,Indie,10,10,0
1781840,"Casual,Indie,Simulation",3,3,0
520950,"Action,Racing,Simulation,Sports",809,602,207
588290,"Free to Play,Simulation,Sports",29,28,1
1853650,"Action,Adventure,Casual,Free to Play,Indie",0,0,0
1534610,"Action,Adventure,Free to Play,Massively Multiplayer,Strategy",1,0,1
510620,"Action,Indie",105,98,7
1165840,"Adventure,Indie",19,14,5
614160,"Action,Indie",3,1,2
1062210,Indie,0,0,0
1817140,"Action,Adventure",2,2,0
1360490,"Action,Casual,Indie",1,1,0
1080750,"Adventure,Indie",389,382,7
1102390,RPG,7,7,0
1551480,"Adventure,Indie,RPG",3,3,0
1730470,"Casual,Indie,Strategy",0,0,0
1215280,"Action,Adventure,Casual,Indie",56,46,10
775900,"Racing,Simulation,Sports",191,141,50
912570,"Adventure,Casual,Indie,RPG",178,138,40
12420,Strategy,31,5,26
890820,"Action,Free to Play,Massively Multiplayer,RPG",0,0,0
658510,"Free to Play,Massively Multiplayer,RPG",0,0,0
1595600,"Action,Adventure,Indie,Simulation",2,2,0
1087720,"Indie,Simulation",25,21,4
429050,"Action,Indie,Simulation,Early Access",5929,4877,1052
821100,"Action,Adventure,Indie",4,2,2
655760,Action,8,6,2
692840,"Action,Adventure,Indie,RPG",410,172,238
595070,Casual,6,4,2
853700,"Adventure,Indie,RPG",1,1,0
1119860,"Action,Adventure,Casual,Indie,RPG,Early Access",17,11,6
858600,"Action,Adventure,Indie,RPG,Early Access",1,1,0
1848960,"Adventure,RPG,Simulation",198,191,7
533360,"Adventure,Indie,RPG",1,0,1
1867740,Action,19,18,1
920510,Casual,7,4,3
668800,"Action,Indie",2,2,0
1349390,"Action,Indie",5,5,0
979220,"Casual,Indie",0,0,0
1746620,"Casual,Indie,Early Access",7,3,4
1279920,"Action,Adventure,Casual",136,122,14
237930,"Action,Indie,RPG",14742,13877,865
675750,Casual,1,1,0
1239520,"Simulation,Sports,Strategy",3303,1803,1500
606510,"Adventure,Casual",79,69,10
1555220,"Action,Adventure,Indie,Massively Multiplayer,Simulation,Strategy,Early Access",113,62,51
624710,"Casual,Indie",14,13,1
510960,"Casual,Indie,Strategy",2,2,0
680640,"Action,Casual,Simulation",44,12,32
366060,"Action,Adventure,Indie,RPG,Early Access",12,7,5
1570620,Adventure,4,4,0
434700,Indie,4,2,2
412400,"Action,Casual,Free to Play,Indie,Simulation,Strategy",23,10,13
568610,"Adventure,Indie,RPG",27,23,4
543070,"Adventure,Casual,Indie",17,16,1
956350,"Action,Adventure,Indie,Strategy",2,2,0
937120,"Action,Adventure,Indie",0,0,0
1879200,Indie,0,0,0
1805190,"Casual,Free to Play,Indie,Massively Multiplayer",0,0,0
788470,"Casual,Free to Play,Simulation",0,0,0
1079340,"Action,Adventure,Indie",1,0,1
1511690,Indie,22,18,4
547480,"Adventure,Casual,Indie",115,108,7
614250,"Casual,Free to Play",0,0,0
884270,"Adventure,Casual,Indie,Simulation,Sports,Strategy",3,3,0
1387510,"Action,Free to Play,Indie",0,0,0
1334000,"Casual,Indie,Simulation,Sports",306,270,36
646210,Indie,26,25,1
1186640,"Action,Adventure,Indie",1448,1366,82
792820,Adventure,0,0,0
829110,"Action,Adventure",1479,1347,132
804600,Casual,8,4,4
276360,"Casual,Simulation,Sports",41,27,14
405540,"Action,Indie",41,29,12
471710,"Adventure,Casual,Free to Play,Massively Multiplayer",97,97,0
939390,Casual,20,5,15
47830,Action,21,15,6
853760,"Adventure,Indie,RPG",2,0,2
1504150,"Adventure,Indie,Strategy",0,0,0
696280,"Adventure,Indie",13,11,2
1608470,"Action,Indie,Early Access",60,55,5
837180,"Action,Casual,Indie",2,2,0
288880,"Action,Adventure,Indie",107,64,43
749710,"Casual,Indie,Simulation,Strategy",7,4,3
774711,"Adventure,Indie",8,7,1
1480370,"Adventure,Casual,Indie,Simulation",137,84,53
882100,Strategy,11235,8495,2740
363660,Simulation,16,3,13
431700,"Indie,RPG,Strategy",111,106,5
1509960,"Action,Casual,Indie",4793,4448,345
1269050,"Adventure,Indie",1,1,0
1986770,"Action,Adventure,Casual,Free to Play,Indie",0,0,0
720640,"Adventure,Indie",1,1,0
1010860,"Action,Casual,Indie,Massively Multiplayer,RPG",89,46,43
404790,Game Development,9,9,0
1272340,"Casual,Free to Play,Indie,Simulation,Strategy",0,0,0
1176160,"Casual,Indie,Simulation",12,10,2
744280,"Action,Indie",1,0,1
601790,"Action,Adventure,Indie,RPG",14,10,4
903740,"Casual,Indie,Strategy",10,2,8
2001680,"Action,Adventure,Indie",5,5,0
1503540,Casual,11,10,1
1848940,"Adventure,Indie",5,0,5
1258730,"Action,Adventure,Casual,Indie",8,7,1
1683320,"Simulation,Strategy",138,76,62
1486200,"Action,Indie",0,0,0
817490,"Casual,Indie",21,19,2
1439460,"Action,Adventure,Casual,Indie",2,2,0
1940880,"Action,Adventure,Casual,Indie,Simulation",5,3,2
1120960,"Action,Adventure,Casual,Indie,Simulation",2,1,1
1918920,"Adventure,Indie,Simulation",1,1,0
923690,"Action,Adventure,Casual,Indie,Simulation,Strategy",12,3,9
1062850,"Indie,RPG,Simulation,Early Access",1,0,1
1965560,"Action,Indie,Strategy",1,0,1
736920,"Casual,Simulation",0,0,0
1907230,"Action,Indie",6,6,0
1658930,"Action,Adventure,Indie,RPG",22,22,0
1162880,"Indie,Simulation,Strategy",4,2,2
1300430,"Action,Adventure,Casual,Indie,RPG",131,90,41
2010450,"Action,Indie,RPG",0,0,0
1399840,"Action,Adventure,RPG",104,61,43
1107470,Adventure,9,9,0
372250,"Action,Adventure,Indie",19,13,6
268930,"Adventure,Indie,RPG",50,29,21
860990,"Adventure,Casual,Indie",14,9,5
416370,"Adventure,Casual",15,8,7
1286210,Action,9,8,1
835650,"Indie,Simulation,Strategy,Early Access",196,155,41
269790,"Adventure,Indie",1475,1137,338
1085900,Indie,1,1,0
1119500,"Action,Indie,Sports",1,0,1
1414930,"Casual,Free to Play,Massively Multiplayer",0,0,0
635590,"Action,Indie",1,1,0
805900,"Action,Casual,Indie,Simulation,Strategy",3,3,0
1435960,"Action,Casual,Indie",11,11,0
448820,"Adventure,Indie",9,7,2
1175890,"Action,Free to Play,Early Access",0,0,0
1190840,"Action,Adventure",11,10,1
616740,"Adventure,Casual,Indie",2,2,0
776410,"Action,Adventure",0,0,0
1812290,"Action,RPG",0,0,0
2013220,"Free to Play,Massively Multiplayer,RPG,Early Access",0,0,0
730780,"Action,Indie,Racing,Early Access",1,1,0
2007470,"Casual,Indie",4,3,1
1423420,"Indie,Strategy",3,2,1
248170,"Animation & Modeling,Education,Utilities,Web Publishing",460,413,47
898000,"Violent,Gore,Indie",29,12,17
277460,"Indie,Strategy",210,166,44
880550,"Casual,Indie",7,5,2
1231900,"Adventure,Sports",0,0,0
328680,"Casual,Indie",8,6,2
1155290,"Adventure,Casual,Indie,RPG",1,1,0
1798640,Casual,9,9,0
1953560,"Free to Play,Massively Multiplayer,Racing,Sports",0,0,0
345660,"Racing,Simulation,Sports",458,313,145
983970,"Adventure,Indie,RPG",1495,1391,104
703820,"Action,Indie",0,0,0
1218530,"Action,Adventure,Indie",0,0,0
1117220,"Indie,RPG,Simulation,Strategy",2,1,1
446490,"Casual,Simulation",8,2,6
2006120,"Adventure,Massively Multiplayer",0,0,0
1524550,"Action,Adventure,Early Access",31,28,3
345120,"Action,Adventure,Indie",112,91,21
310950,Action,10947,7482,3465
913680,"Design & Illustration,Photo Editing",1,1,0
1664920,"Animation & Modeling,Utilities,Game Development",5,4,1
1463040,Casual,4,3,1
1451760,"Adventure,Indie,RPG",13,12,1
618100,"Action,Adventure,RPG,Strategy,Early Access",105,64,41
1285510,"Adventure,Indie",27,27,0
1578070,"Action,Adventure,Casual,Indie",1,1,0
1609660,Adventure,1,1,0
905440,"Action,Adventure,Indie,RPG,Early Access",0,0,0
1510930,"Action,Adventure,Indie,RPG,Simulation,Sports",10,10,0
1098230,"Casual,Indie",0,0,0
865930,"Action,Casual,Indie,RPG,Simulation",11,9,2
380580,"Action,Adventure,Indie",199,117,82
634060,"Simulation,Early Access",0,0,0
618600,"Casual,Sports",0,0,0
589080,"Action,Adventure,Indie",2,1,1
1900340,"Adventure,Indie",24,23,1
342530,"Action,Casual,Indie,Early Access",23,16,7
1162900,"Action,Massively Multiplayer",5,2,3
1477810,"Indie,RPG,Simulation",313,287,26
942270,"Indie,RPG",22,20,2
665360,"Casual,Indie,RPG,Simulation",4409,3288,1121
1393750,"Action,Adventure,Indie,RPG",354,290,64
26900,"Casual,Indie",128,111,17
1912930,Indie,15,9,6
1051300,"Indie,Simulation",5,3,2
1825650,"Action,Adventure,Casual,Free to Play,Indie,RPG,Simulation",0,0,0
498320,"Casual,Indie",0,0,0
700610,"Action,Indie",0,0,0
547520,"Casual,Strategy",5,3,2
596630,Indie,14,13,1
1826960,"Adventure,Casual,Free to Play,Massively Multiplayer,RPG,Simulation,Strategy",0,0,0
862700,"Action,Indie,RPG",3,3,0
1488560,"Action,Sports,Early Access",119,101,18
576120,"Adventure,Indie,Strategy",10,2,8
358390,"Action,Free to Play",8,8,0
410050,"Adventure,Indie",11,7,4
639440,Simulation,0,0,0
263700,"Action,Adventure,Casual,Indie",51,41,10
1422750,"Adventure,Casual,Indie,Simulation",29,23,6
1126850,"Action,Indie",4,4,0
225320,"Action,Adventure",451,381,70
1385840,"Action,Adventure,RPG",5,3,2
1419760,"Action,Indie",0,0,0
1427760,"Action,Casual,Free to Play,Indie,Massively Multiplayer,Racing,Sports",1,1,0
931630,"Casual,Indie",17,13,4
1193570,"Action,Casual,Indie",0,0,0
1540100,"Adventure,Indie",1,1,0
1373500,"Action,Casual,Free to Play,Indie,RPG",0,0,0
1984490,"Action,Indie",6,6,0
260060,"Casual,Indie",20,16,4
1640090,"Action,Adventure,Casual",1,0,1
1148560,"Action,Indie,RPG",129,109,20
434890,"Casual,Racing",19,13,6
758580,"Adventure,Casual",9,6,3
1004770,"Action,Indie",308,306,2
1124170,"Action,Casual,Indie,Racing",0,0,0
371330,"Casual,Indie",84,63,21
445140,"Action,Indie",32,20,12
283960,"Adventure,Casual",700,687,13
793370,"Adventure,Casual,Indie",611,508,103
1331030,"Indie,Strategy,Early Access",1,1,0
826100,"Adventure,Free to Play,Indie,Simulation",0,0,0
791380,"Action,Casual,Free to Play,Indie,Racing,Simulation,Strategy",2,0,2
537170,"Racing,Simulation,Sports",3,1,2
1430280,"Action,Casual,Indie,Early Access",0,0,0
1541020,"Indie,Massively Multiplayer,RPG",0,0,0
3420,Casual,28,22,6
1638920,"Adventure,Casual",3,2,1
589280,"Action,Simulation,Sports",30,29,1
818650,"Action,Adventure,Indie",5,3,2
982450,Indie,25,17,8
1051500,"Indie,Simulation,Sports,Strategy",20,19,1
817630,"Adventure,Casual",4,2,2
422610,Strategy,33,25,8
1512570,"Adventure,Indie",2,2,0
590380,"Indie,RPG,Simulation,Strategy",9087,8538,549
1074530,"Adventure,Indie",2,0,2
1992560,"Casual,Indie",1,0,1
1273020,"Action,Casual,Indie",3,1,2
1176590,"Adventure,RPG,Simulation,Strategy",3,3,0
441850,"Animation & Modeling,Audio Production,Software Training,Utilities,Video Production",1,0,1
1234380,"Action,Adventure,Casual,Indie,Massively Multiplayer,Simulation,Strategy,Early Access",5,0,5
516430,"Action,Adventure,Indie,RPG",33,27,6
705610,"Nudity,Violent,Action,Indie,RPG",33,26,7
207080,Indie,563,538,25
1134390,"Indie,Strategy",1,0,1
616330,"Nudity,Adventure,RPG,Strategy,Early Access",0,0,0
696490,"Casual,Indie,Sports",12,11,1
51020,Casual,8,8,0
221040,"Action,Adventure",7621,5572,2049
374960,Strategy,6,4,2
1146300,"Action,Adventure",166,93,73
957410,"Casual,Simulation",15,7,8
985620,"Action,Adventure,Indie",9,9,0
772240,"Adventure,Indie,RPG",4,3,1
1981010,"Indie,RPG,Strategy",0,0,0
1881480,"Action,Adventure,Indie,Early Access",6,3,3
1103040,Casual,0,0,0
1834540,Casual,9,9,0
1625810,"Indie,Early Access",0,0,0
337460,Simulation,17,15,2
1643470,"Simulation,Strategy",3,0,3
263340,"Action,Adventure,Indie",96,50,46
1217190,"Adventure,Casual,Indie,RPG,Strategy",0,0,0
1440020,Casual,3,3,0
1121530,"Casual,Indie",60,55,5
855990,RPG,0,0,0
990160,"Action,Casual,Indie",5,2,3
1372670,Indie,1,1,0
705340,"Adventure,Indie,RPG,Strategy",17,15,2
1385970,"Action,Adventure,Indie,RPG,Early Access",3,2,1
485290,"Adventure,Casual",13,13,0
1417170,Strategy,0,0,0
1215380,"Indie,Simulation,Strategy",1,1,0
1129810,"Adventure,Casual,Indie",0,0,0
1561480,"Action,Casual,Indie",1,0,1
1935710,"Casual,Indie",0,0,0
488350,"Action,Indie,Racing,Early Access",47,13,34
231720,"Casual,Indie",48,15,33
1869430,"Action,Free to Play,Indie,Massively Multiplayer",0,0,0
544380,"Action,Indie",3,3,0
2058660,"Action,Adventure,Indie",0,0,0
568920,"Action,Adventure,Casual,Indie",15,13,2
389260,"Adventure,Indie,Early Access",64,55,9
1794960,"Action,Adventure,Casual",1190,705,485
1149180,"Adventure,Indie,RPG,Early Access",0,0,0
798830,"Casual,Indie,RPG,Simulation,Strategy",38,15,23
1345120,"Casual,Indie,Strategy",6,5,1
1710830,"Action,Indie",9,9,0
1891930,Racing,12,11,1
2013150,"Action,Adventure,Indie",2,2,0
648570,"Violent,Gore,Action",5,3,2
1027970,"Casual,Indie",14,11,3
1422380,"Casual,Free to Play,Indie,Simulation",13,13,0
1456340,"Adventure,Indie",2,2,0
1892410,"Action,Indie",0,0,0
513880,"Action,Casual,Indie,Massively Multiplayer,Simulation,Strategy,Early Access",20,13,7
1089310,"Adventure,Casual,Indie",32,23,9
1289500,"Action,Adventure,Free to Play,Indie,Strategy",0,0,0
1581250,Casual,21,13,8
1141250,"Action,Indie",0,0,0
769030,Casual,0,0,0
834180,"Casual,Indie,Simulation",11,9,2
682570,Action,162,115,47
1854540,"Adventure,Indie,Early Access",0,0,0
1189250,"Action,Casual,Indie",0,0,0
378300,"Adventure,Free to Play,Indie",0,0,0
664460,"Action,Adventure,Casual,Simulation,Early Access",9,8,1
853380,"Action,Casual,Indie",27,22,5
468100,"Action,Indie,Racing,Simulation,Sports",60,45,15
1476410,"Adventure,Indie",1,1,0
758330,"Action,Adventure,RPG",925,824,101
1385950,"Casual,Free to Play,Indie",0,0,0
716490,"Indie,Simulation",881,849,32
1571190,"Action,Free to Play,Massively Multiplayer,RPG,Strategy",0,0,0
1495640,"Action,Casual,Free to Play,Indie",0,0,0
1806040,"Action,Free to Play,Indie",0,0,0
470280,"Adventure,Indie,Early Access",19,4,15
1783190,"Adventure,Casual",17,13,4
829720,"Adventure,Indie,RPG",4,3,1
1819020,"Action,Indie,RPG",1,0,1
486860,"Indie,Simulation,Strategy,Early Access",1054,927,127
1926360,"Action,Casual,Indie",3,3,0
1232140,"Action,Indie",18,15,3
2018840,"Free to Play,Indie,Strategy,Early Access",0,0,0
286480,Adventure,127,109,18
1139790,Indie,2,1,1
897940,"Indie,Racing",0,0,0
750240,"Action,Indie",1,1,0
1122980,"Casual,Indie,Strategy",4,1,3
1114210,"Adventure,Indie",2,2,0
595990,"Action,Adventure,Sports",3,2,1
1799280,"Action,Massively Multiplayer",10,8,2
1808080,"Casual,Indie",4,3,1
1995460,"Indie,Simulation,Sports",10,10,0
930320,"Casual,Indie",18,15,3
1352450,"Action,Indie",0,0,0
521620,"Action,Adventure,Indie",20,17,3
595030,"Action,Adventure,Indie",10,2,8
1142450,"Casual,Free to Play,Simulation",0,0,0
846330,"Adventure,Early Access",1,1,0
110610,"Action,Indie",15,14,1
1854840,"Adventure,Casual,Indie,Simulation,Strategy",0,0,0
913060,"Action,Indie",407,387,20
1648800,"Adventure,Casual,Indie,Early Access",0,0,0
977780,"Adventure,Indie,RPG,Simulation,Strategy,Early Access",0,0,0
1028090,"Action,Indie,RPG,Early Access",2,2,0
305010,"Action,Adventure,Indie",8,5,3
1790960,Adventure,1,0,1
1885160,"Action,Adventure,Casual,Indie,RPG,Simulation,Strategy,Early Access",6,6,0
1838800,Indie,10,9,1
777040,"Action,Indie",6,2,4
244450,"Action,Simulation,Strategy",13009,11853,1156
1580010,"Action,Adventure,Casual,Indie",5,2,3
463460,"Casual,Indie",19,12,7
1834430,Strategy,0,0,0
1344580,Indie,1,0,1
537050,"Action,Adventure,Casual,Indie,Strategy",5,5,0
667920,"Casual,Indie,Simulation,Strategy",9,5,4
432490,"Sexual Content,Nudity,Violent,Casual,Indie",15,8,7
1139800,"Casual,Indie",32,28,4
1298020,Indie,4,4,0
1703600,Simulation,0,0,0
422630,"Casual,Free to Play,Indie,Simulation",0,0,0
1914020,"Casual,Indie",3,3,0
529670,"Action,Adventure,Simulation",3,2,1
1578190,Design & Illustration,1,1,0
1824970,"Action,Adventure,Indie,RPG",5,3,2
1059420,"Indie,Strategy",4,4,0
1811900,Adventure,0,0,0
540060,"Adventure,Casual,Indie,Simulation",40,37,3
1051900,"Action,Adventure,Casual,Indie,RPG",12,7,5
434500,"Action,Casual,Indie,Strategy",9,3,6
423870,"Action,Casual,Indie",16,13,3
877060,"Action,Indie,Early Access",2,2,0
1943740,"Indie,Strategy,Early Access",6,6,0
582690,"Action,Indie",5,5,0
1801620,"Adventure,Casual",10,9,1
356170,"Action,Adventure,Indie,Racing",3,1,2
1784130,"Action,Adventure,Indie",0,0,0
511690,"Action,Adventure,Casual,Indie,Simulation",5,4,1
665890,"Action,Free to Play,Indie",0,0,0
1140180,Action,15,13,2
1543530,"Indie,Strategy",0,0,0
352640,"Action,Adventure,Indie,RPG",14,13,1
1258580,"Action,Indie",4,3,1
1951300,"Casual,Indie,Simulation",5,4,1
1790630,"Indie,Strategy",11,9,2
929210,"Indie,Racing",1,0,1
1412510,"Free to Play,RPG,Strategy",0,0,0
1334910,"Action,Adventure,Casual,Indie",31,30,1
1159560,"Action,Indie",681,633,48
1208330,"Action,Casual,Indie",10,6,4
1072450,Utilities,10,6,4
1152660,"Action,Indie,Simulation,Early Access",0,0,0
1124050,Action,25,17,8
1631080,Simulation,155,130,25
796480,"Adventure,Indie",14,7,7
638290,"Adventure,Casual",1,0,1
1899370,"Casual,Simulation,Sports,Strategy",0,0,0
805660,"Action,Adventure,Indie",38,24,14
366800,"Adventure,Free to Play,Indie",2,2,0
1596060,"Casual,Indie",0,0,0
1547470,"Action,Casual,Indie,Simulation",1,1,0
1977030,"Action,Adventure,Free to Play,Indie",0,0,0
729970,"Action,Indie",4,4,0
594300,"Action,Adventure,Free to Play,Indie",0,0,0
1111970,"Action,Casual,Indie",12,11,1
12390,Action,76,40,36
886300,"Action,Indie",2,2,0
1877300,"Adventure,Casual,Indie",0,0,0
1919070,"Adventure,Indie",10,9,1
953190,Casual,1,0,1
746020,"Adventure,Indie,RPG",9,2,7
1651290,"Adventure,Casual,Indie,Early Access",0,0,0
301920,"Adventure,Indie,Strategy",52,49,3
13230,Action,1969,1920,49
513770,"Action,Casual,Indie,Simulation",10,4,6
791260,"Action,Adventure,Early Access",4,2,2
1686540,"Casual,Simulation",39,32,7
1216660,"Casual,Indie,Strategy",10,8,2
1076480,"Indie,Early Access",18,18,0
1467070,"Adventure,Casual,Indie",7,6,1
431260,"Adventure,Indie",233,169,64
1907070,"Casual,Indie,Simulation",2,0,2
1766440,"Casual,Strategy",1,1,0
347930,"Action,Indie",8,1,7
1365030,"Action,Adventure,Indie,Racing",52,48,4
523030,"Action,Indie,Simulation",31,27,4
529060,"Simulation,Early Access",100,35,65
1539360,Action,3,3,0
1374850,Strategy,2,2,0
1693650,"Action,Indie,RPG",21,20,1
239700,Indie,331,286,45
671920,"Adventure,Indie",45,33,12
1698960,"Adventure,Free to Play,Indie,RPG",0,0,0
1703500,"Action,Indie,Simulation,Early Access",1,1,0
1541400,"Action,Adventure,Casual,RPG,Simulation",4,0,4
738880,"Action,Adventure",0,0,0
1145960,"Adventure,Indie",991,884,107
1355590,"Action,Adventure,Casual",0,0,0
1675050,"Adventure,Casual,Indie",3,2,1
102400,"Action,Indie,Strategy",7,6,1
1491680,Adventure,2,0,2
736610,"Action,Casual,Strategy",1,0,1
1983480,Action,2,1,1
1668690,"Indie,Strategy,Early Access",337,310,27
509190,"Action,Casual,Free to Play,Indie,Early Access",2,2,0
1260130,"Casual,Indie,Strategy",29,24,5
1762720,"Adventure,Casual,Indie",1,1,0
1943450,Casual,2,2,0
286360,"Adventure,Indie",52,35,17
1995230,"Action,Casual,Indie",1,1,0
1563940,"Action,Adventure,Casual,Free to Play,Massively Multiplayer,RPG,Strategy",0,0,0
1699320,"Action,Adventure,Indie",3,3,0
596730,Adventure,1,0,1
1280630,"Action,Indie",7,6,1
1230510,"Adventure,Casual,Indie",59,52,7
297590,"Adventure,Indie",41,39,2
1994850,"Adventure,Indie,Simulation",37,21,16
671550,"Action,Casual,Indie",57,56,1
1990810,Indie,10,10,0
1329320,"Adventure,Indie",23,14,9
1481550,"Action,Strategy,Early Access",3,2,1
883970,"Casual,Simulation,Strategy",10,3,7
1153130,"Adventure,Casual,Free to Play,Indie",0,0,0
99900,"Action,Adventure,Casual,Free to Play,Indie,Massively Multiplayer,RPG",109,84,25
911440,Indie,2,1,1
249590,Indie,713,575,138
312310,"Action,Indie,Simulation",2,2,0
1148250,Audio Production,0,0,0
1632690,"Action,Indie,Simulation,Strategy",1,0,1
1221290,"Adventure,Casual,Indie",6,4,2
1926820,Action,1,1,0
416530,"Action,Indie,Racing",26,24,2
1650020,"Action,Adventure,Casual,Indie",22,18,4
474750,"Adventure,Indie,RPG,Simulation",2376,2051,325
742520,"Adventure,Casual,Indie",281,270,11
460060,"Adventure,Casual,Free to Play,Indie",35,27,8
540500,"Action,Indie,Simulation",18,14,4
399180,Sports,5,2,3
593560,"Action,Adventure,Casual,Indie,RPG",14,5,9
355670,Casual,1,1,0
974950,"Action,Casual,Free to Play,Indie",0,0,0
1058470,"Action,Adventure,Indie",14,14,0
564980,"Violent,Action,Adventure,Simulation",1,1,0
1593950,"Casual,Indie",26,23,3
1400360,"Indie,Strategy",3,0,3
1518990,"Action,Adventure,Simulation,Early Access",0,0,0
521510,"Action,Adventure,Casual,Indie",5,3,2
347290,"Action,Indie",170,112,58
1788120,"Adventure,Indie",13,12,1
368230,"Indie,Simulation,Strategy",3145,2740,405
2072930,"Casual,Indie,Racing,Simulation,Sports",2,1,1
1571170,"Adventure,Casual,RPG",298,218,80
566910,"Action,Free to Play,Indie",1,0,1
809470,"Indie,Simulation,Early Access",6,3,3
291050,"Indie,RPG,Strategy",29,18,11
1385180,"Adventure,Indie,RPG,Simulation,Strategy,Early Access",1,1,0
968420,"Adventure,Indie,RPG",0,0,0
1131330,"Action,Indie,RPG",8,6,2
1483540,"Adventure,Indie,RPG",5,4,1
1511400,"RPG,Early Access",4,4,0
669360,"Violent,Gore,Action,Indie",3,2,1
1645780,"Adventure,Indie",3,3,0
1185600,"Indie,Strategy,Early Access",1,0,1
1540680,"Racing,Sports",0,0,0
1251550,Casual,0,0,0
1683720,"Casual,Indie,Simulation",12,10,2
658660,"Indie,Simulation,Strategy",13,9,4
998890,Action,1,0,1
1571890,"Action,Casual,Indie,Simulation,Sports,Early Access",18,18,0
1729080,"Casual,Indie",1,0,1
1045590,"Adventure,Casual,Free to Play,Indie",0,0,0
610130,"Action,Indie",49,34,15
668670,"Action,Indie",6,2,4
446010,"Indie,Simulation,Strategy",5,2,3
1553680,"Action,Adventure,RPG,Early Access",0,0,0
1573110,"Action,Adventure,Early Access",1,0,1
1340490,RPG,1,0,1
1748660,RPG,45,32,13
1633660,"Casual,Indie,Strategy",27,22,5
788740,"Adventure,Indie,Simulation",34,19,15
1250990,"Action,Indie",1,1,0
1297300,"Action,Adventure,Indie",627,454,173
1377930,"Casual,Indie",19,19,0
959850,Action,5,2,3
942140,"Casual,Free to Play,Indie",1,0,1
1660290,"Casual,Indie,RPG",5,5,0
843710,"Casual,Indie",4,4,0
1036200,Indie,0,0,0
984470,"Indie,Simulation",16,15,1
1257900,"Action,Adventure,RPG",7,6,1
299720,"Casual,Indie,Strategy",463,395,68
1760590,"Casual,Indie",2,2,0
263540,"Free to Play,Indie,Massively Multiplayer,RPG",5,3,2
631490,"Action,Casual,Indie",9,7,2
827860,"Action,Free to Play,Indie",0,0,0
848100,"Action,Strategy",1,1,0
1271520,"Action,Adventure,Casual,Indie,Racing",0,0,0
746350,"Action,Casual,Indie",15,10,5
1521670,Adventure,7,2,5
1009210,"Action,Adventure,Indie",5,5,0
1601410,"Adventure,Indie",1,1,0
1942370,"Action,Adventure",0,0,0
914160,"Action,Casual,Massively Multiplayer",16,6,10
654990,"Action,Adventure,Indie,Simulation",618,351,267
1148740,"Action,Indie",1,1,0
791160,"Action,Casual,Indie,Simulation,Strategy",1,1,0
1285540,"Adventure,Indie,RPG,Strategy",1,0,1
1349840,"Action,Casual,Indie",0,0,0
899630,"Adventure,Casual,Indie,Simulation",18,7,11
1519620,Indie,0,0,0
1536720,"Casual,Indie,RPG",10,9,1
563760,"Casual,RPG",29,15,14
2060480,"Casual,Simulation",43,42,1
1468280,"Action,Casual,Indie",3,3,0
617230,"Casual,Indie",2,1,1
864610,"Action,Indie",34,26,8
1873270,Adventure,0,0,0
1988030,"Adventure,Indie",1,1,0
1148500,"Action,Casual,Indie",3,3,0
1574320,"Casual,Indie,Strategy",0,0,0
1484250,"Adventure,Indie,RPG",2,1,1
697970,"Action,Casual,Free to Play,Indie",0,0,0
1566370,"Casual,Indie",1,1,0
1283660,"Action,Casual,Indie",6,6,0
1621070,"Action,Adventure,Massively Multiplayer,Early Access",1448,1163,285
1113290,"Indie,Simulation,Strategy",0,0,0
1330170,Casual,9,8,1
581740,"Indie,Simulation,Strategy,Early Access",7,0,7
327140,Design & Illustration,402,372,30
1957270,"Casual,Indie,Simulation",0,0,0
895860,"Action,Adventure,Casual,Indie",2,2,0
475960,"Action,Adventure,Indie",26,22,4
348200,"Design & Illustration,Utilities,Web Publishing",362,327,35
1533780,"Adventure,Indie",2,2,0
944640,Strategy,11,7,4
467330,"Action,Indie,RPG",26,21,5
1205650,Indie,6,5,1
1823980,Casual,6,6,0
1012840,Adventure,870,678,192
15920,Casual,14,4,10
215100,"Free to Play,Massively Multiplayer,RPG",11,7,4
1425110,Strategy,6,3,3
1008250,"Audio Production,Utilities,Video Production",1,1,0
1454100,"Action,Free to Play,Indie",0,0,0
1028750,"Casual,Free to Play,Indie",0,0,0
733050,"Casual,Indie,Strategy",147,129,18
337670,"Action,Casual,Indie",29,26,3
699130,Action,1970,1670,300
1588120,Action,12,10,2
256190,Action,1136,660,476
995490,"Adventure,Indie,Early Access",5,5,0
1405970,Casual,2,2,0
353980,Adventure,33,23,10
449560,"Action,Casual,Indie",1,1,0
1732180,"Casual,Indie,RPG,Simulation,Strategy",551,528,23
1192410,"Action,Adventure,Casual",1,0,1
1562860,"Casual,Free to Play,Simulation",0,0,0
466920,"Adventure,RPG,Strategy",36,26,10
1452830,"Free to Play,Massively Multiplayer,Sports",0,0,0
326480,"Adventure,Casual,Simulation",1947,1793,154
630690,Casual,14,6,8
1538240,"Action,Indie",3,2,1
1217850,"Casual,Indie",0,0,0
514290,"Indie,Simulation,Strategy",74,33,41
857940,"Action,Casual,Indie",10,8,2
1533610,"Action,Adventure,Indie,Simulation",2,1,1
546170,"Casual,Indie",18,18,0
853020,"Violent,Gore,Action,Adventure,Indie",5,1,4
1138280,"Adventure,Indie",2,1,1
1429640,"Action,Adventure,RPG",80,51,29
941540,"Action,Adventure,Indie,RPG",16,15,1
34289,RPG,5,5,0
535480,"Action,Adventure,Indie",1818,1507,311
1840330,"Action,Casual,Indie,Early Access",1,1,0
1904650,"Simulation,Strategy",6,6,0
1101480,"Casual,Free to Play,Indie,Racing,Early Access",0,0,0
963830,"Casual,Indie,Simulation",1,1,0
1824080,"Action,Casual,Indie",78,77,1
752550,"Action,Indie",13,13,0
1509670,"Action,Adventure",5,4,1
991270,RPG,1369,1305,64
1713610,"Adventure,Casual,Free to Play,Indie",0,0,0
710070,"Adventure,Indie",22,18,4
1231590,"Adventure,Free to Play,Indie",0,0,0
356040,"Indie,RPG,Strategy",2239,1708,531
389400,Casual,20,15,5
978970,"Action,Free to Play,Simulation",0,0,0
1324360,"Adventure,Casual,Indie,Simulation",9,6,3
873390,"Action,Indie",22,21,1
810700,"Sexual Content,Violent,Casual,Indie",1,1,0
978990,"Audio Production,Design & Illustration,Utilities,Video Production",13,10,3
419500,"Action,Indie",8,6,2
1154790,Action,413,47,366
1781350,"Action,Adventure",11,10,1
1888660,"Casual,Indie,Strategy",21,21,0
1064340,"Free to Play,Strategy,Early Access",0,0,0
1105570,"Action,Indie",0,0,0
1254490,"Action,Adventure,Indie",1,0,1
588550,"Violent,Action,Adventure,Early Access",3,1,2
513370,"Action,Adventure,Indie,RPG",24,3,21
1236430,Adventure,13,8,5
1408680,"Action,Free to Play",0,0,0
496760,Adventure,89,79,10
1167900,"Casual,Indie,RPG",0,0,0
1456820,"Action,Indie",309,296,13
1819040,Indie,0,0,0
18300,"Casual,Indie",238,182,56
581730,"Violent,Gore,Action,Indie",26,18,8
1836360,Casual,1,0,1
1343110,"Action,Adventure,Indie,RPG,Early Access",3,2,1
1751610,"Action,Adventure,Indie",0,0,0
590660,"Simulation,Strategy,Early Access",5,3,2
581600,"Action,Adventure,Indie",18,10,8
1325270,"Adventure,Indie",47,37,10
254460,"Action,Adventure",594,556,38
290320,"Action,Adventure,Indie",21,18,3
299660,"Action,Casual,Indie",248,227,21
1171810,"Action,Indie",1,1,0
1495250,"Casual,Indie,Massively Multiplayer,Racing",0,0,0
685990,"Action,Adventure,Indie",29,7,22
598660,Utilities,30,17,13
1059000,"Indie,Simulation,Sports",0,0,0
1260160,"Casual,Strategy",2,0,2
2640,Action,665,582,83
1784950,"Action,Adventure,Indie",1,1,0
457230,Strategy,1,1,0
829280,"Action,Adventure,Casual,Indie",306,294,12
832430,Casual,0,0,0
667130,"Casual,Indie,Simulation",21,17,4
1916540,Indie,1,1,0
1063350,"Adventure,Casual,Indie",4,4,0
805020,"Adventure,Casual",2,2,0
43500,"Simulation,Strategy",74,25,49
448860,"Adventure,Indie",0,0,0
329970,"RPG,Strategy,Early Access",712,624,88
215080,"Action,Adventure,Casual,Free to Play,Indie,Massively Multiplayer,RPG,Strategy",53,32,21
446530,"Adventure,Casual,Free to Play,Indie",3,2,1
1334760,"Casual,Indie,Simulation",0,0,0
1410560,"Adventure,Indie",1,1,0
668780,"Adventure,Indie",6,6,0
384150,"Action,Casual,Indie",43,36,7
1586570,"Adventure,Casual,RPG",0,0,0
729940,"Adventure,Casual",3,3,0
1626110,"Adventure,Casual,Indie,Simulation,Strategy",3,3,0
326120,"Action,Indie",11,10,1
1909560,"Action,Indie",1,1,0
763770,"Casual,Indie",19,13,6
1564700,"Adventure,Casual",8,2,6
1712530,"Indie,Simulation,Strategy,Early Access",1,1,0
1412680,"Action,Indie",7,2,5
1447420,"Indie,RPG,Simulation,Strategy",5,4,1
568020,"Casual,RPG,Simulation",55,50,5
396660,"Adventure,Indie,RPG,Strategy",57,38,19
1103800,Action,45,40,5
1184370,"Adventure,Indie,RPG,Strategy",8998,7395,1603
576060,"Action,Adventure,Indie",7,3,4
1639730,"Sports,Early Access",14,14,0
1221990,"Action,Indie,RPG",21,14,7
1145770,"Action,Adventure,Free to Play,Indie",0,0,0
334840,"Action,Indie",6,6,0
1802820,"Indie,Strategy",2,1,1
521660,Strategy,0,0,0
895990,"Adventure,Casual,Indie,RPG",0,0,0
1013810,"Action,Adventure,Indie",0,0,0
1678280,"Casual,Indie",0,0,0
785620,"Casual,Indie,Simulation",0,0,0
1358140,"Casual,Indie,Simulation",673,573,100
1984400,Casual,0,0,0
459080,"Indie,RPG",310,204,106
360990,Indie,2,1,1
749110,"Action,Casual,Indie,RPG",5,3,2
1103630,"Action,Indie",6,1,5
527740,"Casual,Indie",37,30,7
1084840,"Action,Adventure,Casual,Indie,Early Access",5,5,0
982440,"Action,Casual",51,33,18
449060,"Adventure,Casual,Indie",81,69,12
955570,"Indie,Sports",0,0,0
238910,"Indie,RPG,Strategy",232,197,35
1070400,"Adventure,Indie",0,0,0
885890,"Action,Adventure,Indie,RPG",0,0,0
316020,"Action,Indie",16,12,4
1386990,"Action,Indie,Strategy,Early Access",14,10,4
387090,"Adventure,Indie,RPG,Simulation,Strategy",29,12,17
484350,"Action,Adventure,Indie,RPG",143,104,39
1487320,"Action,Free to Play,Indie",0,0,0
672030,"Action,Casual,Indie",3,2,1
1245820,"Adventure,Casual,Indie,RPG",9,8,1
1414700,"Adventure,Casual,Free to Play,Indie,Simulation",0,0,0
1965870,"Adventure,Casual,Indie,RPG",0,0,0
1333700,"Action,Simulation",34,30,4
717790,"Action,Adventure,Casual,Indie,Simulation,Early Access",321,219,102
740600,"Sexual Content,Nudity,Violent,Adventure,Casual,Indie,Simulation",65,35,30
585820,"Indie,Strategy",7,2,5
876960,"Casual,Indie,Strategy",1,0,1
428060,Indie,9,9,0
636620,"Action,Simulation,Strategy,Early Access",19,14,5
2077910,"Action,Adventure,Free to Play,Indie",0,0,0
418250,"Simulation,Strategy",200,126,74
1707030,"Action,Indie,Early Access",4,2,2
1543470,"Casual,Indie",4,3,1
913600,Casual,0,0,0
836640,Indie,10,9,1
1408780,Indie,0,0,0
1050430,"Casual,Indie",1,1,0
841470,"Action,Casual,Indie,Strategy",1,1,0
877280,"Utilities,Early Access",22,21,1
765640,"Casual,Indie",6,6,0
787170,"Casual,RPG,Early Access",4,4,0
1379270,"Adventure,Free to Play,RPG",0,0,0
1554850,"Adventure,Indie",0,0,0
1703120,"Action,Adventure,Casual,Indie,RPG",0,0,0
1891900,"Casual,Indie",0,0,0
1265920,"Action,Adventure",616,428,188
1593130,"Design & Illustration,Utilities,Game Development",1,0,1
874080,Indie,1,1,0
1448520,"Adventure,Free to Play,Indie,RPG,Strategy",0,0,0
349500,"Indie,RPG,Simulation",228,187,41
574710,"Violent,Gore,Indie",3,1,2
1121710,"Action,Adventure,Indie,Massively Multiplayer",55,37,18
1415500,"Casual,Indie",3,1,2
936490,"Action,Indie,Simulation,Strategy",186,77,109
499110,"Adventure,Casual",24,23,1
228440,"Indie,Strategy",87,57,30
1355570,"Action,Indie,RPG,Early Access",9,8,1
1734960,"Action,Indie",1,1,0
740330,"Action,Indie",2,2,0
1160950,"Adventure,Indie,RPG,Simulation",51,21,30
1270420,"Action,Adventure,Indie,RPG,Simulation,Strategy,Early Access",0,0,0
1016260,"Action,Free to Play,Indie",0,0,0
1436800,Casual,0,0,0
1328410,"Casual,Indie,Strategy",10,9,1
1427620,"Action,Adventure,Indie,RPG",20,18,2
358400,Action,3,2,1
1400200,"Adventure,Casual",10,7,3
1990880,"Action,Simulation,Strategy",6,5,1
676990,"Action,Adventure",3,0,3
1589480,"Casual,Indie,Simulation,Sports",0,0,0
232910,"Racing,Sports",1858,1541,317
543140,"Casual,Indie,Simulation",21,13,8
1543650,"Casual,Indie,Racing,Strategy",0,0,0
1349230,Indie,3856,3747,109
541920,"Action,Adventure,Indie",17,6,11
628450,"Casual,Indie",5,4,1
926010,"Action,Indie,Early Access",23,10,13
1065350,"Action,Casual,Free to Play,Indie",0,0,0
822540,Action,80,61,19
917550,"Casual,Indie,Strategy",2,2,0
645460,"Action,Casual,Indie,Massively Multiplayer,Simulation,Strategy",29,21,8
690060,"Free to Play,Indie",0,0,0
354690,"Adventure,Casual,Indie",5,1,4
1096720,"Casual,Indie,RPG",290,236,54
1684860,"Casual,Indie,Simulation",9,3,6
1241140,"Action,Adventure,Indie",4,2,2
1394210,"Action,Strategy",1,1,0
1496620,Casual,3,3,0
1951060,"Simulation,Early Access",0,0,0
778390,Adventure,182,157,25
353630,"Indie,Simulation,Strategy",48,18,30
1260720,"Adventure,RPG,Strategy",1,0,1
786390,Adventure,12,10,2
958480,"Action,Casual,Indie",326,244,82
1150790,"Casual,Indie",6,5,1
672710,"Simulation,Strategy",27,15,12
1193600,Indie,0,0,0
672920,"Adventure,Indie,RPG",5,5,0
1215710,"Adventure,Casual",10,5,5
626250,"Action,Adventure,Indie,RPG,Simulation,Early Access",19,11,8
319630,"Action,Adventure",49808,47978,1830
979800,"Indie,Strategy,Early Access",24,15,9
1102100,"Indie,Simulation,Strategy",92,73,19
496250,"Indie,Sports,Early Access",154,132,22
1283790,"Action,Indie,Simulation",1,0,1
20900,"Action,RPG",20019,17069,2950
1527510,"Casual,Indie",47,47,0
382920,"Action,Indie",27,17,10
45700,"Action,Adventure",794,705,89
1663940,Casual,3,2,1
782510,"Indie,Simulation,Sports",10,4,6
351330,"Adventure,Indie,RPG,Strategy",22,16,6
886330,"Casual,Indie,Simulation,Strategy",2,1,1
343140,"Adventure,Racing",11,7,4
1890340,"Adventure,Casual,Free to Play,Indie,Simulation",3,3,0
1556860,"Action,Adventure,Indie,RPG",0,0,0
1571460,"Action,Adventure",6,5,1
877940,"Action,Casual,Indie,Sports",10,9,1
665240,"Action,Adventure,Indie,RPG",5,4,1
1419680,"Action,Adventure,Casual,Indie",4,4,0
589460,"Violent,Action,Casual,Free to Play,Indie",0,0,0
306670,"Action,Adventure",292,59,233
1761660,"Action,Casual,Indie,Simulation",2,2,0
720470,"Adventure,Casual,Indie,Simulation",14,2,12
794630,"Casual,Indie,Strategy",0,0,0
1527670,"Action,Adventure,Free to Play,Indie",0,0,0
677700,"Action,Indie",4,4,0
488590,"Action,Adventure,Early Access",24,21,3
926100,"Adventure,Casual",5,5,0
1402460,"Action,Casual,Free to Play,Indie,Massively Multiplayer",0,0,0
307960,"Action,Simulation",3293,2718,575
424280,"Action,Free to Play,Indie",106,103,3
315930,"Indie,RPG,Strategy",15,9,6
405310,"Action,Adventure",1336,1109,227
664210,"Casual,Indie",1,1,0
1058630,"Casual,Indie",2,1,1
1017750,"Action,Indie",2,1,1
771340,"Adventure,Indie",6,6,0
1034140,"Action,Adventure,Casual,RPG,Strategy,Early Access",3912,3221,691
362290,"Adventure,Indie,Simulation,Strategy",20,13,7
995060,Casual,1,1,0
1417590,"Action,Adventure,Indie",1,1,0
691910,"Indie,Strategy,Early Access",3,3,0
996170,"Action,Adventure,Indie",0,0,0
1549140,"Action,Casual,Indie",0,0,0
1751100,Action,15,13,2
251510,"Action,Casual,Indie",13,12,1
2064370,"Action,Indie,Strategy",5,5,0
1441880,"Action,Adventure,Massively Multiplayer,RPG,Simulation",0,0,0
1915160,"Action,Adventure,Indie,RPG",0,0,0
621930,"Indie,Strategy",163,139,24
1152360,"Casual,Indie",4,3,1
865360,"Adventure,Casual,Indie",3046,2657,389
1067040,"Casual,Indie",1,0,1
1346770,Adventure,0,0,0
922090,"Casual,Indie",2,2,0
1328810,"Casual,Indie",15,12,3
514390,"Action,Free to Play,Indie",2,1,1
917770,"Adventure,Indie,Simulation",1,1,0
1229900,"Casual,Indie,RPG,Strategy",188,165,23
544420,"Utilities,Video Production",0,0,0
1828320,"Casual,Free to Play,Indie,Simulation",0,0,0
741500,"Action,Indie,Simulation",46,22,24
257610,Design & Illustration,39,25,14
451880,"Casual,Indie",108,81,27
1343620,"Action,Early Access",107,73,34
650740,"Action,Indie,Massively Multiplayer,Simulation,Early Access",0,0,0
1606680,"Action,Adventure,Casual,Indie",0,0,0
820540,"Action,Indie",50,47,3
1780340,Indie,3,3,0
1508450,"Adventure,Casual,Indie",5,3,2
662540,"Indie,RPG,Strategy",99,82,17
1930070,Casual,1,0,1
813820,"Action,Free to Play,Early Access",16,14,2
330880,"Action,Adventure,Casual,Massively Multiplayer,RPG,Early Access",8,3,5
1432650,Adventure,46,43,3
419020,"Action,Indie",19,13,6
581670,"Action,Adventure,Casual,Indie",6,5,1
1129350,"RPG,Strategy",7,6,1
1631100,"Action,Adventure",0,0,0
201000,"Strategy,RPG,Indie",22,22,0
431570,"Utilities,Early Access",5,1,4
212110,"Action,Indie",42,33,9
1796750,"Action,Strategy",1,1,0
395960,RPG,6,3,3
1653360,"Action,Casual,Free to Play,Indie",0,0,0
718330,"Casual,Indie",80,73,7
1399690,"Adventure,Indie,RPG",24,8,16
1726970,"Action,Strategy",1,1,0
1330140,Indie,2,1,1
1484340,"Action,Free to Play",0,0,0
1373560,"Action,Simulation",2,1,1
1727220,"Adventure,Indie",11,11,0
1043390,"Casual,Indie,Simulation",579,492,87
980490,"Action,Casual,Indie,Strategy",10,9,1
738290,"Casual,Indie,Simulation",1,1,0
428760,"Action,Casual,Indie",7,4,3
790860,"Casual,Indie",17,15,2
1934350,"Adventure,Indie,Sports,Early Access",0,0,0
596050,"Casual,Indie",0,0,0
1318790,"Action,Adventure,Indie,RPG",0,0,0
452180,"Action,Indie",2,1,1
391650,"Action,Adventure,Indie",3,2,1
1066730,Casual,1,0,1
1351500,"Adventure,Casual,Indie,RPG,Simulation,Strategy",48,32,16
572160,"Casual,Indie,Simulation,Sports,Early Access",57,46,11
725370,"Casual,Indie,Strategy",35,18,17
711810,"Action,Adventure,Free to Play,Indie,RPG,Simulation",1,1,0
570780,RPG,86,66,20
1256380,"Action,Adventure,Indie",0,0,0
1033410,"Action,Adventure,Casual,Free to Play,Indie,Early Access",73,60,13
843520,"Action,Casual,Indie,Massively Multiplayer,Strategy",17,13,4
986010,"Casual,Indie",0,0,0
1378080,"Action,Adventure,Casual,Indie,Simulation",93,55,38
1598130,Casual,0,0,0
1248800,"Indie,RPG,Simulation,Strategy,Early Access",18,13,5
523110,"Audio Production,Video Production",67,32,35
279140,"Indie,Simulation,Strategy",265,204,61
1045340,"Casual,Indie,Sports",74,62,12
1680560,"Action,Adventure,Casual,Free to Play",0,0,0
1420540,Casual,148,146,2
491100,"Action,Casual,Indie,Simulation",1,1,0
47810,RPG,13056,11803,1253
775200,"Violent,Gore,Action,Indie",1,1,0
970980,"Action,Adventure,Indie",0,0,0
315320,"Action,Adventure,Casual,Indie,RPG",36,13,23
1893880,"Adventure,Indie",11,11,0
1159510,"Casual,Indie,Racing,Simulation,Sports",23,18,5
1073210,"Indie,Simulation,Strategy",15,8,7
259980,"Casual,Indie",73,64,9
680100,"Action,Casual,RPG,Strategy",2,1,1
670090,"Adventure,Indie",1,1,0
1708800,Action,6,4,2
1512750,"Action,Adventure,Casual,Indie,Strategy",0,0,0
1248240,"Action,Casual,Indie",0,0,0
722670,"Indie,Simulation,Strategy,Early Access",11,9,2
1468950,"Action,Adventure,Casual,Indie,Racing,RPG,Simulation,Strategy",1,1,0
763860,Education,0,0,0
907410,"Action,Indie,Simulation",6,5,1
1842910,"Action,Casual,Indie,Sports",1,1,0
866430,"Action,Indie,Early Access",0,0,0
1906140,"Casual,Indie",15,14,1
458060,Casual,21,5,16
847530,"Action,Casual,Indie,Sports",36,34,2
1010150,"Casual,Indie,Racing",4,2,2
785860,"Adventure,Casual,Indie,RPG",33,14,19
513260,"Adventure,Casual",1,1,0
1766400,"Casual,RPG",1,1,0
976870,"Casual,Indie",4,4,0
1400260,"RPG,Early Access",13,12,1
1400000,"Casual,Indie,Strategy",5,3,2
1109820,"Action,Adventure,Casual,Indie,Simulation",15,14,1
591130,"Violent,Gore,Action,Indie",4,2,2
1539980,Casual,0,0,0
936070,"Action,Adventure,Indie",3,3,0
1305390,Action,3,3,0
1182110,"Casual,Indie,Simulation",2084,1974,110
1033360,Action,1,1,0
694870,"Action,Indie,Early Access",21,19,2
1136820,"Action,Casual",2,2,0
603840,"Action,Adventure,Indie",3,3,0
1653860,"Action,Casual,Indie,Strategy",1,1,0
1632930,"Action,Indie,RPG",3,3,0
887960,"Adventure,Casual",17,9,8
1270380,"Action,Adventure,Casual,Indie",13,9,4
587620,Adventure,3066,2894,172
724740,"Casual,Indie,Strategy",261,186,75
793480,"Casual,Indie",0,0,0
1054800,"Casual,Indie,Strategy",23,18,5
767020,"Simulation,Sports",3,2,1
1384290,"Action,Adventure,Free to Play",0,0,0
654250,"Adventure,Indie,RPG",16,10,6
1448800,"Action,Indie",25,25,0
1873550,"Casual,Free to Play,Indie,Simulation,Strategy",0,0,0
503240,"Action,Adventure,Indie,Massively Multiplayer,RPG,Early Access",39,17,22
712180,"Action,Indie",31,24,7
367820,"RPG,Early Access",9,6,3
861650,"Indie,Simulation,Sports,Strategy,Early Access",5438,4624,814
1488000,"Action,Adventure,Casual,Strategy,Early Access",1,1,0
527730,"Simulation,Strategy",8,4,4
1465370,Casual,3,3,0
1964300,"Action,Casual,Sports,Early Access",0,0,0
1082780,"Action,Adventure,Indie,RPG,Strategy",0,0,0
608000,Education,0,0,0
504850,"Action,Indie",7,5,2
1264630,"Action,Adventure,Indie,Simulation,Strategy",1,0,1
1901490,"Action,Indie",0,0,0
671670,Casual,11,6,5
1903310,"Action,Indie",1,1,0
42120,Action,533,377,156
1003480,Action,78,65,13
1953870,Adventure,0,0,0
1241030,"Action,Sports,Early Access",3,2,1
506900,"Adventure,Indie",316,225,91
1710870,"Indie,Racing",5,5,0
982840,"Action,Indie",2,2,0
1232730,"Adventure,Casual,Indie,RPG",2,1,1
1169070,"Action,Adventure,Indie",4,1,3
1824220,Action,6292,5261,1031
434960,"Casual,Indie,Strategy",1,0,1
1103810,"Casual,Indie",9,5,4
618630,"Action,Indie,Racing",4,3,1
753930,"Adventure,Indie",439,302,137
1709210,"Adventure,Casual",6,6,0
800350,"Casual,Indie,Strategy",4,4,0
399120,Action,760,486,274
1939040,Adventure,1,1,0
856080,Adventure,7,4,3
747690,"Action,Adventure,Indie,Simulation",63,54,9
1941660,"Casual,Indie,Strategy",3,1,2
991760,"Action,Casual,Indie,Simulation,Sports",0,0,0
1442190,Action,1,1,0
1505980,"Adventure,Casual,Indie",7,5,2
401090,"Animation & Modeling,Design & Illustration,Game Development",86,62,24
1154300,"Action,Adventure,Indie",17,16,1
686300,"Action,Casual,Indie",1,1,0
613670,"Casual,Simulation,Strategy",2,1,1
913130,"Casual,Indie",3,3,0
1992730,"Action,RPG",0,0,0
872720,"Action,Indie,RPG,Simulation",10,6,4
1453600,"Adventure,Casual,Free to Play,Indie",0,0,0
1638680,"Action,Adventure,Casual,Indie",1,0,1
335660,"Adventure,Casual,Indie",39,27,12
1086640,"Action,Adventure,Indie,Racing,Simulation",532,345,187
12220,Action,3028,2087,941
860480,"Adventure,Casual,Indie,RPG",4,2,2
1753160,Indie,1,1,0
810580,"RPG,Early Access",2,2,0
598780,"Action,Early Access",137,99,38
1721980,"Adventure,Casual,Indie",0,0,0
612720,"Indie,RPG,Simulation,Strategy,Early Access",453,368,85
1044070,"Casual,Indie,Strategy",0,0,0
482990,"Adventure,Casual,Indie",61,57,4
566160,"Casual,Indie",525,487,38
908790,"Action,Indie",36,27,9
488823,Action,2,2,0
1193160,"Action,Indie",1,0,1
1403750,"Adventure,Casual,Free to Play,Massively Multiplayer,RPG,Simulation,Strategy",0,0,0
1400480,"Casual,Indie",0,0,0
573410,"Indie,Simulation,Strategy",801,724,77
6910,Action,7835,7485,350
493220,"Indie,Simulation,Strategy",40,29,11
1336430,Action,39,33,6
1801630,"Action,Adventure,Casual,Free to Play,Indie",0,0,0
1488100,"Casual,Indie,Simulation,Early Access",54,51,3
1013410,"Action,Adventure,Indie,RPG,Early Access",10,3,7
619670,"Action,Indie,RPG,Early Access",0,0,0
486360,"Action,Indie",9,8,1
1217380,"Casual,Sports,Strategy",22,14,8
566090,RPG,454,307,147
815620,"Action,Indie,Racing",1,0,1
1369470,"Casual,Free to Play,Indie,Simulation,Strategy",0,0,0
1934740,"Action,Free to Play,Indie",0,0,0
1503130,"Action,Casual,Indie",2,1,1
1473940,"Action,Free to Play,Indie",0,0,0
1624570,"Adventure,Casual",6,5,1
693810,"Action,Adventure,Free to Play,Indie,Simulation,Strategy",0,0,0
1365540,"Casual,Indie,Early Access",1,1,0
322850,"Simulation,Sports",92,47,45
1452080,"Action,Adventure,Casual,Indie,Simulation,Strategy",9,4,5
910380,"Action,Adventure,Indie,Early Access",3,3,0
989450,"Action,Adventure,Indie,RPG",3,2,1
399780,"Adventure,Indie",81,78,3
1153470,"Indie,RPG,Strategy,Early Access",4,3,1
1527520,"Casual,Indie,Simulation",41,41,0
295870,"Action,Indie,RPG",51,34,17
1818150,"Adventure,Casual,Indie",9,9,0
1235440,"Adventure,Simulation,Early Access",0,0,0
748430,"Action,Indie,Sports",3,2,1
1701990,"Indie,Simulation,Strategy",0,0,0
1328350,"Action,Indie,Early Access",727,697,30
1354580,"Action,Simulation,Early Access",4,4,0
739220,"Adventure,Indie,RPG",20,15,5
1195570,"Action,Adventure,Indie,RPG,Simulation,Early Access",2,2,0
740780,"Action,Casual",7,6,1
680030,"Action,Indie",21,19,2
552400,"Casual,Indie",14,13,1
929450,"Action,Indie,Early Access",0,0,0
737810,"Casual,Indie",4,0,4
653530,"Adventure,Indie",10151,9810,341
525950,Sports,12,10,2
868000,"Casual,Indie",3,0,3
1082680,"Action,Adventure,Indie,RPG,Simulation",570,231,339
1726870,"Adventure,Indie",45,38,7
1782750,"RPG,Design & Illustration,Utilities",3,3,0
782410,"Simulation,Strategy",3,0,3
1127620,"Free to Play,Indie",0,0,0
1731040,"Casual,Indie,RPG,Simulation,Strategy",0,0,0
1308240,"Indie,RPG",10,8,2
550340,"Action,Indie",161,139,22
759440,"Adventure,Indie,RPG,Strategy",161,142,19
1009230,"Action,Casual,Indie",1,0,1
1276720,"Action,Indie,Early Access",6,3,3
732510,"Indie,RPG,Early Access",5,3,2
308580,"Action,Indie,Racing",10,8,2
543350,Indie,13,8,5
672940,"Indie,Strategy",5,0,5
444740,"Action,Indie,Racing",3,1,2
1057980,"Adventure,Indie,RPG",16,16,0
1719680,"Adventure,Indie",2,2,0
1371710,Action,4,4,0
582260,Racing,53,29,24
1084220,"Action,Adventure,Indie",48,47,1
1924700,"RPG,Simulation",0,0,0
818320,"Action,Adventure",357,302,55
1767930,"Adventure,Casual,Indie,Simulation",17,17,0
3510,Casual,51,42,9
1465380,Early Access,20,17,3
1989200,"Action,Adventure,Casual,Indie,Simulation,Strategy,Early Access",17,11,6
1391740,Indie,25,21,4
10110,Adventure,198,169,29
1275590,"Action,Free to Play,Indie,Simulation",0,0,0
674910,"Action,Indie",4,3,1
356090,"Adventure,Indie",16,15,1
527940,"Adventure,Casual",5,5,0
803110,"Action,Indie",4,1,3
1005530,"Indie,Simulation,Sports,Strategy",10,3,7
736200,"Action,Adventure,Indie",9,8,1
1926660,"Adventure,Indie,RPG",2,2,0
302310,"Adventure,Casual,Indie,RPG,Strategy",23,17,6
502440,"Action,Simulation",7,3,4
1095070,"Adventure,Indie",3,0,3
511800,"Action,Free to Play,Indie,Massively Multiplayer,Strategy",4,4,0
263500,"Action,Adventure,Free to Play,Indie,RPG",10,8,2
511190,"Action,Indie",13,9,4
1990060,"Adventure,Early Access",3,1,2
395620,"Action,Adventure,Indie,RPG",193,166,27
211206,Action,5,5,0
1956410,"Free to Play,Indie",0,0,0
1395230,"Adventure,Free to Play,Indie",0,0,0
1073720,Utilities,4,4,0
1550340,"Action,Adventure,Casual,Indie",0,0,0
1686390,"Adventure,Indie,RPG,Strategy,Early Access",0,0,0
1263220,"Action,Adventure,Casual,Indie,Racing,Simulation,Strategy",0,0,0
1166320,"Casual,Indie,Strategy",4,4,0
762480,"Casual,Simulation",0,0,0
471330,"Action,Indie",184,147,37
328900,Simulation,58,49,9
1679180,"Adventure,Indie,Early Access",0,0,0
1023740,"Action,Casual,Indie",119,102,17
230650,"Indie,Simulation,Sports,Strategy",133,55,78
345640,"Adventure,RPG",31,18,13
1641660,"Action,Adventure,RPG,Sports",7,6,1
449210,"Action,Casual,Indie",263,233,30
1031380,"Action,Simulation,Strategy",0,0,0
577410,"Action,Indie",187,123,64
383240,"Adventure,Casual,Indie",3,1,2
1448110,Indie,0,0,0
1470920,Indie,43,38,5
1809570,Indie,2,0,2
322440,"Action,Adventure,Indie",18,5,13
789260,"Nudity,Casual,Indie",53,41,12
430190,Indie,2,2,0
754520,"Casual,Indie",22,19,3
1315980,"Indie,Simulation,Strategy",439,381,58
1164390,"Casual,Free to Play,Indie",0,0,0
1194380,"Action,Casual,Sports",1,1,0
1599110,"Action,Adventure,Casual,Indie,Early Access",1,1,0
563840,"Action,Adventure,Indie",1640,1439,201
1037120,"Adventure,Casual,Indie",50,45,5
1043580,Indie,2,2,0
547590,Simulation,226,194,32
1153320,"Action,Indie",0,0,0
578010,"Indie,Simulation,Sports,Strategy",9,3,6
956210,"Casual,Indie,Strategy",8,7,1
544790,"Adventure,Casual,Indie,Simulation,Strategy",54,34,20
1430310,"Action,Free to Play",0,0,0
292160,Strategy,86,64,22
1882780,"Action,Casual,Indie",0,0,0
382120,"Adventure,Casual,Free to Play,Indie",2,2,0
1287510,"Casual,Indie",16,14,2
439550,"Adventure,Casual,Indie",37,15,22
1491200,"Indie,RPG,Early Access",29,26,3
533920,"Action,Simulation",3,0,3
944740,"Action,Adventure,Indie,RPG",2,0,2
773170,Casual,6,3,3
1508640,"Casual,Free to Play,Indie",0,0,0
335620,"RPG,Strategy",2619,2237,382
1987630,"Action,Adventure,Indie",0,0,0
1823100,"Action,Adventure,Indie",2,2,0
512750,"Action,Adventure,Racing,Early Access",11,11,0
1200450,"Action,Adventure,Casual,Indie",0,0,0
1829910,Casual,3,3,0
1001660,"Action,Adventure,Casual,RPG",3,3,0
1743110,"Action,Adventure,Casual,RPG",1,1,0
1552270,"Casual,Indie",0,0,0
1359840,"Action,Adventure,Casual,Indie",2,0,2
631540,"Indie,Simulation,Strategy",68,24,44
613830,RPG,3514,3043,471
1830720,Adventure,46,43,3
1920940,"Casual,Indie",10,9,1
829420,"Casual,Free to Play,Indie,Simulation,Strategy",0,0,0
1051170,"Action,Adventure,Casual,Free to Play,Indie,RPG,Simulation,Sports,Strategy",4,3,1
1227900,"Action,Casual,Indie",2,2,0
1342480,"Action,Adventure",13,8,5
895930,Casual,2,2,0
1903600,"Adventure,Casual,Indie",7,4,3
1291720,"Action,Casual",1,1,0
1452110,Strategy,5,1,4
1913960,"Adventure,Free to Play,Indie",0,0,0
919160,"Adventure,Indie,Strategy",19,13,6
1285130,"Casual,Indie,Early Access",0,0,0
579130,"Action,Indie,Simulation",8,4,4
810660,"Adventure,Indie",121,111,10
521390,Action,2,1,1
833990,"Adventure,Indie",32,30,2
410000,"Indie,Racing,Sports,Strategy,Early Access",11,10,1
1004780,"Adventure,Indie,RPG,Simulation,Early Access",2,1,1
1533050,Indie,68,62,6
1599590,Action,7,7,0
553830,"Indie,Strategy",4,2,2
1237170,"Action,Indie,RPG",0,0,0
1863610,"Casual,Indie",2,1,1
1782190,"Action,Adventure,RPG,Early Access",0,0,0
939000,"Action,Casual,Indie",202,155,47
1352050,"Casual,Indie",1,1,0
1414640,"Action,Adventure,RPG,Simulation,Sports",0,0,0
1399460,"Casual,Indie",1,0,1
1570750,"Casual,Indie,Strategy",46,45,1
1955650,"Adventure,Casual,Simulation",5,2,3
36000,"Action,Indie",160,92,68
1250650,Simulation,497,353,144
609320,"Action,Adventure,Indie",4773,4460,313
742490,"Casual,Indie,Strategy",117,104,13
385980,"Action,Adventure,Casual,Indie",6,2,4
1201330,"Simulation,Strategy",0,0,0
1655140,"Adventure,Casual,Free to Play,Indie",0,0,0
1453790,"Action,Adventure,Indie,RPG",27,18,9
396230,"Indie,RPG",149,119,30
1831870,"Adventure,Indie",13,10,3
859660,"Action,Indie,Racing,Sports",2,2,0
1373290,"Adventure,Casual,Strategy",9,5,4
1819300,"Action,Free to Play",0,0,0
1146630,"Action,Casual,Indie,RPG",563,525,38
1734270,"Adventure,Indie,RPG",8,5,3
1947660,"Adventure,Casual,Indie,Strategy",17,12,5
463430,"Action,Indie",6,3,3
788380,"Casual,Indie",27,21,6
330820,"Adventure,Indie",490,418,72
533060,"Adventure,Casual",9,8,1
472720,"Action,Casual,Indie,Early Access",4,3,1
666090,"Casual,Indie,RPG,Simulation,Strategy",3,2,1
469710,"Indie,Strategy",22,17,5
734570,"Casual,Indie,Simulation",24,10,14
941480,"Action,Adventure,Indie",165,139,26
1244140,"Free to Play,Simulation,Early Access",0,0,0
1837820,"Adventure,Indie",9,8,1
650070,"Action,Adventure",24,16,8
1472810,"Adventure,Indie",1,1,0
552340,"Action,Indie",0,0,0
1500980,"Action,Adventure,Casual",6,4,2
1370220,Strategy,1,0,1
984820,"Action,Casual,Indie,Simulation",3,0,3
1672170,"Casual,Massively Multiplayer,RPG,Simulation,Sports",7,3,4
1675020,"Action,Adventure,Indie",11,9,2
365460,Racing,2,0,2
1881350,"Action,Adventure,Casual,Free to Play",0,0,0
1382670,"Adventure,Casual,Indie,Simulation",1,0,1
515010,"Action,Indie,Early Access",10,10,0
1358610,"Indie,Simulation",18,11,7
1086900,"Action,Casual,Indie",2,2,0
33660,"Casual,Indie",20,11,9
1436570,Casual,3,2,1
1471920,"Animation & Modeling,Design & Illustration,Utilities",3,2,1
606880,RPG,8204,6384,1820
718730,"Violent,Action,Casual,Indie",27,26,1
1331210,"Action,Adventure,Indie,RPG,Strategy",236,213,23
951310,"Adventure,Early Access",1,1,0
105700,"Action,Adventure,Indie",46,33,13
556520,"Action,Adventure,Indie,RPG,Simulation,Early Access",11,7,4
1822300,Casual,0,0,0
511570,"Action,Indie",43,39,4
1278860,"Adventure,Indie,RPG,Early Access",2,1,1
866520,"Action,Adventure,Casual",10,6,4
778650,"Action,Casual,Indie",6,6,0
681060,"Action,Casual,Early Access",26,22,4
1570020,"Action,Adventure,RPG",34,25,9
407020,"Adventure,Casual,Indie",88,69,19
1231750,"Casual,Sports,Strategy",5,3,2
1641450,"Action,Indie",5,5,0
1979390,Strategy,1,0,1
884980,"Adventure,Casual,Indie,Simulation",27,27,0
1414530,Casual,14,14,0
1967340,"Action,Adventure,Indie",3,0,3
412230,"Action,Adventure,Casual,Indie",4,2,2
1347360,"Free to Play,Indie,RPG",0,0,0
846700,"Adventure,Casual",24,21,3
1725730,"Action,Casual,Free to Play,Indie,Simulation,Game Development",0,0,0
1799080,"Indie,Simulation",0,0,0
395550,"Action,Adventure,Indie",8,7,1
746910,"Casual,Free to Play,Indie,Simulation,Strategy",0,0,0
1151080,"Free to Play,Indie,RPG,Strategy",1,1,0
1126450,Indie,0,0,0
1404150,"Action,Indie",21,13,8
236870,Action,11050,8968,2082
2018560,"Action,Adventure",0,0,0
398210,"Adventure,Indie",18,1,17
930940,Indie,2,1,1
800910,"Action,Adventure,Indie",2,2,0
1029020,"Action,Casual,Indie,Strategy",1,1,0
546990,"Adventure,Indie,RPG",15,7,8
1007050,"Adventure,Casual,Indie",25,24,1
1899800,"Adventure,Indie",0,0,0
329050,Action,2859,2559,300
1106720,"Action,Adventure,Free to Play,Indie",0,0,0
817230,"Action,Indie",109,99,10
1109880,"Action,Indie,RPG",1,0,1
1072210,"Action,Adventure,Casual,Free to Play,Indie",0,0,0
1354240,"Indie,RPG",4,1,3
719220,Action,1,1,0
1612480,"Casual,Indie",105,74,31
1126220,"Indie,Simulation,Early Access",9,5,4
417910,"Action,Massively Multiplayer,Simulation,Sports",86,48,38
454100,"Action,Adventure,Indie",142,103,39
576770,"Adventure,Casual,Indie,RPG,Strategy,Early Access",849,773,76
313360,"Adventure,Casual",36,26,10
1877980,"Action,Adventure,Casual,Indie,RPG",0,0,0
1261520,"Action,Adventure",71,51,20
655030,"Action,Casual,Indie",6,6,0
435400,"Adventure,Casual,Indie",2619,2534,85
333870,Indie,48,37,11
1182260,"Casual,Indie,RPG",0,0,0
553760,RPG,105,99,6
887750,"Casual,Indie",1,1,0
713840,"Indie,Strategy",8,4,4
555730,"Action,Casual,Indie,Sports,Early Access",10,8,2
288040,"Adventure,Indie",367,276,91
1738740,"Free to Play,Massively Multiplayer,RPG,Simulation,Strategy",0,0,0
41070,"Action,Indie",5177,4488,689
1787910,"Adventure,Indie,Simulation",0,0,0
773330,"Action,Adventure,Casual,Indie",15,8,7
1087700,Action,23,19,4
1105600,"Adventure,Casual,Indie",1,1,0
795040,Indie,70,63,7
1019560,"Audio Production,Photo Editing,Utilities,Video Production",2,2,0
1421250,"Adventure,Indie,Early Access",324,313,11
327450,"Adventure,Casual,Indie",41,40,1
709670,"Indie,RPG,Strategy",23,21,2
1567080,"Casual,Indie",130,115,15
2340,Action,112,54,58
3350,Casual,115,102,13
589850,"Adventure,Casual,Indie",5,5,0
1868820,"Adventure,Casual,Free to Play,Indie",4,4,0
1502410,"Casual,Indie",5,4,1
392820,"Adventure,Indie",31,16,15
1972920,"Casual,Indie,RPG,Simulation",3,2,1
1700250,"Casual,Indie,Strategy",1,0,1
1126420,"Action,Indie",107,97,10
1237880,"Adventure,Indie",5,3,2
1267810,"Action,Indie",98,90,8
317510,"Action,Casual",419,350,69
1245980,"Action,Adventure,Indie,RPG",4,3,1
1673450,"Action,Adventure,Casual,Indie",0,0,0
1232590,"Adventure,Indie,RPG,Strategy,Early Access",46,40,6
1199640,"Casual,Free to Play,Massively Multiplayer,Strategy,Early Access",0,0,0
369230,Action,34,22,12
259600,"Adventure,Indie",207,168,39
1907980,"Casual,Free to Play,Indie",0,0,0
94000,"Indie,Casual",380,198,182
292420,"Action,Simulation",70,32,38
389220,"Action,Casual,Indie,Simulation",214,139,75
803800,"Action,Casual,Indie,Massively Multiplayer,Strategy",7,3,4
1077680,"Action,Casual,Indie",1,1,0
1584420,"Action,Casual,Simulation",10,10,0
1420830,"Casual,Indie",96,87,9
1841640,"Adventure,Simulation",23,23,0
542240,"Nudity,Violent,Action,Indie,Early Access",7,6,1
1604400,"Casual,Free to Play,Indie",0,0,0
922810,"Action,Adventure,Indie",6,4,2
925950,"Action,Adventure,Indie",506,467,39
498550,"Indie,RPG,Strategy",11,4,7
1475570,"Massively Multiplayer,RPG",265,170,95
1465890,"Action,Adventure,Indie,RPG,Strategy,Early Access",16,10,6
894890,"Action,Adventure,Indie",0,0,0
694760,"Action,Indie,Early Access",7,7,0
1205260,"Adventure,Casual,RPG,Simulation,Strategy",43,39,4
393460,"Action,Indie,Sports",11,4,7
1007880,"Adventure,Indie",2,2,0
971180,"Action,Indie,Early Access",0,0,0
1091220,"Animation & Modeling,Audio Production,Design & Illustration,Education,Utilities",1,1,0
710310,"Casual,Indie,Sports",1,1,0
427470,"Indie,Simulation,Strategy",272,205,67
418260,"Action,Racing,Sports",10,6,4
1607100,"Adventure,Free to Play,RPG",0,0,0
1917840,"Adventure,Casual,Indie",5,3,2
1197220,"Action,Adventure,Indie,Massively Multiplayer",90,62,28
1257670,"Action,Adventure,Casual,Indie,RPG",4,4,0
1815310,"Action,Adventure,Indie,RPG",3,2,1
1920400,"Casual,Indie",11,10,1
519890,"Action,Casual,Indie",2,1,1
1265660,"Action,Indie,Simulation,Sports",1,1,0
1377680,"Action,Indie",3,3,0
1582900,Indie,0,0,0
1386650,"Action,Adventure,Indie,Early Access",31,14,17
881560,"Adventure,Casual,Simulation",297,246,51
696990,"Adventure,Casual,Free to Play,Indie",0,0,0
1416710,"Indie,Strategy",7,0,7
496750,"Indie,Simulation",53,21,32
598240,"Action,Casual,Indie,Simulation,Strategy,Early Access",27,13,14
1392540,"Adventure,Indie,RPG,Strategy,Early Access",0,0,0
604640,"Action,Casual,Indie",2,1,1
1572810,"Action,Adventure,Casual,Indie,RPG,Simulation",15,15,0
756680,"Action,Casual,Racing,Sports",3,3,0
1515870,"Casual,Indie",8,4,4
1748610,"Adventure,Indie",172,166,6
1333980,"Casual,RPG,Simulation,Sports",2,2,0
1805240,Action,4,1,3
944110,"Casual,Free to Play,Indie,Simulation",0,0,0
1137900,Casual,0,0,0
31930,Adventure,129,97,32
503390,"Action,Adventure,Early Access",14,7,7
1361120,Action,4,4,0
1752890,"Action,Indie,Massively Multiplayer,Simulation",0,0,0
1021060,"Casual,Indie",2,2,0
1226480,"Action,Casual,Indie,RPG,Simulation",0,0,0
341530,"Action,Indie",35,32,3
941200,"Action,Adventure,Indie",1,0,1
1046820,Indie,576,543,33
1163290,"Action,Casual,Indie",9,6,3
1780900,"Action,Casual,Indie,Simulation",1,1,0
970830,"Action,Adventure,Indie,RPG,Strategy",1571,1325,246
1112120,"Action,Adventure,Casual,Indie,RPG,Strategy",2,0,2
1523260,"Adventure,Indie,RPG,Strategy",0,0,0
1057700,"Action,Free to Play,Indie,Early Access",0,0,0
1970670,"Action,Indie,Strategy,Early Access",0,0,0
964170,"Action,Adventure,Casual,Indie,Early Access",1,0,1
1073090,Utilities,0,0,0
385410,"Adventure,Casual,Indie",6,1,5
1237840,"Action,Adventure,Indie",1,0,1
1324830,"Adventure,Indie",16,11,5
611670,RPG,5280,3955,1325
2027470,"Adventure,Casual,Indie",0,0,0
1908670,"Action,Free to Play,Indie",0,0,0
1548240,"Adventure,Massively Multiplayer,RPG,Early Access",0,0,0
627350,"Adventure,Casual",72,63,9
1736480,"Casual,Simulation",6,6,0
1905180,"Utilities,Video Production",0,0,0
1364330,"Adventure,Casual,Indie",1,1,0
1892430,"Adventure,Casual,Indie,Strategy",1,1,0
1920440,"Action,Adventure,Indie",3,2,1
1251930,"Adventure,Casual,Indie,Simulation,Strategy",115,96,19
767410,"Action,Casual,Indie",1,1,0
1725860,"Indie,Simulation,Early Access",0,0,0
1794160,"Action,Adventure,Indie",1,0,1
338810,"Free to Play,Indie,Strategy",0,0,0
288830,Adventure,50,29,21
1792600,"Action,Adventure,RPG",8,7,1
575680,"Casual,Indie",17,12,5
240,Action,32375,31000,1375
1548750,Adventure,92,79,13
1869980,"Adventure,Casual",13,13,0
1291150,"Action,Indie,Strategy",0,0,0
444530,"Casual,Indie",36,33,3
654850,"Action,Indie",167,123,44
1386710,"Indie,RPG",19,19,0
1529910,"Action,Indie",0,0,0
984250,"Simulation,Early Access",6,4,2
425340,"Action,Indie",64,57,7
284730,"Adventure,Casual",152,132,20
1713660,"Casual,Indie",0,0,0
394600,"Action,Indie",140,104,36
1125870,Action,0,0,0
304050,"Action,Adventure,Casual,Free to Play,Massively Multiplayer,RPG",446,323,123
525460,"Adventure,Indie,Early Access",8,2,6
485260,"Action,Indie",4,3,1
1846020,"Action,Casual,Indie",22,21,1
1207710,"Action,Adventure,Indie",8,6,2
833010,"Action,Indie,RPG,Simulation,Strategy",6,4,2
460960,"Adventure,Indie,RPG",145,134,11
509780,"Action,Indie",17,15,2
860730,"Free to Play,Indie",0,0,0
494580,"Action,Adventure,Indie,Racing",37,27,10
1493910,Casual,22,21,1
985560,"Action,Adventure,Free to Play,Indie",0,0,0
244090,"Casual,Strategy",124,85,39
1680890,"RPG,Strategy",2,2,0
1568730,"Action,Free to Play,RPG,Strategy",0,0,0
760890,"Indie,RPG",361,357,4
722560,Action,390,297,93
270770,Strategy,54,17,37
811720,"Action,Adventure,Indie,RPG,Strategy",45,34,11
1473550,"Action,Indie",17,16,1
238530,"Action,Casual,Indie",250,234,16
821330,"Action,Indie",5,2,3
39110,Casual,145,118,27
266430,"Casual,Free to Play,Indie,Early Access",23,15,8
832680,"Casual,Indie,Simulation,Sports,Early Access",17,8,9
1253550,"Audio Production,Video Production",49,22,27
1037080,"Action,Indie,Early Access",99,87,12
290460,"Casual,RPG",15,11,4
1601860,"Indie,Simulation",31,30,1
675170,"Action,Indie,Simulation",155,81,74
866770,"Action,Casual,Indie",10,5,5
892550,"Adventure,Casual,Indie",26,19,7
758600,"Adventure,Casual",9,7,2
1693180,RPG,0,0,0
853610,"Action,Indie",4,3,1
647950,"Adventure,Indie,Early Access",0,0,0
1637700,"Action,Adventure,Strategy",2,0,2
540690,"Indie,RPG,Strategy",37,23,14
15190,Action,644,555,89
898720,"Indie,RPG,Simulation,Strategy",241,191,50
1283110,"Adventure,Indie,RPG,Simulation,Strategy",2,2,0
1441680,"Adventure,Free to Play",0,0,0
420100,Casual,81,62,19
1434950,"Action,Adventure,Indie,Strategy",2669,2360,309
1945160,Indie,2,2,0
966180,"Indie,Early Access",3,3,0
1170720,"Action,Casual,Indie,Racing,Early Access",43,43,0
846880,"Adventure,Indie,RPG",168,159,9
666100,"Action,Simulation",94,87,7
1207500,"Action,Casual,Indie,RPG,Simulation,Strategy,Early Access",1,1,0
24650,Simulation,20,14,6
618200,"Action,Adventure,Casual,Indie",9,2,7
1570990,"Adventure,RPG,Simulation,Strategy",3,3,0
1188710,Indie,1,1,0
1074040,"RPG,Early Access",0,0,0
542770,"Casual,Indie,Simulation,Strategy",182,165,17
1668870,"Casual,Indie",5,5,0
891380,"Action,Adventure,Casual,Indie,Simulation,Strategy",2,1,1
933070,"Action,Adventure,Casual,Indie",12,8,4
687600,"Indie,Strategy",4,2,2
820700,"Casual,Indie",10,7,3
1390690,"Action,Indie,RPG,Early Access",2,1,1
722810,"Casual,Free to Play,Indie",5,2,3
1707040,"Action,Adventure,Free to Play,Indie",0,0,0
755470,"Action,Adventure,Indie",139,112,27
979000,"Action,Adventure,Casual,Indie,Early Access",1,0,1
1018090,"Action,Adventure,Indie",6,1,5
914020,"Adventure,Indie",763,681,82
261940,"Adventure,Casual,Indie",14,12,2
618740,"Action,Casual,Indie",625,574,51
1056650,"Adventure,Casual,Indie",2,1,1
1118930,"Action,Adventure,Casual,Indie,RPG",1,0,1
1034230,"Casual,Indie",3,2,1
692630,"Action,Adventure,Casual,Indie",2,0,2
1125340,"Adventure,Indie,RPG,Simulation",2,2,0
367700,"Indie,Racing,Simulation,Sports",2,1,1
1444860,Casual,7,4,3
914110,"Action,Strategy",79,42,37
1291680,"Action,Free to Play,Indie",0,0,0
267730,"Indie,Strategy",17,7,10
614910,"Casual,Indie",173,143,30
460470,"Animation & Modeling,Design & Illustration,Education",15,12,3
1332860,"Action,Casual,Indie",28,27,1
354860,"Adventure,Indie,RPG",49,40,9
665510,"Adventure,Casual,Indie",19,13,6
679580,"Audio Production,Software Training,Utilities,Video Production",0,0,0
1463510,"Indie,RPG",0,0,0
790230,"Action,Casual,Indie",8,0,8
1118200,"Action,Casual,Indie,Simulation",78920,78157,763
1887570,RPG,1,0,1
539010,Education,5,2,3
1139870,RPG,71,28,43
838490,"Casual,Indie",11,11,0
1457620,"Action,Adventure,Casual,RPG,Strategy",5,3,2
859090,"Free to Play,Indie,Racing",0,0,0
384490,"Action,Adventure,Indie",2599,1544,1055
1576540,"Action,Casual,Indie",0,0,0
531930,"Indie,RPG",305,241,64
1504580,"Action,Adventure,Casual,Indie,Racing,RPG,Simulation,Early Access",2,2,0
1308700,"Indie,RPG,Early Access",22,20,2
1672690,"Action,Indie,Strategy,Early Access",3,2,1
1707120,"Action,Adventure,Casual,Indie",3,3,0
1249300,"Adventure,Casual,Free to Play,Indie",0,0,0
377300,"Action,Simulation",1391,1045,346
58610,"Indie,Simulation,Strategy",1233,935,298
863920,"Action,Casual,Indie",0,0,0
1282000,"Action,Adventure,Casual,Indie,Simulation,Early Access",0,0,0
1802330,"Action,Indie",30,24,6
1892600,Adventure,0,0,0
1128810,"Casual,Free to Play,Strategy",56,45,11
748890,"Adventure,Indie,RPG",107,99,8
435150,"Adventure,RPG,Strategy",64653,61868,2785
406760,"Action,Adventure,Indie",1,0,1
1241710,"Indie,Simulation",13,12,1
411570,"Indie,RPG",130,112,18
1893100,"Adventure,Casual,Indie,RPG",6,6,0
477910,"Action,Adventure,Indie",2,2,0
1758260,"Action,Adventure,Casual,Indie,Strategy,Early Access",0,0,0
778400,Adventure,82,74,8
746400,"Casual,Indie,Simulation",292,283,9
1436830,"Action,Indie",1,1,0
589320,"Action,Indie",43,29,14
961010,Adventure,56,53,3
1654160,"Casual,Indie",4,4,0
1748050,"Casual,RPG,Simulation",17,10,7
1855190,"Action,Indie",2,1,1
1441850,"Action,Adventure,Casual,Indie",0,0,0
324260,"Action,Indie,RPG,Simulation,Strategy",371,275,96
1391990,"Action,Adventure,Casual,Indie,Simulation",4,2,2
304240,"Action,Adventure",6085,5600,485
751260,"Action,Adventure,Indie",5,5,0
1426210,"Action,Adventure",21943,21273,670
1100260,"Casual,Indie,Strategy",328,293,35
564990,"Adventure,Casual,Indie",2,1,1
514650,"Casual,Indie",9,8,1
550670,"Action,Casual,Indie,Simulation",134,33,101
1128330,"Casual,Indie",0,0,0
1374410,"Action,Indie",0,0,0
747540,"Action,Casual,Indie",1,0,1
432190,"Casual,Indie",69,64,5
759920,"Action,Casual,Indie,Simulation,Strategy,Early Access",0,0,0
593960,Adventure,479,431,48
311060,"RPG,Strategy",32,26,6
1312540,"Action,Free to Play",0,0,0
1424630,Action,28,28,0
1023260,"Adventure,RPG",9,8,1
699830,Indie,4,3,1
1056420,"Adventure,Indie",10,4,6
1094780,"Indie,Massively Multiplayer,Simulation,Early Access",390,325,65
1420810,"Action,Indie",35,35,0
1066930,"Indie,Strategy,Early Access",1,1,0
722580,"Action,Adventure,Casual,Indie,RPG",0,0,0
685230,"Action,Indie",6,4,2
1465160,"Adventure,Casual,Indie,RPG,Simulation,Strategy",1,0,1
1867070,"Action,Adventure,Indie,RPG",27,20,7
1177310,"Casual,Indie,Sports,Strategy",0,0,0
662180,"Action,Indie",1,0,1
745880,"Action,Indie",946,932,14
1223500,"Casual,Indie,Simulation",617,573,44
672380,"Action,Adventure,Casual,Indie",3,0,3
648100,"Adventure,Indie",374,347,27
711890,"Adventure,Casual",12,12,0
573750,"Adventure,Casual,Simulation,Strategy",1,0,1
1352020,"Action,Adventure,Casual,Indie,Simulation",58,56,2
596570,"Action,Adventure,Casual,RPG",0,0,0
1886440,"Adventure,Casual,Indie,Racing,Early Access",0,0,0
1350430,"Action,Indie,RPG,Early Access",30,23,7
808810,Indie,0,0,0
1458990,"Adventure,Simulation,Strategy,Early Access",54,31,23
1785430,"Adventure,Indie",0,0,0
208200,Action,3427,2878,549
1748740,"Action,Free to Play,Early Access",0,0,0
1428460,"Adventure,Indie",30,29,1
683930,"Adventure,Casual,Free to Play,Indie",0,0,0
344820,"Indie,RPG,Simulation,Strategy,Early Access",63,15,48
834100,"Casual,Indie",1,0,1
1063210,"Adventure,RPG,Strategy,Early Access",0,0,0
953150,"Indie,Early Access",2,1,1
1641670,"Action,Indie,RPG,Strategy",70,59,11
370670,"Adventure,Casual,Indie,RPG",33,31,2
612030,Simulation,10,7,3
779620,"Action,Adventure",2,2,0
1750630,"Indie,Strategy",0,0,0
1362860,"Adventure,Indie,Simulation",5,5,0
686100,"Casual,Indie",1,0,1
329200,"Adventure,Indie",110,70,40
338140,"Action,Adventure,Indie,RPG",201,150,51
397940,"Adventure,Casual,Indie,Simulation",31,16,15
334410,"Action,Indie",30,20,10
433360,"Adventure,Casual",8,4,4
614770,"Action,Casual",13,3,10
911250,Animation & Modeling,0,0,0
1256950,"Indie,Simulation,Sports,Strategy",54,37,17
1601100,Simulation,0,0,0
1012580,"Casual,Indie,Racing,Simulation,Sports",8,5,3
1283500,"Adventure,Indie,Simulation",30,28,2
1000310,"Action,RPG,Strategy",2,0,2
1567460,"Action,Adventure,Indie,RPG",7,5,2
489520,"Action,Adventure,Free to Play,Indie,RPG,Strategy",545,454,91
666630,"Action,Adventure,Indie",14,13,1
929150,"Action,Indie,RPG,Early Access",1,0,1
375420,Indie,4,3,1
454030,"Indie,RPG,Strategy",28,18,10
322410,"Design & Illustration,Education",2,2,0
888480,"Action,Casual,Indie",0,0,0
1909290,"Adventure,Indie,RPG",0,0,0
1473820,"Indie,RPG,Strategy",24,23,1
982320,"Action,Adventure,Casual,Indie,RPG",0,0,0
11050,"Adventure,Casual",95,67,28
1123640,"Action,Indie",0,0,0
752500,"Action,Adventure,Casual,Indie",48,37,11
1204470,"Action,Casual,Indie",46,41,5
974430,Casual,1,1,0
1673420,"Action,Adventure,Indie",14,9,5
45100,"Casual,Indie",523,431,92
708780,"Casual,Indie",12,12,0
1371900,"Casual,Indie",0,0,0
1282540,"Free to Play,Indie,Strategy",0,0,0
1101270,"Casual,Indie",41,34,7
889740,"Free to Play,Indie,RPG",0,0,0
581460,"Action,Casual,Indie,Simulation",8,6,2
733710,"Indie,Early Access",0,0,0
1978200,Action,0,0,0
1152820,"Action,Adventure,Indie",4,4,0
1328470,"Action,Adventure,Indie,Racing,Strategy",3,3,0
390100,"Free to Play,Massively Multiplayer,RPG",45,28,17
865090,"Action,Casual",376,339,37
729820,"Adventure,Indie",0,0,0
1012370,Indie,6,3,3
1233790,"Action,Casual,Indie",2,2,0
1193420,"Casual,Strategy",1,1,0
1505400,"Action,Adventure",6,6,0
467290,"Adventure,Casual",65,53,12
1929770,"Action,Indie,RPG,Simulation,Early Access",0,0,0
1496150,"Action,Adventure,Indie,RPG,Early Access",2,2,0
760390,"Casual,Indie",1,1,0
1044350,"Adventure,Indie",4,3,1
905300,"Casual,Indie,Racing",7,2,5
573690,"Adventure,Casual,Simulation,Strategy",4,4,0
438010,"Action,Indie",31,9,22
320970,Casual,27,19,8
601930,"Action,Adventure,Casual,Indie",10,9,1
473550,"Action,Indie",1,0,1
1902490,"Action,Adventure,Casual,Free to Play",0,0,0
706130,"Casual,Indie",64,56,8
555180,"RPG,Strategy",31,16,15
1061010,"Adventure,Casual,Indie,RPG",5,3,2
599510,"Indie,Strategy",6,2,4
1567310,"Action,Indie,Strategy",3,1,2
429390,"Casual,Indie,Strategy",71,48,23
1236320,Strategy,4,1,3
1960800,"Adventure,RPG,Simulation,Strategy",6,5,1
1763620,Adventure,0,0,0
1196320,"Action,Indie",1,1,0
563500,Indie,6,3,3
1350920,"Adventure,Casual,Indie,RPG,Simulation,Strategy",0,0,0
2001870,"Casual,Free to Play,Indie",0,0,0
612190,"Violent,Gore,Action,Adventure,Indie,Simulation",9,5,4
680040,"Adventure,Casual,Free to Play,Indie,RPG",0,0,0
371670,"Adventure,Indie,Strategy",237,92,145
1120750,"Casual,Indie",0,0,0
1786350,"Action,Adventure,Early Access",1,0,1
816720,"Action,Adventure,Indie,Racing,RPG",11,9,2
16620,"Indie,Racing,Sports",32,20,12
1481480,"Adventure,Indie,Simulation",0,0,0
1204480,"Adventure,Indie,RPG,Strategy",1,1,0
1463210,"Adventure,Indie",0,0,0
1206620,"Adventure,Indie",13,9,4
1373880,"Adventure,Indie,Strategy",0,0,0
315240,"Education,Software Training,Utilities,Video Production",25,12,13
1029070,"Adventure,Casual,Indie",9,7,2
672690,"Action,Indie",10,9,1
252750,"Action,Adventure,Casual,Indie,Strategy",79,64,15
1664670,Strategy,58,50,8
1580510,"Adventure,Casual,Simulation",3,0,3
510420,Indie,1192,1127,65
798670,"Action,Adventure,RPG,Strategy,Early Access",1,1,0
779240,"Action,Adventure,Indie",8,6,2
906660,"Adventure,Indie,Strategy",7,4,3
1148750,"Indie,Strategy,Early Access",1,1,0
236110,"Action,Free to Play,Indie,RPG,Strategy",2104,1376,728
8870,Action,40862,38280,2582
1226760,"Casual,Indie",0,0,0
697320,"Action,Casual,Simulation,Sports,Early Access",5,2,3
286460,Adventure,151,138,13
521130,"Casual,Indie,Strategy",17,15,2
822650,"Action,Adventure,Indie,Simulation",34,15,19
918950,"Indie,Strategy",20,17,3
1339800,"Action,Adventure,Casual,Indie,Strategy",1,1,0
1905110,"Action,Adventure,Indie,Simulation,Strategy",2,0,2
1067410,"Adventure,Indie,RPG",1,1,0
1253900,"Casual,Indie,Sports",5,1,4
632800,"Adventure,Indie",96,86,10
1336290,"Casual,Indie,Strategy",0,0,0
1319220,"Action,Casual,Indie",1,1,0
786330,"Casual,Indie,RPG",0,0,0
1734790,Casual,0,0,0
1844330,"Adventure,Indie,Simulation",1,1,0
1745030,Casual,0,0,0
1405180,"Adventure,Indie,Simulation",44,12,32
209650,Action,5052,2798,2254
883860,"Casual,Free to Play,Indie,RPG,Simulation",1,1,0
765910,Adventure,25,23,2
898340,Casual,13,5,8
1333350,"Adventure,Free to Play,RPG,Strategy",1,1,0
2015200,"Action,Casual,Indie",1,1,0
1513510,"Audio Production,Education,Utilities",6,5,1
1264360,"Action,Adventure,Indie",4,3,1
1220140,"Action,Indie,Simulation,Strategy,Early Access",682,507,175
1332490,"Action,Free to Play,Indie",0,0,0
1845660,"Adventure,Indie,Simulation",1,1,0
435530,"Action,Adventure,Indie",1704,1340,364
1134250,"Casual,Indie,Strategy",6,5,1
750670,"Violent,Action",0,0,0
1530630,Indie,20,20,0
1576130,"Adventure,Casual,Indie",14,11,3
1367160,Action,2,0,2
413500,"Action,Indie",11,10,1
642580,Action,37,32,5
572890,"Action,Adventure,Casual,Indie",1923,1826,97
1363730,Action,0,0,0
1174050,"Action,Casual,Indie,Simulation,Sports",0,0,0
770490,"Action,Indie,Simulation",34,24,10
563740,"Action,Adventure,Indie",3,3,0
745520,"Action,Indie",5,5,0
1209300,Casual,0,0,0
1439710,"Action,Adventure,Casual,Indie,Racing,Early Access",1,0,1
835620,"Action,Indie,Massively Multiplayer,Simulation,Sports,Early Access",0,0,0
1704070,"Action,Casual,Free to Play,Indie",0,0,0
1172290,"Audio Production,Early Access",2,1,1
657440,"Adventure,Indie",24,18,6
1916420,"Adventure,Casual,Free to Play,Indie,Early Access",0,0,0
811890,"Adventure,Casual,Indie",249,227,22
620280,"Action,Casual,Indie,Early Access",10,10,0
652940,"Action,Adventure,Indie,Early Access",0,0,0
1149400,"Action,Adventure,Casual,Indie,Massively Multiplayer,RPG,Early Access",158,83,75
873330,"Casual,Indie",0,0,0
1542440,"Adventure,Casual,Indie",3,1,2
312450,"Free to Play,Simulation,Strategy",328,282,46
370690,"Indie,RPG",9,7,2
1132880,Free to Play,0,0,0
714250,"Action,Adventure,Indie,RPG",30,15,15
992860,"Adventure,Free to Play,Indie",0,0,0
534010,"Casual,Indie,Strategy",9,4,5
1014050,"Indie,Simulation,Sports,Strategy",3,1,2
934070,"Casual,Indie",32,32,0
311340,"Action,Adventure",6374,5267,1107
1290350,"Adventure,Casual,Indie,RPG",92,67,25
1939210,"Animation & Modeling,Game Development,Early Access",0,0,0
466020,"Adventure,Casual",8,8,0
922630,"Action,Free to Play,Early Access",0,0,0
610350,"Sexual Content,Casual,Indie",23,10,13
1045080,"Adventure,Casual,Indie",114,80,34
1051220,"Action,Adventure,Strategy",1,1,0
1664090,"Casual,Indie,Simulation",12,9,3
466810,"Adventure,Casual,Indie",26,25,1
1844410,"Adventure,Early Access",5,2,3
1517960,"Action,Casual,Indie",13,8,5
1553940,"Action,Casual,Indie,Simulation,Strategy",1,0,1
1482740,"Action,Indie",2,2,0
514340,"Action,Indie",21,20,1
1769760,"Adventure,Casual,Indie",2,1,1
1216700,"Adventure,Casual,Indie,Simulation,Strategy",1,1,0
1724290,"Casual,Simulation",1,1,0
1520090,"Indie,RPG,Strategy",6,1,5
1678030,"Adventure,Indie",9,7,2
1143420,"Action,Adventure,Casual,Indie,RPG",1,1,0
211400,"Action,Adventure,Indie",3855,2698,1157
512790,"Adventure,Indie",1835,1684,151
987820,"Action,Casual,Free to Play",0,0,0
467390,"Casual,Indie",66,36,30
1867200,"Adventure,Casual,Indie",0,0,0
220420,Adventure,36,33,3
1827940,"Adventure,Casual,Indie,RPG,Simulation",0,0,0
1954880,"Indie,Strategy",0,0,0
917900,"Indie,Simulation",2,2,0
897300,"Adventure,Casual,Indie",26,16,10
812390,"Action,Adventure,Indie,Early Access",1,0,1
1983150,"Casual,RPG,Strategy,Early Access",3,1,2
1359110,Indie,0,0,0
1522820,"Action,Adventure,Indie,Strategy",2893,2475,418
1697810,"Casual,Strategy",6,6,0
752700,"Action,Casual,Indie",4,1,3
672490,"Indie,Racing,Early Access",3,3,0
937950,"Action,Adventure,Casual,Indie,Simulation",24,10,14
347790,"Indie,Simulation,Strategy",24,20,4
1298500,"Casual,Indie",0,0,0
597910,"Design & Illustration,Education,Utilities",5,4,1
389730,"Action,Sports",22120,19995,2125
1542560,Utilities,1,0,1
618970,"Action,Adventure",239,196,43
1042460,"Action,Casual,Simulation",0,0,0
1909320,Casual,3,2,1
1758340,"Action,Adventure,Indie",1,0,1
1239920,"Action,Casual,Indie",0,0,0
1013790,Indie,0,0,0
871530,"Indie,Simulation,Strategy",612,456,156
490040,"Action,Casual,Indie,Strategy",13,11,2
1326870,Action,3,3,0
1633750,"Casual,Indie,Strategy",3,3,0
755760,"Adventure,Casual,Strategy",0,0,0
602140,"Casual,Free to Play,Indie,Early Access",0,0,0
1380160,"Casual,Simulation",0,0,0
1231940,"Indie,RPG,Strategy",37,32,5
540900,"Action,Adventure,Indie",11,8,3
629090,"Action,Adventure,Indie",237,203,34
400180,"Action,Indie,Strategy",171,124,47
1816930,"Adventure,Casual,Indie,Massively Multiplayer,Simulation,Strategy,Early Access",9,4,5
257750,"Action,Adventure,Casual,Indie",1265,1040,225
387450,"Free to Play,Strategy",0,0,0
1125600,"Casual,Indie",1,0,1
1581670,"Adventure,Casual,Indie",2,2,0
1117630,"Casual,Indie",275,223,52
705050,"Action,Indie",6,2,4
1039040,"Action,Adventure,Casual,Indie",5,4,1
458200,"Animation & Modeling,Audio Production,Design & Illustration,Education,Early Access",2,1,1
926340,"Adventure,Indie,RPG,Simulation,Strategy",60,59,1
882220,"Action,Free to Play,Indie",0,0,0
702700,Action,122,62,60
1806120,"Adventure,Indie,Simulation",16,9,7
1490130,"Action,Casual,Indie,Massively Multiplayer,Racing,Simulation,Sports",133,79,54
376110,"Adventure,Indie",29,14,15
834920,"Action,Indie,Strategy",13,12,1
1069840,"Adventure,Casual,Indie,Simulation",1,1,0
1514370,"Adventure,Casual",30,27,3
1637070,"Adventure,Casual,Indie,Early Access",196,165,31
1766810,"Action,Casual,Indie",22,21,1
559620,Action,246,229,17
508200,"Casual,Indie,Strategy",17,10,7
558790,"Adventure,Casual",64,61,3
1085190,"Action,Adventure,Indie,RPG,Simulation,Strategy",13,9,4
534350,"Casual,Simulation,Strategy",8,5,3
991170,"Casual,Indie,Simulation",1139,967,172
560350,"Action,Simulation,Strategy",41,22,19
1052970,"Action,Adventure,Casual,RPG,Strategy",19,16,3
510280,"Adventure,Indie",3,3,0
896510,"Action,Adventure,Casual,Indie,Massively Multiplayer,RPG,Simulation,Strategy,Early Access",16,10,6
1665070,"Action,Indie,Strategy,Early Access",0,0,0
499460,"Action,Adventure,Casual,Indie",101,83,18
1298010,"Action,Indie,Simulation,Strategy",45,31,14
1752090,"Adventure,Indie,RPG",7,7,0
1345400,"Action,Adventure,Indie,RPG",0,0,0
932240,"Adventure,Free to Play,Indie",0,0,0
1269030,"Action,Adventure,Casual,Indie,Simulation",10,6,4
978920,"Action,Indie",0,0,0
335310,Simulation,3,1,2
920690,"Action,Adventure,Indie,Massively Multiplayer,RPG",1037,654,383
1258750,"Action,Indie",5,4,1
628770,"Indie,RPG",550,483,67
1048960,"Action,Adventure,Casual,Indie",5,4,1
805340,"Action,Indie",1,1,0
1790250,"Action,Casual,Indie",14,14,0
358090,"Adventure,Casual,Indie",970,782,188
209660,Action,152,121,31
1800780,"Adventure,Indie",0,0,0
1273600,"Adventure,Indie,Simulation",3,3,0
806910,"Indie,RPG,Early Access",11,7,4
634150,"Sexual Content,Action,Strategy",6,2,4
371200,"Indie,RPG,Simulation,Strategy",864,689,175
983120,"Free to Play,Simulation,Sports",0,0,0
1566810,Casual,3,1,2
1527880,"Adventure,Indie",27,25,2
972390,"Utilities,Early Access",29,29,0
1668640,"Action,Adventure,Casual,Free to Play,Indie,RPG,Strategy",0,0,0
1639040,"Casual,Indie",16,16,0
1706390,"Casual,Simulation",0,0,0
538710,"Action,Casual,Indie",36,33,3
918320,"Action,Adventure,Indie",5,3,2
1793020,"Action,Casual,Indie",71,58,13
1981980,"Action,Free to Play,Indie",0,0,0
710240,"Action,Adventure,Indie,Early Access",2,1,1
7860,Action,420,299,121
564010,"Casual,Simulation",20,7,13
1893800,"Action,Casual,Free to Play,Racing,Strategy",0,0,0
1014920,Strategy,0,0,0
1378290,"Action,Casual,Indie",419,395,24
828440,"Gore,Action,Indie",8,2,6
775690,"Action,Casual,Indie,Sports",4,4,0
1027220,"Design & Illustration,Utilities,Video Production,Early Access",14,7,7
1013120,"Adventure,Casual,Indie,RPG,Simulation",2,2,0
2013610,"Casual,Indie",0,0,0
1903370,"Casual,Free to Play,RPG",0,0,0
416330,Action,6,4,2
1665880,"Free to Play,Strategy",0,0,0
838100,"Casual,Indie",7,7,0
1063080,"Casual,Indie",9,9,0
2070400,"Action,Adventure,Casual,Indie",0,0,0
1329600,"Casual,Indie,Racing,Simulation",164,141,23
579980,Adventure,50,47,3
1447160,Indie,1,1,0
389430,"Action,Adventure,Free to Play,Massively Multiplayer,RPG",26,9,17
92400,Indie,28,22,6
1707790,"Action,Casual,Indie",4,4,0
1739850,"Adventure,Indie",1,1,0
1013820,"Adventure,Indie",15,13,2
1452790,"Action,Indie",13,13,0
1196520,Adventure,12,9,3
1315220,"Action,Indie,Early Access",2,1,1
1314770,"Indie,Strategy,Early Access",2,1,1
598700,"Action,Adventure,Indie,RPG",1249,1114,135
1658740,Casual,1,0,1
1961780,"Casual,Indie",10,7,3
1217520,"Action,Casual,Indie,Simulation",0,0,0
204630,"Action,Adventure,Indie,Racing",1027,903,124
337000,"Action,RPG",13901,10201,3700
1181510,"Action,Adventure,Indie,RPG",1,1,0
34420,Strategy,33,17,16
795570,"Action,Indie",23,20,3
1232120,"Adventure,Casual,Indie",4,2,2
1205150,"Action,Adventure,Casual,Free to Play,Indie,Racing",0,0,0
1256680,Simulation,0,0,0
547900,Sports,237,197,40
1574370,"Adventure,Indie,Simulation",3,2,1
595730,"Adventure,Casual,Indie",71,63,8
1070790,"Casual,Indie,Simulation,Strategy",83,83,0
1344740,Action,245,238,7
887630,"Adventure,Casual,Indie,Simulation,Sports",2,1,1
756440,"Action,Adventure,Casual,Indie",10,10,0
1210670,"Action,Adventure,Casual,Indie",2,0,2
661670,"Adventure,Indie,RPG",7,4,3
1369760,"Action,Adventure",202,136,66
1161930,"Adventure,Casual,Indie,RPG",8,8,0
1427120,"Adventure,Indie",4,4,0
1798210,Adventure,0,0,0
1735090,"Casual,Indie",2,2,0
1262790,"Action,Casual,Indie",0,0,0
1065970,"Casual,Indie",268,227,41
881680,Utilities,43,33,10
1475000,"Casual,Indie",1,1,0
1384320,"Action,Casual,Indie,Early Access",178,165,13
953050,"Action,Indie,Simulation",8,1,7
1368060,"Action,Adventure,Indie",8,2,6
1476100,Simulation,18,14,4
1417670,"Action,Adventure,Casual,Simulation",9,7,2
442220,"Action,Casual,Free to Play,Indie,Racing,Simulation,Sports,Early Access",9,5,4
780390,"Action,Adventure,Casual,Indie,RPG",78,70,8
1103890,Adventure,7,5,2
1640180,RPG,2,1,1
1643440,"Casual,Free to Play",0,0,0
351140,"Action,Casual,Free to Play,Indie",6,2,4
383850,"Action,Casual,Indie",0,0,0
1074520,"Adventure,Indie",25,24,1
1433550,"Action,Indie",0,0,0
737380,"Action,Casual,Indie",2,2,0
1116110,"Indie,Strategy",36,33,3
452420,Action,99,81,18
1379970,"Adventure,Indie,Simulation",122,91,31
1362460,"Casual,Indie",6,3,3
492720,"Simulation,Strategy",7193,6248,945
732400,"Action,Adventure,Indie",57,45,12
1273620,"Design & Illustration,Utilities,Game Development",16,9,7
917720,"Adventure,Indie,RPG",235,183,52
1070390,"Indie,Simulation,Strategy",0,0,0
890210,"Casual,Indie",7,3,4
1982180,"Adventure,Casual,Indie,Strategy",2,1,1
572640,"Nudity,Indie,RPG",7,6,1
1678320,"Strategy,Early Access",25,25,0
1251690,"Adventure,Indie",0,0,0
360580,"Action,Casual,Indie,Simulation",12,4,8
484900,"Indie,Simulation,Strategy",918,700,218
1462340,"Casual,Indie,Racing",2,2,0
1150540,"Indie,Strategy,Early Access",1,1,0
1810240,"Action,Adventure",2,0,2
1371120,"Action,Indie,Strategy",0,0,0
277520,"Action,Adventure,Indie",46,20,26
1184570,"Action,Casual,Indie",9,6,3
1471500,Casual,0,0,0
304150,"Action,Sports",8,2,6
403460,"Action,Indie",2,1,1
1420510,"Action,Indie,RPG,Early Access",20,17,3
1108380,Indie,5,5,0
661130,"Action,Casual,Free to Play,Indie,Massively Multiplayer,RPG,Simulation,Strategy,Early Access",38,34,4
549670,"Action,Indie,Strategy",9,6,3
566580,Casual,5,3,2
1742910,"Action,Strategy,Early Access",0,0,0
1564930,"Adventure,Indie",9,8,1
1354760,Indie,112,96,16
1554750,"Indie,RPG,Simulation",2,1,1
1779550,"Action,Indie,Simulation,Early Access",1,1,0
1590380,"Casual,Free to Play,Indie",0,0,0
400910,"Action,Adventure,Casual,Indie",2107,2039,68
1816410,Indie,0,0,0
1502010,"Action,Adventure,Indie,Early Access",31,20,11
232770,"Action,Indie",1214,1046,168
461890,"Adventure,Indie",117,77,40
690530,"Action,Indie,RPG,Early Access",199,112,87
567800,"Casual,Indie,Strategy",79,67,12
652750,"Action,Adventure,Strategy",7,4,3
850310,"Action,Adventure",0,0,0
1626180,"Action,Casual,Indie",0,0,0
839520,"Action,Adventure,Indie,RPG,Strategy",2,0,2
1364980,"Action,Adventure,Indie",20,16,4
693650,"Casual,Indie,Strategy",5,5,0
1794840,"Adventure,Indie",0,0,0
318130,"Indie,RPG",999,966,33
1918260,Indie,0,0,0
1438430,"Action,Adventure,Indie",2,1,1
1304620,"Adventure,Indie",19,8,11
205950,Action,2877,2618,259
1058690,"Adventure,Casual,Indie,RPG",93,83,10
709610,"Adventure,Casual,Indie,Sports,Strategy",2,0,2
299950,"Action,Indie",395,311,84
1870440,"Adventure,Casual,Indie",5,4,1
656130,"Action,Adventure,Indie,RPG",0,0,0
800130,"Casual,Indie,RPG,Strategy",2,1,1
1287090,Indie,1,1,0
1868650,"Action,Casual,Indie,Simulation,Early Access",0,0,0
893170,"Violent,Gore,Action,Adventure,Indie,Racing,RPG,Simulation,Strategy",0,0,0
1138660,"Adventure,Indie,RPG,Strategy",629,578,51
451760,"Casual,Indie",862,827,35
1251680,"Adventure,Casual,Indie,RPG",18,13,5
656560,"Casual,Indie,Simulation",13,8,5
1369390,Strategy,1,0,1
1856860,"Adventure,Casual",1,1,0
701880,Indie,1,1,0
1131660,"Action,Adventure,RPG",1,1,0
1148810,"Action,Indie,Early Access",142,125,17
1548130,"Adventure,Indie,Simulation,Strategy,Early Access",17,8,9
856100,"Casual,Indie,Sports",2,2,0
553440,"Action,Indie",4,4,0
1055310,"Adventure,Casual",26,18,8
462530,Adventure,1,0,1
850940,"Adventure,Casual,Indie,Simulation,Strategy",12,5,7
1431270,"Adventure,Casual,Indie",8,6,2
1475260,"Adventure,Indie",5,4,1
39800,"Action,Indie",1125,1015,110
1292280,"Casual,Indie",4,3,1
1454650,"Casual,Indie",2,2,0
1765780,"Action,Indie",194,184,10
554770,"Violent,Action,Adventure,RPG",1,0,1
1278760,"Action,Indie",6,6,0
1495070,Casual,4,3,1
384660,"Indie,Strategy",3,3,0
506540,"Action,Adventure,Free to Play,Indie,Massively Multiplayer,Strategy",20,4,16
1779500,"Casual,Indie",0,0,0
1114430,"Adventure,Casual,Indie,Racing",46,41,5
1398680,"Casual,Indie",7,6,1
1040620,"Action,Indie,RPG,Early Access",1,1,0
756320,"Adventure,Indie",26,26,0
739820,"Adventure,RPG",3,2,1
1780250,"Adventure,Indie",1,0,1
512890,"Adventure,Indie,Simulation",186,181,5
748010,"Casual,Indie",1,1,0
929510,Action,4,2,2
1265850,"Indie,Massively Multiplayer,RPG",73,70,3
1633110,"Indie,Simulation",0,0,0
1484750,"Casual,Indie,Early Access",0,0,0
372030,"Action,Indie",14,14,0
872240,"Free to Play,Indie,RPG",1,1,0
1192700,"Indie,RPG,Strategy",7,1,6
1479370,"Action,Indie",4,4,0
1437710,"Adventure,Indie",2,0,2
1023010,Indie,1,1,0
388550,"Action,Casual,Indie,Strategy",13,7,6
1316570,Action,6,5,1
1524400,"Indie,Simulation",19,14,5
789730,"Casual,Indie",54,48,6
1973270,"Casual,Indie,Strategy",0,0,0
1197730,"Action,Adventure,Indie,Early Access",17,10,7
521890,"Adventure,Indie,Strategy",3196,2484,712
1512840,"Casual,Simulation,Design & Illustration,Photo Editing,Utilities",0,0,0
1046560,Adventure,2,0,2
981300,"Adventure,Casual,Indie,RPG",91,75,16
568320,"Casual,Indie,Strategy",598,582,16
488730,"Action,Indie",131,90,41
928950,"Action,Free to Play,Indie",0,0,0
302330,"Action,Adventure",36,26,10
925460,"Action,Casual,Indie",124,122,2
1611540,"Action,Adventure,Indie",11,8,3
1786100,"Adventure,Indie,Strategy",2,2,0
575050,"Action,Adventure,Indie",7,7,0
1492650,"Action,Casual,Indie",1,1,0
1902290,Racing,3,3,0
594220,"Action,Adventure,Indie,Early Access",88,66,22
34500,"Indie,Simulation,Strategy",22,17,5
208640,"Adventure,Casual",24,24,0
1335600,Casual,2,2,0
1780260,"Action,Adventure,Casual",0,0,0
878810,"Action,Adventure,Casual,Indie,Simulation",3,0,3
31280,"Casual,Sports",4462,3927,535
300820,"Action,Adventure",274,174,100
1246130,"Indie,Racing,Sports,Early Access",0,0,0
1479010,"Indie,Simulation",3,1,2
759500,"Casual,Indie",8,7,1
1917720,"Casual,Indie,Racing,Simulation,Sports,Strategy",3,2,1
306680,"Casual,Indie",153,128,25
1007520,"Action,Adventure,Indie,RPG",27,26,1
115210,Strategy,179,125,54
1531000,Casual,1,0,1
499520,Adventure,3825,3340,485
1563710,"Free to Play,Indie,Strategy",0,0,0
1354420,"Adventure,Casual,Indie,RPG",0,0,0
284290,"Racing,Simulation",38,15,23
1930960,"Casual,Indie",6,6,0
1798740,"Action,Indie",7,7,0
975290,"Adventure,Casual,Indie",12,12,0
218230,"Action,Free to Play,Massively Multiplayer",342,258,84
486540,"Casual,Simulation,Strategy",37,26,11
880270,Simulation,0,0,0
18000,"Adventure,RPG",279,254,25
1344140,Casual,1,1,0
1678360,Indie,1,0,1
1578330,"Adventure,Indie,Simulation",4,3,1
772340,"Adventure,Indie,RPG",5,5,0
359620,Adventure,25,14,11
1503430,"Action,Indie",10,10,0
1361840,"Action,Adventure,Indie",17,12,5
618070,"Action,Indie",12,11,1
1773560,"Casual,Indie,Simulation,Strategy",9,6,3
438730,"Casual,Indie,Strategy",18,10,8
1792010,"Adventure,Free to Play,Indie",2,1,1
356870,"Action,Adventure,Indie,RPG",6,1,5
320540,"Action,Casual,Indie,Racing",122,86,36
1431630,"Simulation,Strategy",0,0,0
494830,"Casual,Indie,Simulation",64,42,22
1374630,"Action,Indie,Early Access",2,2,0
508550,"Action,Indie,Strategy",712,535,177
1162370,"Casual,Indie",2,2,0
1234550,"Action,Indie,Early Access",23,18,5
857540,"Action,Adventure,Indie,Simulation",13,10,3
1086850,"Casual,Indie,Simulation",367,337,30
1910360,"Indie,RPG",1,1,0
615460,Simulation,0,0,0
831720,"Casual,Indie",34,32,2
415950,"Action,Adventure,Casual,Indie,Simulation",123,71,52
1131940,"Casual,Indie,Simulation",2,1,1
600720,"Racing,Sports",123,82,41
1713810,"Action,Indie,RPG,Simulation,Strategy,Early Access",227,182,45
1009180,"Action,Adventure,Indie,Early Access",15,7,8
896370,"Casual,Indie",2,2,0
1217480,"Action,Casual,Indie",2,0,2
1963180,"Adventure,Indie,Simulation",5,4,1
1147850,"Action,Adventure,Casual,Indie,RPG",8,8,0
769980,"Action,Indie",15,12,3
858780,"Adventure,Indie,RPG",16,9,7
375600,"Action,Indie",301,223,78
1654440,"Action,Free to Play,RPG,Strategy",0,0,0
1978110,"Adventure,Indie",1,1,0
1733430,Utilities,1,0,1
917870,"Action,Indie",1,1,0
555600,"Action,Adventure,Indie",20,19,1
1261010,"Action,Casual,Indie",22,18,4
564450,"Adventure,Casual",6,3,3
1043360,"Action,Casual,Indie",5,1,4
1507260,"Casual,Indie,RPG,Simulation,Sports",0,0,0
1392660,"Action,Adventure,Indie,RPG",0,0,0
1641860,"Action,Adventure,Casual,Indie",1,1,0
1894230,Indie,17,6,11
1448310,"Action,Free to Play,Indie,RPG,Strategy,Early Access",0,0,0
675110,"Action,Indie",5,3,2
890640,"Action,Casual,Indie",6,4,2
4890,Strategy,211,154,57
1484580,"Adventure,Indie",11,8,3
695320,"Action,Adventure,Indie",4,4,0
1030470,"Action,Casual,Indie",19,15,4
1072500,Sports,260,171,89
1734610,Racing,1,0,1
1142360,"Adventure,Casual,Indie,RPG",7,3,4
1079450,"Adventure,Indie",84,84,0
639220,"Action,Indie,Racing,Sports,Early Access",23,16,7
791800,Strategy,7,6,1
909270,"Action,Adventure,Casual,Indie,Racing,Strategy",4,2,2
963230,"Casual,Indie",37,31,6
1381290,"Action,Indie",11,10,1
786110,Indie,0,0,0
1561600,Action,1,0,1
1406270,"Casual,Indie",35,30,5
932300,"Action,Casual,Indie",1,0,1
683970,"Adventure,Casual,Indie",12,9,3
862280,"Action,Adventure,Indie,Simulation",9,3,6
1049370,"Action,Adventure,Racing,Simulation,Early Access",4,2,2
1750290,"Action,Adventure,Indie",1,1,0
80350,"Adventure,Indie",264,251,13
1823760,"Action,Casual,Indie",0,0,0
1511270,"Free to Play,Indie",6,6,0
1392280,"Action,Indie",0,0,0
42000,"Casual,Indie",7,4,3
1775270,"Action,Adventure",22,15,7
955900,"Indie,RPG,Simulation,Strategy",1273,1182,91
523220,"Education,Utilities",2,1,1
1453940,"Action,Adventure,Casual,Indie,RPG",112,71,41
371310,"Free to Play,Massively Multiplayer,RPG",1,1,0
1740100,"Adventure,Casual,Free to Play,Indie,RPG,Simulation,Strategy",0,0,0
1200350,Action,0,0,0
689480,"Action,Adventure,Indie",2,0,2
352050,"Indie,Simulation",12,9,3
516470,"Action,Indie",6,3,3
1203600,"Action,Indie",2,1,1
1197150,"Casual,Indie",13,10,3
1986900,"Action,Adventure,Casual,Indie",37,20,17
655630,"Action,Indie,Sports",1,1,0
428260,"Adventure,Casual",11,5,6
878300,"Adventure,Casual,Indie",2,1,1
1311930,"Adventure,Casual",0,0,0
1730050,"Adventure,Indie",1,0,1
1524020,"Action,Indie",18,16,2
1594200,Adventure,6,5,1
708510,"Action,Casual,Free to Play,Indie,Massively Multiplayer",9,3,6
1328620,"Adventure,Indie",6,2,4
1152840,"Adventure,Casual,Indie,Simulation",5,5,0
568500,"Casual,Indie",10,7,3
859150,"Adventure,RPG",8,7,1
1469230,"Adventure,Casual,Indie",0,0,0
18400,"Casual,Strategy",66,36,30
547050,Indie,53,46,7
1604060,"Simulation,Sports,Strategy",51,35,16
1960950,"Action,Casual,Indie",16,14,2
1661450,Casual,8,8,0
1423030,"Action,Adventure,Free to Play,Indie,Massively Multiplayer,RPG,Simulation",0,0,0
759180,"Action,Adventure,Casual,Indie,Racing,RPG",0,0,0
1717570,"Action,Adventure,Indie",40,37,3
1440810,"Action,Adventure,Indie,RPG",0,0,0
1392460,"Adventure,Indie,RPG",0,0,0
1044980,"Casual,Indie,Simulation",230,142,88
1604710,"Adventure,Casual,Indie,Simulation,Early Access",1,0,1
1379070,"Indie,RPG,Simulation,Early Access",3,2,1
1724470,RPG,4,3,1
368250,"Adventure,Casual,Indie,RPG",27,15,12
642610,"Casual,Indie",85,72,13
448290,"Action,Adventure,Indie",264,222,42
300620,"Adventure,Casual,Indie",3,3,0
1784220,"Casual,Indie,Strategy",20,20,0
1060840,"Casual,Indie",1,1,0
656330,"Action,Casual,Indie",0,0,0
269650,"Action,Adventure,Indie,RPG",1335,1119,216
1282110,"Action,Indie",0,0,0
1197340,"Action,Adventure",1,0,1
1867000,Casual,1,1,0
673360,"Action,Adventure,Indie",1,1,0
976090,"Action,Casual,Indie",1,1,0
437080,"Action,Adventure,Simulation",39,27,12
1869370,"Casual,Indie",4,2,2
1146500,Adventure,0,0,0
842170,"Action,Indie",64,58,6
1943020,"Casual,Indie",0,0,0
1052760,"Casual,Indie",5,5,0
1877000,"Indie,Racing",14,14,0
1545380,Casual,1,1,0
1897600,Casual,1,0,1
316160,"Adventure,Casual,Indie",131,64,67
1440010,"Action,Adventure,Indie,Early Access",27,19,8
986830,"Adventure,Casual",30,27,3
697020,"Action,Indie",14,6,8
763910,"Adventure,Indie,Simulation",21,17,4
1590950,Indie,0,0,0
1338330,"Casual,Indie,Simulation",781,704,77
618000,"Indie,Strategy",7,4,3
1004570,"Casual,Indie,Strategy",2,2,0
1989280,Adventure,0,0,0
872270,"Casual,Indie",2,2,0
1478070,"Action,Strategy",0,0,0
1008580,"Action,Free to Play,Indie,Early Access",0,0,0
1310390,"Indie,Strategy",0,0,0
1334420,"Adventure,Indie",1,0,1
1719730,"Action,Adventure,Indie",2,1,1
215630,"Action,Adventure,RPG",194,131,63
1950020,"Adventure,Free to Play,Indie",0,0,0
1906410,"Action,Casual,Indie,RPG,Simulation,Strategy",2,0,2
674360,"Casual,Indie",1,0,1
543110,"Action,Casual,Sports",4,4,0
1426900,"Indie,RPG",8,5,3
435970,"Action,Indie",46,45,1
1747890,"Adventure,Indie,Simulation",60,59,1
871620,Simulation,0,0,0
1349540,"Casual,Free to Play,Indie",1,0,1
467850,"Action,Indie",85,57,28
741120,"Casual,Indie",13,4,9
734450,"Indie,Strategy",7,6,1
796350,"Adventure,Indie,Simulation",5,3,2
963960,"Adventure,Casual,Indie",2,2,0
293240,"Action,Adventure,Indie,Strategy",235,214,21
806720,"Indie,Strategy",8,8,0
541960,"Action,Casual,Indie",2,1,1
524120,"Action,Adventure,Indie,Simulation",31,26,5
607030,"Adventure,Casual,Indie,RPG,Strategy",9,4,5
1925730,"Casual,Indie",38,23,15
1436490,"Action,Casual,Indie,Strategy",8,8,0
1217720,"Action,Adventure,Casual,Indie",13,12,1
1533880,"Action,Adventure",1,0,1
1608170,Strategy,0,0,0
607680,Casual,5,3,2
1290790,"Indie,Strategy",10,9,1
1660180,"Casual,Indie",6,5,1
1157980,"Adventure,Indie",1,1,0
1727660,RPG,12,12,0
454900,"Action,Indie",41,37,4
1123150,"Casual,Simulation",0,0,0
473840,"Action,Adventure,Indie,RPG",15,13,2
1037950,"Adventure,Casual,RPG,Strategy",0,0,0
1533500,"Action,Adventure,Indie,Simulation,Strategy",9,7,2
566780,"Action,Casual,Indie,Sports",34,26,8
568910,"Indie,RPG,Simulation,Strategy",9,5,4
1293860,"Action,Adventure,Indie,RPG,Simulation,Strategy",0,0,0
752470,"Adventure,Indie",83,65,18
46760,Strategy,6,2,4
1942380,"Casual,Indie,Early Access",7,7,0
681090,"Action,Adventure,Indie",3,2,1
1637630,Indie,10,9,1
1417270,"Casual,Indie",5,3,2
1038640,"Adventure,Casual,Indie",5,4,1
364250,Action,25,23,2
1252240,"Action,Adventure,Indie",24,16,8
370920,"Action,Indie",34,34,0
1557200,"Adventure,Casual,Indie",4,4,0
1120700,Indie,1,0,1
1565840,"Adventure,Casual,Indie",0,0,0
234670,"Action,Adventure",3111,2769,342
709450,"Adventure,Casual,Free to Play,Indie,RPG",1,1,0
1683070,"Adventure,Casual,Free to Play,Indie",0,0,0
1227360,"Action,Indie,Simulation,Early Access",22,13,9
1329510,"Adventure,Casual,RPG,Simulation",386,285,101
945390,"Casual,Indie,Strategy",1,1,0
244730,"Action,Indie",945,863,82
1291640,"Action,Casual,Indie,Simulation",2,1,1
1743810,"Adventure,Casual,Indie,Strategy",1,0,1
287390,Action,13547,11558,1989
1413930,Casual,0,0,0
441790,"Action,Indie,RPG",546,180,366
1855610,"Action,Adventure,Casual,Indie,RPG",4,3,1
436940,"Action,Strategy",47,43,4
796360,"Casual,Indie",26,17,9
1124000,"Free to Play,Indie,Simulation,Early Access",0,0,0
375570,"Action,Adventure,RPG",0,0,0
1329460,Casual,2,1,1
1463140,"Action,Casual,Indie",10,4,6
11560,Strategy,47,28,19
786940,"Casual,Indie,Strategy",0,0,0
878330,"Action,Indie",8,7,1
95900,"Action,Simulation",125,86,39
944380,Casual,5,2,3
1807140,"Casual,Indie",3,2,1
1264220,"Casual,Free to Play,Indie,Strategy",0,0,0
1219230,"Casual,Indie",20,15,5
391190,"Indie,Early Access",1,1,0
395350,"Adventure,Indie,Strategy",195,116,79
1227860,"Casual,Indie",14,13,1
358280,Action,16,15,1
323470,Action,6426,5516,910
467170,"Casual,Indie,Strategy",4,3,1
423230,Action,4961,4591,370
598230,"Adventure,Indie",1,1,0
1383630,"Action,Adventure,Indie",43,39,4
113200,"Action,Adventure,Indie,RPG",20980,19983,997
381750,"Action,Indie,Racing,Simulation,Sports",162,103,59
1483370,"Adventure,Indie,RPG,Early Access",26,26,0
579840,"Action,Adventure,Casual,Indie",313,264,49
1033930,"Casual,RPG,Simulation",8,2,6
625830,"Action,Indie,Early Access",17,14,3
204030,"Action,Adventure,RPG",3609,3265,344
1287230,"Adventure,Indie,RPG,Simulation,Strategy,Early Access",1,1,0
684260,Violent,1,1,0
1663200,"Free to Play,Indie",0,0,0
1258000,"Action,Indie",3,3,0
744720,"Action,Adventure,Indie,RPG,Simulation,Early Access",3,0,3
332200,"Action,Adventure,Indie",3249,2972,277
881470,"Action,Indie",5,5,0
935490,"Action,Indie,Simulation,Early Access",13,9,4
297720,"Adventure,Indie",120,75,45
982480,Simulation,4,0,4
603560,"Adventure,Indie",1,0,1
916260,"Casual,Indie,RPG,Simulation",4,1,3
1066460,"Casual,Indie",13,13,0
1301840,"Casual,Indie",0,0,0
1229570,"Casual,Indie,Simulation",65,46,19
788510,"Action,Indie",10,3,7
1231950,"Adventure,Indie",39,26,13
445550,"Casual,Indie,RPG,Early Access",2,2,0
1452900,"Action,Adventure,Indie",9,9,0
508760,"Casual,Indie",8,6,2
279990,"Casual,Indie,RPG,Simulation",37,27,10
787840,"Casual,Indie,RPG,Simulation",29,24,5
588750,"Indie,Racing,Simulation,Sports",12,6,6
1414250,"Adventure,Casual,Indie",209,187,22
1893890,"Action,Adventure,Indie",1,1,0
1060180,"Action,Casual,Indie,Racing,Simulation",30,25,5
307900,"Casual,Indie,Simulation,Strategy",20,16,4
562450,"Action,Indie",6,2,4
464940,Adventure,2,2,0
1928640,"Adventure,Casual,Free to Play,Massively Multiplayer,RPG,Strategy,Early Access",0,0,0
283390,Action,39,25,14
1162320,"Action,Adventure,Casual",5,5,0
431220,"Action,Adventure,Indie",8,8,0
1023960,"Adventure,Indie,Simulation",1,0,1
1114020,"Action,Indie",4,2,2
345350,RPG,1720,1394,326
493430,"Animation & Modeling,Design & Illustration,Education,Utilities",6,6,0
431650,"Action,Adventure,Indie",305,202,103
623580,"Action,Casual,Indie",13,6,7
358440,Action,5,4,1
1491790,"Casual,Indie,Simulation",7,6,1
866400,"Indie,Simulation,Strategy,Early Access",43,37,6
57740,"RPG,Simulation,Strategy",475,325,150
1560500,"Action,Free to Play,Simulation,Strategy,Early Access",0,0,0
1025650,"Action,Indie,Early Access",4,1,3
1748260,"Casual,Strategy",8,4,4
1172380,"Action,Adventure",53388,48328,5060
563270,"Adventure,RPG",13,10,3
713260,"Indie,RPG",4,4,0
1207210,"Adventure,Casual,Indie",2,2,0
1275210,"Action,RPG",0,0,0
772570,"Adventure,Casual,Indie",14,13,1
1580960,"Adventure,Indie,Simulation",1,0,1
1870790,"Action,Adventure,Indie",0,0,0
362810,"Action,Indie",180,155,25
669950,"Action,Adventure,Indie,RPG",456,404,52
1254160,"Adventure,Indie,RPG",4,2,2
1073790,"Adventure,Casual,Indie",0,0,0
374400,Utilities,105,80,25
1368340,"Adventure,Free to Play,Indie",0,0,0
1477900,"Adventure,Free to Play,Indie",0,0,0
588880,"Action,Indie",5,4,1
736220,"Action,Indie,Massively Multiplayer,Simulation,Strategy",8590,7035,1555
1419860,"Adventure,Casual,Indie",0,0,0
464380,"Adventure,Indie,RPG",12,2,10
1312250,Action,28,19,9
1743380,"Indie,RPG",50,46,4
940310,"Indie,RPG",177,137,40
820210,"Casual,Indie",12,11,1
1636550,"Casual,Indie",5,4,1
1917460,"Action,Indie,RPG",1,0,1
1588390,"Animation & Modeling,Education,Utilities,Video Production,Game Development",1,0,1
1028860,"Casual,Free to Play,Indie,Simulation",0,0,0
1031310,"Action,Adventure,Casual,Indie",3,1,2
1855750,"Action,Adventure,Casual",0,0,0
985510,"Adventure,Indie",18,15,3
743350,Action,12,6,6
1897540,"Action,Adventure,Casual,Indie",1,1,0
714270,"Animation & Modeling,Design & Illustration",0,0,0
567620,"Adventure,Indie,Early Access",0,0,0
1026760,"Casual,Free to Play,Early Access",0,0,0
1317070,Action,2,2,0
398640,"Simulation,Sports,Strategy",85,40,45
1328660,"Action,Racing",1827,1453,374
1431770,"Adventure,Casual,Free to Play,Indie,Strategy",0,0,0
813300,"Adventure,Casual,Indie,RPG,Simulation",1,1,0
373440,RPG,45,33,12
565540,"Action,Indie",4,4,0
533010,"Action,Indie",27,15,12
838530,"Adventure,Casual,Strategy",2,2,0
477120,"Action,Indie",1,1,0
1742500,Adventure,4,4,0
1831900,"Action,Casual,Free to Play,RPG",0,0,0
766300,"Animation & Modeling,Audio Production,Design & Illustration",3,3,0
1589540,"Adventure,Indie",9,7,2
575570,"Action,Adventure,Indie,Simulation",43,24,19
783440,"Adventure,Indie,RPG",21,13,8
1608200,Casual,1,0,1
723410,"Casual,Free to Play,Massively Multiplayer,Strategy,Early Access",0,0,0
444220,"Action,Adventure,Casual,Indie,RPG",100,54,46
1450180,"Action,Adventure,Indie",234,170,64
405340,"Action,Strategy",23,13,10
61520,"RPG,Strategy",276,245,31
531910,"Casual,Indie",25,24,1
1970550,Indie,12,10,2
366100,"Casual,Indie,RPG,Strategy",13,13,0
476030,"Action,Indie,RPG",7,2,5
615330,"Action,Adventure,Indie,Simulation,Sports",18,16,2
785260,Racing,1177,805,372
1943820,RPG,2,2,0
702120,Action,105,87,18
1574330,"Action,Indie",4,4,0
1230010,"Action,Casual,Indie,Strategy",2,2,0
899610,"Adventure,Free to Play,Indie",0,0,0
1695500,"RPG,Simulation",2,0,2
814300,"Action,Casual,Indie",44,41,3
570090,"Design & Illustration,Education,Utilities",47,40,7
338310,"Action,Adventure,Indie,RPG",38,32,6
554310,"Violent,Gore,Adventure,Casual,Indie",848,777,71
1070510,Strategy,20,20,0
1058710,"Casual,Indie,RPG,Simulation,Strategy,Early Access",3,3,0
1591540,"Action,Adventure,Indie",3,3,0
1722040,"Action,Free to Play",0,0,0
1755110,"Action,Adventure,Indie",0,0,0
1221730,"Indie,RPG",1,1,0
922290,"Casual,Indie",18,17,1
1497850,"Education,Utilities,Game Development",1,1,0
1671140,"Action,Adventure,Indie,Strategy",0,0,0
776190,"Action,Adventure,Indie",13,2,11
2056160,"Casual,RPG,Strategy",0,0,0
1123900,"Adventure,Casual",6,6,0
877330,"Action,Indie",4,3,1
733870,"Casual,Indie",2,2,0
913150,"Adventure,Casual,Indie",1,1,0
1264140,"Adventure,Indie",3,3,0
1302990,"Indie,RPG",163,161,2
283290,"Action,Adventure",558,496,62
928350,"Action,Adventure,Indie",5,5,0
1915910,"Action,Adventure,Casual,Indie,Simulation,Strategy",12,10,2
704920,"Action,Adventure,Indie,RPG",14,14,0
916050,"Adventure,Indie,RPG",15,9,6
1694180,"Casual,Indie",2,0,2
1341960,"Action,Adventure,Casual",29,27,2
1099840,"Action,Adventure,Indie,Simulation",19,13,6
1397820,"Action,Adventure,Casual",0,0,0
879100,Action,1,1,0
431470,"Adventure,RPG,Strategy,Early Access",1,0,1
1360600,"RPG,Strategy",13,12,1
1117990,"Adventure,RPG,Simulation,Strategy",3,3,0
349100,"Action,Adventure,Indie,RPG",43,42,1
1380620,"Action,Adventure,Simulation",13,3,10
1712020,"Casual,Indie,Simulation",4,4,0
1762840,"Adventure,Indie",0,0,0
1244770,Simulation,0,0,0
598550,"Action,Indie",842,791,51
671120,"Action,Casual",4,4,0
1206720,"Adventure,Indie,RPG",11,7,4
1765630,Casual,0,0,0
1575300,"Action,Indie",23,23,0
1683690,"Casual,Indie,Massively Multiplayer,Racing,Simulation,Sports",16,14,2
412410,"Action,Indie,Strategy",27,14,13
567030,"Casual,Indie",233,228,5
454720,"Casual,Indie",8,3,5
849420,"Adventure,Casual,Indie",4,0,4
1155730,"Adventure,Indie",0,0,0
1305730,"Adventure,Casual,Free to Play,Indie",0,0,0
583930,Casual,209,184,25
883000,"Action,Adventure,Simulation",5,2,3
595120,"Action,Indie",75,50,25
3480,Casual,3162,3087,75
959750,"Adventure,Casual,Free to Play,Indie,RPG,Simulation",0,0,0
579230,"Casual,Indie",54,48,6
675970,Racing,12,12,0
392600,Indie,4,2,2
305780,"Adventure,Indie",105,83,22
1179300,Accounting,2,2,0
610860,"Action,Adventure,Strategy",82,53,29
1769010,"Indie,Simulation,Sports",4,3,1
817120,"Action,Casual,Indie",3,3,0
1307880,"Casual,Indie",29,29,0
774401,"Action,Casual,Indie",16,11,5
403230,"Action,Adventure,Indie",5,4,1
1645940,"Adventure,Indie",3,3,0
1387010,"Casual,Indie,RPG,Strategy,Early Access",18,12,6
1481670,"Casual,Indie",1,0,1
1729830,"Casual,Free to Play,Indie,Strategy,Early Access",0,0,0
1879910,"Action,Adventure",0,0,0
395400,"Adventure,Casual,Indie,RPG",20,8,12
1823470,"Action,Casual,Free to Play,Strategy",0,0,0
1802590,"Adventure,Casual,Free to Play,Indie",0,0,0
1156130,"Adventure,Indie",1,0,1
1000110,"Action,Adventure,Casual,Free to Play,Massively Multiplayer",0,0,0
1027250,RPG,77,64,13
1752830,"Action,Casual,Indie",6,0,6
356770,"Adventure,Indie,Simulation",36,21,15
252710,Adventure,163,129,34
661000,"Casual,Indie",30,16,14
1015710,"Indie,Simulation",20,8,12
1546940,"Action,Indie",63,53,10
2008600,Adventure,2,2,0
706350,"Indie,RPG",5,4,1
802480,Indie,1,0,1
1107050,"Adventure,Casual,Indie,RPG,Simulation,Strategy",1,1,0
1261900,"Action,Adventure,Indie",2,2,0
1262450,"Action,Adventure,Casual,Indie,RPG",2,2,0
323720,"Adventure,Indie",392,283,109
495580,"Action,Free to Play,Indie,Strategy",91,49,42
495570,"Action,Adventure,Casual,Indie,Racing,Simulation,Sports,Strategy",82,65,17
1269190,"Casual,Indie",3,3,0
27400,"RPG,Indie,Casual",92,67,25
657090,"Indie,RPG,Strategy",93,60,33
1132770,"Indie,Simulation,Strategy",1,1,0
326590,"Action,Simulation,Sports,Strategy",62,48,14
971070,"Adventure,Casual",7,7,0
868320,"Sexual Content,Nudity,Violent,Gore,Free to Play,RPG",0,0,0
687900,"Adventure,Indie",13,7,6
316740,"Adventure,Indie,RPG",16,8,8
504410,Adventure,33,19,14
1884720,Casual,0,0,0
997870,"Indie,Strategy",3,0,3
1668010,"Indie,Strategy",1,1,0
1271600,"Action,Indie",5,3,2
550830,"Action,Casual,Strategy",0,0,0
251490,Indie,112,108,4
1229250,"Indie,Simulation,Strategy",7,3,4
989400,"Action,Casual,Indie,Racing,Strategy",1,1,0
1586930,"Indie,Racing,Simulation,Sports",0,0,0
564040,"Action,Indie",16,13,3
667900,"Nudity,Violent,Gore,Action,Adventure,Casual,Indie,RPG,Simulation,Strategy",1,0,1
1990310,"Action,Adventure,Casual,Indie,RPG,Simulation,Strategy",11,10,1
1059160,"Casual,Indie,Racing",10,8,2
1043030,"Action,Casual,Indie",4,4,0
1526230,Simulation,30,18,12
1166240,Casual,7,4,3
1729950,"Casual,Indie",0,0,0
397660,"Nudity,Violent,Gore,Action,Adventure,Indie",10,7,3
639320,Indie,1,1,0
1823020,"Casual,Indie,Simulation,Sports",4,4,0
1878110,"Adventure,Casual",2,2,0
1764710,"Strategy,Early Access",1,0,1
527150,"Action,Indie",90,83,7
1345750,Casual,2,2,0
610340,"Audio Production,Design & Illustration,Utilities,Video Production,Web Publishing",5,4,1
586110,"Casual,Free to Play,Massively Multiplayer,Early Access",0,0,0
416770,"Casual,Indie",580,531,49
935070,Simulation,64,55,9
1391720,"Action,Indie",0,0,0
1144170,"Free to Play,Massively Multiplayer,Simulation,Strategy",0,0,0
739290,Action,2,2,0
1032070,"Adventure,Indie",5,5,0
1570700,"Action,Free to Play,Early Access",0,0,0
1935460,RPG,3,2,1
1632140,"Action,Adventure,Indie,RPG",7,6,1
233190,"Action,Indie",242,187,55
1784410,"Action,Casual,Free to Play,Indie,Early Access",0,0,0
943670,"Audio Production,Utilities,Video Production",0,0,0
536780,"Adventure,Casual",71,58,13
2007050,"Casual,Indie,Simulation",5,3,2
961510,"Action,Casual,Indie",30,26,4
582500,"Action,Adventure,Free to Play,Indie",921,837,84
1136080,"Action,Adventure",8,7,1
1233210,"Casual,Free to Play",0,0,0
1090920,Indie,19,19,0
1208090,"Adventure,Casual,Indie,Simulation",5,1,4
1220600,"Indie,RPG,Simulation,Early Access",4,4,0
2026370,"Action,Casual,Indie",16,16,0
399420,"Adventure,Indie,Strategy",23,10,13
1982990,"Casual,Indie,Early Access",0,0,0
1298880,"Action,Casual,Indie",2,2,0
222606,Simulation,17,17,0
1106860,"Action,Casual",107,100,7
1592880,"Casual,Indie,Strategy",9,8,1
4720,Action,1260,1098,162
1871740,"Action,Indie,Early Access",0,0,0
861410,"RPG,Early Access",5,5,0
848200,"Action,Adventure,Indie,RPG",13,11,2
568180,"Action,Adventure,Indie",8,8,0
1045310,"Adventure,Indie,RPG,Early Access",0,0,0
466210,"Action,Casual,Indie,Racing,Simulation,Sports",8,2,6
1612180,"Action,Adventure,Indie,RPG",2,2,0
748050,"Violent,Indie,Early Access",0,0,0
1925270,"Casual,Indie",0,0,0
1929670,"Casual,Free to Play,Simulation,Strategy",0,0,0
1086980,"Action,Sports",0,0,0
1244860,"Action,Adventure,Indie",8,4,4
1100500,"Action,RPG",1,0,1
1029930,"Action,Indie",0,0,0
1836590,"Adventure,Casual,Indie,Simulation",9,3,6
1646750,"Casual,Indie",3,0,3
1846170,"Adventure,Indie,Simulation",3427,3207,220
708710,"Action,Casual,Indie,Strategy",26,14,12
492180,"Action,Adventure,Indie",30,25,5
1603300,"Casual,RPG,Simulation",1,1,0
33700,"Casual,Simulation",0,0,0
687640,"Action,Adventure,Indie,RPG,Strategy,Early Access",3,0,3
22100,"Indie,RPG",1788,1639,149
1147110,"Adventure,Indie",27,25,2
391740,"Action,Adventure,Indie",34,15,19
636400,"Adventure,Casual,Indie",35,26,9
1679910,"Action,Indie",2,2,0
1240910,"Action,Free to Play,Indie,Massively Multiplayer,RPG",0,0,0
2069030,"Casual,Indie",1,1,0
694830,"Casual,Indie",2,2,0
1458530,"Adventure,Indie",2,2,0
1124640,"Casual,Free to Play,Indie,Simulation",0,0,0
985900,"Action,Adventure,Indie,RPG",104,89,15
790700,"Action,Adventure,Indie,RPG,Simulation,Early Access",19,8,11
1204050,"Animation & Modeling,Design & Illustration,Photo Editing,Game Development",0,0,0
256390,"Racing,Simulation,Sports",133,61,72
2078580,"Action,Adventure,Indie",1,0,1
1128680,"Adventure,Indie",1,1,0
823370,"Action,Adventure,Casual,Indie",4,3,1
1738150,"Indie,Simulation,Sports,Strategy",11,6,5
1590730,"Action,Adventure,Indie,RPG,Simulation,Early Access",181,139,42
579580,"Violent,Gore,Adventure,Indie",1,0,1
1538370,"Adventure,Casual,Indie,RPG",0,0,0
1142180,"Action,Indie,Simulation,Early Access",0,0,0
1117310,"Casual,Indie,Strategy",113,111,2
1127070,"Adventure,Casual,Indie",48,40,8
239350,Indie,9326,8605,721
1231520,"Adventure,Casual,Indie,RPG,Simulation,Strategy,Early Access",119,95,24
771530,"Action,Adventure,Casual,Indie",28,21,7
2059650,Indie,11,11,0
1221830,"Action,Adventure,Casual,Indie",4,4,0
1010490,"Adventure,Casual,Indie,RPG,Simulation",7,3,4
666860,"Adventure,Free to Play,Massively Multiplayer,RPG",0,0,0
1445430,"Adventure,Casual,RPG,Strategy",4,4,0
1311300,"Action,Indie",0,0,0
1928320,"Action,Indie",4,4,0
1718870,"Indie,Simulation,Early Access",725,701,24
697890,"Violent,Gore,Adventure,Indie,RPG",0,0,0
2075930,Casual,0,0,0
876290,Casual,2,1,1
362350,"Casual,Indie,Strategy",230,135,95
598730,"Action,Adventure,Indie",204,181,23
397440,"Adventure,Casual",6,5,1
487020,"Casual,Indie",18,17,1
1284870,"Adventure,Indie",23,22,1
1504760,"Indie,Simulation,Strategy",0,0,0
660450,"Action,Adventure,Indie,Massively Multiplayer,RPG",0,0,0
497510,"Action,Strategy",22,18,4
344300,"Action,Indie",22,14,8
1283860,"Action,Casual",1,0,1
1504610,Casual,2,1,1
524640,"Action,Indie",147,123,24
1008990,"Action,Casual,Indie,Sports,Early Access",1,0,1
955410,"Action,Strategy",11,11,0
1709550,Adventure,1,1,0
1998380,"Adventure,Casual,Indie",10,10,0
1461500,"Adventure,Casual,Indie",1,1,0
295750,Indie,200,165,35
875320,"Action,Casual,Indie,Racing,RPG,Simulation,Sports",0,0,0
1698030,Adventure,8,7,1
823290,"Action,Casual,Indie,Strategy",0,0,0
1683820,"Casual,Indie,Simulation,Early Access",0,0,0
1511000,"Casual,Indie,Strategy",0,0,0
659170,"Action,Casual,Indie",2,2,0
1098540,"Action,Indie,Massively Multiplayer",6,2,4
705810,"Free to Play,Indie,Massively Multiplayer,Strategy",0,0,0
1037560,"Indie,Simulation,Sports",134,111,23
1911050,"Action,Indie",1,1,0
1229310,Strategy,29,17,12
1167380,"Action,Adventure,Indie",2,1,1
1184890,"Adventure,Casual,Indie,RPG,Simulation",34,25,9
1907150,"Adventure,Casual,Strategy",6,6,0
1948190,"Action,Indie",1,0,1
1097340,"Adventure,Casual,Indie",0,0,0
1715490,"Casual,Indie,Early Access",0,0,0
783340,"Adventure,Indie",13,10,3
500140,"Casual,Indie",5,2,3
435100,"Adventure,Indie",70,48,22
1025540,Strategy,5,4,1
1680550,"Action,Free to Play,Indie",1,1,0
1639230,"Indie,RPG",4,2,2
1915420,"Adventure,Indie",11,10,1
46480,Adventure,338,281,57
1616510,"Adventure,Casual,Indie,Simulation",0,0,0
1474100,Casual,9,6,3
864360,"Action,Casual,Indie",1,1,0
1243530,"Action,Casual,Indie",8,8,0
543270,"Adventure,Casual,Indie",17,13,4
1163140,"Adventure,Casual,Indie,RPG,Simulation,Strategy,Early Access",11,6,5
532660,"Action,Indie",8,4,4
1242670,"Action,Casual,Racing",19,16,3
1105160,"Action,Indie",0,0,0
1778210,"Adventure,Casual",21,21,0
1660280,"Adventure,Casual,Indie,RPG,Simulation",83,73,10
555160,"Action,Indie,Early Access",26808,25442,1366
543150,"Action,Adventure,Indie,Early Access",0,0,0
1205020,"Action,Adventure,Indie,RPG",2,1,1
1069490,"Adventure,Casual,Indie,RPG,Simulation,Strategy",4,4,0
303800,"Adventure,Strategy",492,346,146
1455380,"Action,Free to Play,Indie",0,0,0
451010,"Action,Casual,Indie,Strategy",144,124,20
753440,Adventure,14,12,2
437400,"Free to Play,Indie,Simulation",0,0,0
939930,"Casual,Indie",8,4,4
1257930,Action,11,8,3
843230,"Indie,RPG,Early Access",3,3,0
1953490,"Casual,Indie",14,13,1
1127580,"Adventure,Indie,Early Access",1,1,0
1539750,"Indie,RPG",30,29,1
1539090,"Action,Strategy",3,3,0
1814990,"Casual,Indie",0,0,0
556310,"Casual,Indie,Strategy",2,2,0
1261630,"Adventure,Casual",4,4,0
1126300,"Casual,Indie,Strategy",3,1,2
1146920,"Action,Adventure",6,3,3
1666430,Casual,0,0,0
768770,"Indie,Simulation",3,2,1
1661130,"Action,Adventure,Casual,Free to Play,Indie,Strategy",0,0,0
1175470,"Action,Adventure,Casual,Indie,Racing,RPG,Simulation,Sports,Strategy",2,0,2
1217230,"Casual,Indie,Strategy",0,0,0
1751860,"Action,Indie,Strategy,Early Access",2,0,2
229970,"Indie,Strategy",62,40,22
1488740,"Casual,Indie,Simulation,Strategy",6,6,0
450670,"Action,Indie,Racing",135,104,31
916210,"Action,Adventure,Indie,RPG",0,0,0
834000,"Racing,Sports",3,1,2
1133520,"Action,Adventure,Casual,Indie,Early Access",2,2,0
1597900,Strategy,2,2,0
739780,"Action,Adventure,Indie,RPG,Early Access",1,0,1
1004330,"Action,Casual,Indie,Racing,Sports",139,136,3
16020,Casual,13,10,3
491440,"Action,Adventure,Indie,Early Access",9,7,2
1186960,"Casual,Free to Play,Indie,Strategy",0,0,0
1808330,"Casual,Indie,Early Access",1,0,1
988890,"Adventure,Indie",4,3,1
218040,"Indie,Simulation,Strategy",68,35,33
1721480,"Action,Adventure,Indie",0,0,0
1732900,"Casual,Indie,Simulation",0,0,0
1820380,"Casual,Indie,RPG,Simulation,Early Access",2,2,0
1255160,"Casual,Indie,RPG,Simulation",0,0,0
1417970,"Adventure,Indie,RPG",0,0,0
1765320,Free to Play,0,0,0
725400,"Action,Casual",20,10,10
1755580,"Casual,Indie",11,9,2
1603860,"Adventure,Indie",25,25,0
658260,RPG,337,283,54
349440,"Action,Indie",38,9,29
733040,"Action,Casual,Indie",0,0,0
420970,"Indie,Strategy",8,7,1
970880,Casual,3,3,0
793210,"Adventure,Indie,Simulation",8,6,2
1532250,"Adventure,Casual",33,29,4
1142220,"Action,Indie,Simulation,Early Access",96,86,10
1720180,"Action,Casual,Indie",1,1,0
883620,"Casual,Indie",0,0,0
1703550,"Strategy,Early Access",0,0,0
397350,"RPG,Strategy",799,771,28
1909630,"Casual,Indie",0,0,0
1597210,"Action,Adventure,RPG,Simulation,Early Access",2,0,2
215160,Adventure,854,760,94
800680,"Violent,Adventure,Casual,Early Access",1,1,0
1786960,"Casual,Indie",5,3,2
1444750,"Action,Adventure,Free to Play,Indie",0,0,0
1409020,"Casual,Free to Play",0,0,0
943040,"Action,Adventure,Indie",2,2,0
780720,"Adventure,Indie,RPG,Early Access",1,0,1
1996570,"Action,Casual,Indie",1,1,0
1142730,"Casual,Indie,Sports",0,0,0
1174640,"Adventure,Casual,Indie,RPG,Simulation",89,86,3
621830,Racing,682,459,223
800050,"Adventure,Indie,RPG",20,18,2
1428580,"Action,Adventure,Indie",7,5,2
770200,"Action,Adventure,RPG,Strategy,Early Access",49,36,13
1172800,Adventure,93,92,1
222640,"Adventure,Strategy",338,266,72
1519910,Action,1,1,0
344740,"Action,Adventure,Indie,Strategy",649,540,109
1273800,"Casual,Indie,Simulation,Strategy",10,8,2
252050,Simulation,116,11,105
1071310,"Casual,Indie",0,0,0
1397040,"Indie,RPG,Strategy",0,0,0
563260,Action,32,28,4
587570,"Adventure,Free to Play",0,0,0
1896200,"Action,Indie,Early Access",0,0,0
593540,"Casual,Indie,Strategy",10,6,4
508820,"Casual,Indie",17,11,6
225360,"Action,RPG",353,164,189
1195170,"Action,Casual,Indie,RPG,Simulation,Strategy",4,2,2
1301930,"Action,Casual,Simulation",24,22,2
1248220,"Action,Free to Play,Indie,Massively Multiplayer,RPG",0,0,0
368050,"Action,Indie,Strategy",38,31,7
221810,Adventure,1154,973,181
819270,"Action,Casual,Indie,Strategy",0,0,0
957710,"Action,Adventure,Indie,RPG,Strategy",214,105,109
1918330,"Adventure,Casual,Indie,Utilities,Game Development",1,1,0
544880,Education,4,1,3
930600,"Indie,Strategy",1,1,0
519190,"Action,Indie,RPG",3089,1827,1262
1396950,Indie,0,0,0
594570,"Action,Strategy",46828,44185,2643
996850,"Action,Adventure,Indie,Early Access",0,0,0
1454690,"Adventure,Casual,Indie,RPG",0,0,0
574760,"Indie,Simulation,Strategy,Early Access",704,357,347
541240,"Action,Adventure,Casual,Indie",6,5,1
1379130,"Action,Massively Multiplayer,RPG",0,0,0
1598220,Simulation,8,8,0
1802970,"Audio Production,Utilities,Video Production",0,0,0
1366770,"Action,Indie,RPG",9,3,6
1791090,"Adventure,Casual,RPG",1,1,0
1266890,"Indie,Strategy",23,14,9
542820,"Casual,Early Access",15,12,3
604590,Strategy,0,0,0
1944560,"Adventure,Casual,Indie",1,1,0
1072390,"Adventure,Casual,Free to Play,Indie",0,0,0
712150,"Action,Casual,Indie,Simulation,Strategy,Early Access",12,7,5
1141650,"Casual,Indie,Simulation",23,20,3
531920,"Action,Adventure,Indie,RPG,Strategy",13,7,6
1652940,"Action,Adventure,Casual,Indie",0,0,0
975510,Action,146,112,34
1804370,"Action,Strategy",2,2,0
802120,"Action,Indie,RPG,Strategy,Early Access",9,6,3
815940,"Action,Free to Play",0,0,0
779110,"Indie,RPG,Early Access",5,3,2
1561590,"Casual,Indie,Strategy",0,0,0
587260,RPG,631,560,71
649730,"Adventure,Casual,Indie,Simulation",4,2,2
1504050,"Action,Casual,Indie",4,2,2
459770,"Action,Indie",0,0,0
304730,"Casual,Indie,Simulation",1226,696,530
1991850,"Action,Free to Play,Massively Multiplayer,Simulation",0,0,0
516480,"Action,Adventure,Casual,Indie",270,266,4
489470,"Adventure,Casual,Indie",37,14,23
1705760,"Free to Play,Indie,Strategy",0,0,0
1600830,"Action,Indie",5,3,2
1944330,"Action,Casual,Indie",0,0,0
1073710,Indie,1,1,0
841870,"Violent,Action,Indie",0,0,0
822110,"Adventure,Free to Play,Indie,Early Access",0,0,0
1426190,"Action,Indie,Early Access",2,1,1
1281170,"Indie,Simulation,Sports,Strategy",95,81,14
847800,"Action,Indie",0,0,0
1635920,"Action,Adventure,Casual",2,2,0
1563380,Adventure,0,0,0
1069290,"Adventure,Casual,Indie,RPG",0,0,0
1308410,Casual,0,0,0
731410,"Action,Casual,Indie",0,0,0
350800,"Action,Adventure,Indie,Simulation,Strategy,Early Access",6,1,5
537450,"Action,Adventure",347,210,137
499560,"Casual,Indie,Strategy",0,0,0
1752810,"Casual,Indie,Game Development",7,7,0
306490,"Simulation,Strategy",79,40,39
1045070,Adventure,1,1,0
1053640,"Casual,Indie,Simulation,Sports",1,1,0
529920,"Adventure,Indie",4,1,3
517000,"Casual,Indie",69,58,11
625770,"Nudity,Action,Casual",14,14,0
808130,"Action,Adventure,Casual,Indie",11,7,4
1941720,Utilities,0,0,0
839340,"Casual,Indie",25,22,3
1319320,"Action,Casual,Indie",4,4,0
765730,"Action,Adventure,Indie,RPG",2,0,2
1011460,Indie,1,1,0
977390,"Action,Indie,Simulation",49,46,3
744040,"Indie,Racing",10,7,3
544530,"Adventure,Indie,Simulation",37,26,11
313690,"Action,Adventure",1714,1479,235
485730,"Indie,Strategy",61,44,17
474890,"Action,Simulation,Strategy",102,66,36
1379150,"Casual,Indie,Simulation",2,1,1
1041210,"Adventure,Casual,Indie",0,0,0
1908790,"Casual,Indie",0,0,0
457570,"Action,Adventure,Casual,Indie",142,124,18
903680,Casual,1,1,0
765770,"Adventure,Casual,Indie",16,14,2
1345860,"Action,Adventure,Indie",154,140,14
1277930,"Adventure,Casual",369,365,4
1371600,"Casual,Indie,Sports",1,0,1
1104490,"Action,Adventure",8,7,1
742150,"Adventure,Indie,RPG",42,41,1
384110,"Action,Adventure,Indie,RPG",1125,967,158
1391530,"Action,Adventure,Strategy,Early Access",236,217,19
241000,"Indie,Strategy",287,116,171
621090,"Adventure,Casual",5,3,2
1311740,"Adventure,Indie",28,24,4
1513300,"Indie,Strategy",3,1,2
1173770,RPG,2853,2688,165
961850,"Casual,Indie,Sports",4,2,2
954210,"Action,Casual,Indie,Strategy",0,0,0
474030,"Adventure,Free to Play",0,0,0
32200,"Action,Indie,Racing,Sports",69,51,18
798460,"Action,Adventure,RPG",1419,1213,206
1230570,"Action,Indie",5,2,3
804610,"Action,Casual,Indie",10,6,4
459610,"Indie,Simulation,Strategy",23,17,6
1220200,"Action,Casual,Indie",12,12,0
1545830,"Adventure,RPG",77,66,11
1205590,"Adventure,Casual,Indie,RPG,Strategy",0,0,0
1118550,"Action,Indie,Simulation,Early Access",0,0,0
1443400,"Casual,Indie",2,2,0
674550,"Action,Casual,Indie,RPG",2,0,2
1859590,"Action,Adventure,Casual,Indie,Racing,Simulation,Sports,Strategy",6,5,1
1684480,"Indie,RPG",6,2,4
1265460,"Action,Adventure,Casual,Indie,Strategy",4,3,1
544480,"Indie,Simulation,Sports,Strategy",19,5,14
1475960,"Adventure,Indie",22,22,0
1998100,"Action,Adventure,Casual,Indie",12,11,1
1561060,"Casual,Indie",6,6,0
871490,"Education,Software Training",0,0,0
620650,"Casual,Indie",62,52,10
1319550,"Action,Indie,Early Access",61,52,9
513140,"Action,Adventure,Indie,Strategy",5,3,2
1164930,"Action,Adventure,Indie",21,3,18
803020,"Sports,Early Access",14,6,8
891860,"Casual,Free to Play,Indie",2,1,1
1542160,Casual,1,1,0
1051870,"Action,Free to Play,Indie,Massively Multiplayer",0,0,0
1215960,"Casual,Indie",3,2,1
1758010,"Action,Indie,RPG",1,0,1
1514300,"Action,Casual,Indie,Racing,RPG,Simulation,Sports,Strategy",0,0,0
1850390,"Adventure,Casual,Indie",6,5,1
843510,"Indie,Simulation,Strategy",17,14,3
984030,"Action,Adventure,Indie",1,1,0
289460,"Casual,Racing",65,38,27
487740,"Adventure,Indie,Strategy",0,0,0
596890,"Adventure,Indie,RPG",27,25,2
774121,"Action,Adventure,Casual,Indie,Massively Multiplayer",1,1,0
688770,"Action,Casual,Indie",66,57,9
1324490,"Indie,RPG,Strategy",1,1,0
997760,Sports,0,0,0
1014030,"Action,Indie",1,0,1
1304780,Action,22,13,9
522880,Adventure,63,47,16
897110,"Action,Indie",0,0,0
1005470,"Casual,Indie,Strategy",0,0,0
1653100,"Indie,Simulation,Strategy",45,43,2
21670,"Action,Adventure",534,393,141
10500,Strategy,8821,7896,925
670610,"Action,Indie",28,28,0
1035920,"Casual,Indie",3,3,0
350780,"Action,Adventure,Indie",101,88,13
1698740,Indie,0,0,0
794720,"Simulation,Strategy",0,0,0
682100,"Action,Adventure,Indie",7,2,5
1576620,Action,0,0,0
1211650,"Adventure,Free to Play",0,0,0
1256430,"Action,Adventure,Casual,Indie",7,7,0
1410580,"Adventure,Casual,Indie",8,7,1
735490,"Adventure,Casual,Indie",1,1,0
1161160,"Casual,Free to Play,Indie",0,0,0
913420,"Casual,Indie",1,1,0
277470,"Adventure,Indie,RPG",87,48,39
21500,Racing,6,3,3
756740,"Action,Indie",1,1,0
200010,"Casual,Strategy",1129,949,180
1066860,Game Development,2,1,1
1571140,"Action,Adventure,Indie,RPG,Early Access",1,1,0
1154860,Action,0,0,0
285480,Strategy,174,66,108
1397850,"Action,Free to Play,Indie",0,0,0
943210,"Indie,Sports",0,0,0
223730,"Action,Adventure,Indie",151,139,12
847100,"Adventure,Indie,RPG",0,0,0
1415470,"Action,Adventure,Indie,RPG",8,5,3
702900,Action,2,2,0
781040,"Action,Simulation",0,0,0
2520,"Casual,Indie",62,31,31
1573700,"Casual,Indie,Simulation",20,13,7
997720,"Casual,Indie",32,29,3
993290,"Casual,Simulation",0,0,0
790390,"Adventure,Indie",3,3,0
844660,"Casual,Indie",424,414,10
412930,"Adventure,Casual,Simulation,Strategy",17,16,1
1940980,"Adventure,Casual,Indie,Simulation,Sports,Strategy",6,5,1
1730680,"Action,Adventure,Casual",658,649,9
599560,"Adventure,Casual",87,61,26
1466490,Adventure,0,0,0
922220,"Action,Adventure,Casual,Indie,Strategy",2,1,1
758070,"Action,Indie",12,10,2
1162070,Indie,100,96,4
2014980,"Casual,Free to Play,Indie,RPG",0,0,0
1853820,"Free to Play,Indie,Simulation",0,0,0
1087330,"Adventure,Casual,Indie,RPG,Strategy,Early Access",13,8,5
1460670,"Adventure,Indie",1,1,0
252690,"Indie,RPG,Strategy",802,624,178
1672200,"Adventure,Casual",4,3,1
1250520,"Casual,Indie,Simulation",85,81,4
1097860,Indie,0,0,0
1995120,Indie,13,11,2
2060450,"Action,Adventure",2,2,0
1236920,"Action,Indie",1,0,1
868020,Adventure,0,0,0
1116210,"Adventure,Casual,Indie,RPG",28,21,7
1344630,Indie,2,1,1
921840,"Indie,Sports",0,0,0
380840,"Action,Free to Play,Indie",22,18,4
1783280,"Action,Indie,RPG,Early Access",94,85,9
1115690,"Adventure,RPG,Simulation,Strategy",2433,2086,347
304290,"Indie,RPG",138,110,28
1814630,"Casual,Free to Play,Indie,Simulation,Early Access",0,0,0
576500,"Adventure,Casual,Indie,Strategy",72,64,8
707590,"Casual,Strategy,Early Access",48,35,13
1519550,"Action,Adventure,Indie,RPG",16,13,3
1814360,"Action,Casual,Free to Play,Massively Multiplayer,RPG",0,0,0
754320,"Indie,RPG,Early Access",10,8,2
449070,"Casual,Indie,Strategy",7,2,5
220820,"Action,Indie,Racing",884,743,141
1779180,"Action,Adventure,Indie",71,66,5
1580040,Action,1,1,0
1671280,"Adventure,Indie",128,123,5
1939290,"Adventure,Casual,Free to Play,Indie",0,0,0
327670,"Indie,RPG,Strategy",566,421,145
438000,"Action,Casual,Indie",31,28,3
1058760,"Action,Casual,Indie",0,0,0
1570960,"Adventure,Casual,Free to Play,Indie,Early Access",0,0,0
478960,"Animation & Modeling,Education,Utilities,Web Publishing",1,1,0
542270,"Violent,Gore,Action,Indie,Early Access",4,1,3
844740,"RPG,Strategy,Early Access",0,0,0
411320,"Simulation,Strategy",49,42,7
288840,Adventure,95,78,17
1636260,"Adventure,Casual,Indie",6,4,2
319140,"Action,Indie",405,300,105
936610,"Indie,RPG,Strategy",30,24,6
1050340,"Animation & Modeling,Video Production",7,2,5
1261990,Racing,14,10,4
769150,"Adventure,Casual,Indie,Simulation,Sports",8,4,4
1356110,Utilities,2,2,0
552630,"Action,Indie",10,6,4
454410,"Action,Adventure",136,107,29
876300,Adventure,6,6,0
1631850,"Action,Adventure,Indie",22,20,2
1638140,"Adventure,Indie,RPG",0,0,0
787250,"Action,Casual,Indie,Strategy,Early Access",13,8,5
1397110,"Action,Adventure,Casual,Indie",83,72,11
437740,"Adventure,Casual,Indie",17,5,12
1899760,"Adventure,Casual,Free to Play,Indie",0,0,0
772420,"Casual,Indie,Simulation,Strategy",3,2,1
761630,"Casual,Indie",12,1,11
1034850,"Indie,Simulation,Strategy",123,93,30
1251300,"Action,Adventure,Indie",104,71,33
1016960,"Action,Adventure,RPG",298,241,57
1428970,"Adventure,Casual,Indie",12,12,0
33790,Casual,9,6,3
1558600,"Action,Adventure,Indie",1,1,0
725410,"Adventure,Indie,RPG",35,33,2
1310790,"Free to Play,Indie",0,0,0
343390,Casual,33,23,10
993170,Adventure,3,3,0
811180,Casual,4,1,3
1192840,"Action,Adventure,Casual,Indie,RPG",1,1,0
1595640,"Action,Adventure,Indie",91,89,2
1867640,"Education,Early Access",0,0,0
269230,"Action,Indie",169,138,31
1766750,RPG,2,1,1
1167700,"Casual,Indie",0,0,0
881300,"Adventure,Casual,Indie,Early Access",0,0,0
1986630,"Adventure,Casual",0,0,0
1184040,"Action,Adventure,Indie",9,7,2
1204950,"Adventure,Casual,Indie",0,0,0
1525270,"Casual,Indie,Sports",1,1,0
1061260,"Casual,Free to Play,Indie",1,0,1
449180,"Indie,Strategy",3,3,0
547140,Indie,5,3,2
594160,Action,11,3,8
1926870,"Casual,Indie",11,7,4
1154560,"Casual,Indie",1,0,1
1492480,"Casual,Indie",16,14,2
1266680,"Adventure,Indie",47,38,9
965390,"Casual,Indie,RPG",9,9,0
1096210,"Action,Adventure,Casual,Indie",45,41,4
1126580,Strategy,47,37,10
1063710,"Action,Indie",3,3,0
1751400,"Action,Adventure,RPG,Simulation",19,14,5
885000,"Action,Casual,Indie",739,699,40
1339530,"Action,Adventure,Indie",1,1,0
540020,"Indie,RPG",21,6,15
1126100,"Action,Adventure,Indie,Simulation,Strategy,Early Access",1,0,1
1285000,"Action,Adventure,Casual,Indie,Simulation,Sports,Strategy",25,18,7
1762690,"Indie,Strategy",0,0,0
1776930,"Adventure,Indie,Strategy",19,18,1
729930,"Adventure,Casual",3,1,2
687920,"Sexual Content,Nudity,Casual,Indie",193,139,54
361620,"Casual,Indie",9,5,4
1953570,"Adventure,Indie",6,1,5
1247190,"Adventure,Casual",51,36,15
1400110,"Action,Free to Play",0,0,0
931280,"Action,Strategy",374,292,82
1843290,"Action,Adventure,Indie,Early Access",0,0,0
1707880,"Action,Indie",2,0,2
1271850,"Casual,Indie,Simulation,Strategy",21,15,6
339640,"Indie,RPG,Strategy",65,34,31
496530,"Casual,Indie,Strategy",13,6,7
1977840,"Action,Indie",1,1,0
460140,"Adventure,Indie",21,19,2
1313330,"Action,Adventure,Casual,Indie,RPG,Simulation,Strategy,Early Access",0,0,0
2004890,"Adventure,Casual,Indie",12,12,0
2066240,"Action,Adventure,Casual,Indie",34,34,0
1293930,"Casual,Simulation",2,1,1
817600,"Gore,Indie,RPG",0,0,0
938600,"Indie,Racing,Simulation,Sports",6,5,1
787160,"Adventure,Indie",0,0,0
898160,"Violent,Action,Indie",0,0,0
1467240,"Adventure,Casual,Indie",2,1,1
760030,"Indie,RPG,Strategy",1,1,0
1133590,"Indie,Simulation,Sports",128,125,3
1005940,Casual,0,0,0
877810,"Adventure,Indie,RPG",421,395,26
1237550,"Casual,Indie",3,2,1
637330,"Casual,Indie,Strategy",5,2,3
281390,Strategy,59,40,19
1400270,"Action,Indie",0,0,0
704450,RPG,3578,3201,377
1247070,"Action,Adventure,Casual",14,8,6
538100,"Action,Adventure,Indie,Massively Multiplayer,RPG,Simulation",1161,1017,144
1116350,"Action,Indie,Early Access",1,0,1
299740,"Action,Adventure,Indie,Massively Multiplayer,RPG,Simulation,Strategy",11612,7523,4089
1255230,"Action,Casual,Free to Play,Indie,Strategy,Early Access",0,0,0
1223880,"Action,Early Access",2,2,0
1136040,Indie,10,10,0
973240,"Casual,Indie,RPG,Simulation,Strategy",29,18,11
1697190,"Adventure,Casual,Indie,Simulation",0,0,0
37420,"Adventure,Indie",23,18,5
1167090,"Action,Adventure,Indie",0,0,0
727550,"Adventure,Indie",9,5,4
1942550,"Action,Adventure,Casual",0,0,0
1796630,"Casual,Indie,Strategy",11,11,0
523610,"Action,Indie",20,7,13
1286670,"Action,Adventure,Casual,Indie",5,5,0
573780,"Action,Adventure,Indie,RPG",60,40,20
1301100,"Casual,Simulation",8,8,0
712660,"Adventure,Indie",1,1,0
1565290,"Action,Free to Play",0,0,0
949860,"Action,Casual,Indie,Simulation,Sports",0,0,0
612370,"Action,Racing",208,199,9
1446230,"Casual,Free to Play",0,0,0
1780010,"Adventure,Casual",2,1,1
738550,Sports,61,31,30
1761630,"Casual,Indie",41,34,7
631220,Casual,1,0,1
1476350,"Action,Adventure,Casual,Indie,Early Access",3,2,1
335220,"Casual,Indie",4,2,2
746850,"Adventure,Indie,RPG",5301,4683,618
1095820,"Action,Indie",2,2,0
1961860,Simulation,0,0,0
203770,"Free to Play,RPG,Simulation,Strategy",21993,20402,1591
1276070,"Simulation,Early Access",27,27,0
1201650,"Action,Adventure,Casual,Indie,RPG,Strategy",1,1,0
1644030,"Action,Casual,Indie",0,0,0
530300,"Action,Casual,Indie,Massively Multiplayer",3,3,0
1389410,"Free to Play,RPG",0,0,0
1699510,Indie,0,0,0
652510,"Casual,Indie,RPG",9,8,1
1999430,"Action,Free to Play,Indie",0,0,0
415840,"Adventure,Casual",51,24,27
1208590,"Action,Indie,Early Access",37,36,1
447150,"Action,Indie",1492,1405,87
1190370,"Action,Indie",1,0,1
1938370,"Casual,Indie",0,0,0
934540,"Casual,Indie",30,21,9
486230,"Casual,Indie,Simulation",10,7,3
1165420,Casual,5,4,1
512180,Adventure,357,347,10
1680280,"Action,Adventure,Indie",2,1,1
1437120,"Casual,Indie,Strategy",4,4,0
1422200,"Casual,Indie,Strategy",21,18,3
1390600,"Adventure,Simulation,Strategy",25,17,8
536690,"Adventure,Indie,Simulation",31,20,11
1291500,"Action,Casual,Indie,Simulation",0,0,0
1638000,"Adventure,Indie",1,0,1
1722570,"Action,Adventure,Free to Play,Indie",0,0,0
572240,"Action,Adventure,Casual,Indie",6,3,3
1355390,"Adventure,Casual,Free to Play,Indie",0,0,0
724170,"Casual,Indie,Simulation,Early Access",2,2,0
790060,"Action,Indie,Early Access",245,245,0
391140,"Action,Indie",81,72,9
926860,"Action,Indie,Racing,RPG,Simulation,Sports",149,139,10
1529470,"Free to Play,Simulation",0,0,0
866010,"Action,Adventure,Casual,Indie,Simulation",95,71,24
617160,"Adventure,Indie",446,360,86
632250,"Casual,Indie",31,28,3
1613530,"Simulation,Strategy",2,2,0
385530,"Free to Play,Indie,Massively Multiplayer,Strategy",0,0,0
1448130,Indie,0,0,0
927310,"RPG,Simulation,Strategy",6,4,2
1264310,"Action,Adventure,Indie,Massively Multiplayer",2,2,0
1583710,"Adventure,Indie,RPG",0,0,0
412640,"Casual,Early Access",2,1,1
455200,"Indie,Strategy",12,5,7
534920,"Casual,Indie",11,4,7
2009560,"Action,Adventure,Indie",2,2,0
974970,"Action,Casual,Indie",7,7,0
1225680,"Casual,Indie",0,0,0
594760,"Action,Indie,Early Access",0,0,0
1029970,"Action,Casual,Indie",0,0,0
1993030,"Racing,Simulation",25,21,4
1214540,"Action,Free to Play",1,1,0
1380360,"Adventure,Casual,Indie,Strategy",3,2,1
1001570,Indie,2,2,0
34019,"Action,RPG",0,0,0
629970,"Casual,Simulation,Early Access",8,7,1
921500,"Action,Adventure,Casual,Free to Play,Indie,Simulation,Strategy",11,6,5
779950,"Action,Adventure,Casual,Indie",4,3,1
801760,"Action,Casual,Free to Play,Indie",3,3,0
418620,"Action,Casual,Indie",363,305,58
1356190,"Simulation,Early Access",17,7,10
1459500,"Casual,Simulation",117,99,18
1190180,"Action,Casual,Indie",1,1,0
270430,"Action,Adventure,Indie,RPG",8,1,7
493820,"Action,Indie",1,0,1
1755740,"Action,Adventure,Indie,RPG",1,0,1
1271500,"Adventure,Casual,Indie,Strategy,Early Access",1,0,1
595490,Utilities,0,0,0
1625450,"Action,Adventure,Free to Play,Indie",0,0,0
70200,"Adventure,Casual,Simulation",60,45,15
954070,"Action,Free to Play",0,0,0
692530,"Indie,Massively Multiplayer,Simulation,Early Access",2,1,1
1335360,"Action,Casual,Indie,Early Access",0,0,0
1936300,"Casual,Indie,Strategy",0,0,0
1329540,Action,152,124,28
1713860,"Adventure,Indie",0,0,0
480900,"Adventure,Indie",28,16,12
1037690,"Action,Adventure,Indie",10,10,0
1218750,"Action,Casual,Indie,Massively Multiplayer,Strategy",2,2,0
1709830,Action,2,0,2
2008040,Action,2,2,0
442070,"Casual,Indie,Strategy",590,540,50
1108030,Casual,0,0,0
1129650,"Action,Adventure,Free to Play,Indie",0,0,0
1377060,"Adventure,Free to Play,Indie",0,0,0
392950,"Adventure,Casual,Free to Play",86,76,10
1158230,"Action,RPG",1,0,1
1475970,"Indie,Simulation,Strategy",9,8,1
1520200,"Adventure,Casual,Racing,Strategy",0,0,0
394390,"Action,Indie",13,11,2
1148160,"Casual,Indie",0,0,0
1206790,"Action,Early Access",0,0,0
1627420,"Adventure,Casual",6,6,0
1769170,"Adventure,Indie,RPG",197,185,12
448850,Action,1087,1026,61
282780,"Action,Adventure,Indie",71,52,19
803980,"Adventure,Indie,Simulation,Early Access",684,430,254
1265140,"Action,Indie",4,4,0
525300,"Action,Indie",22,14,8
1899830,"Action,Casual,Free to Play,Indie",0,0,0
1880080,"Action,Indie,Early Access",1,1,0
788800,"Adventure,Casual,Indie,RPG,Strategy",0,0,0
704030,"Casual,Indie,Simulation",240,151,89
530650,"Action,Adventure,Indie",4,2,2
342650,"Action,Casual,Indie,Racing,Simulation",9,5,4
1210910,"Action,Casual,Free to Play,Simulation",0,0,0
1342340,"Action,Free to Play,Indie,Massively Multiplayer,Early Access",0,0,0
1922200,"Casual,Indie",10,9,1
1089710,"Casual,Free to Play,Racing",0,0,0
16730,Action,986,541,445
335560,"Action,Casual,Indie",1,1,0
1678740,Casual,1,1,0
524390,Utilities,116,78,38
735280,"Simulation,Strategy",299,235,64
1023860,"Action,Adventure,Indie",5,5,0
49810,Indie,61,51,10
834210,"Action,Casual,Indie",1,0,1
1101660,"Casual,Indie,Simulation,Strategy",8,6,2
443700,"Indie,RPG,Simulation,Strategy,Early Access",13,8,5
878500,"Casual,Indie",0,0,0
492270,"Action,Adventure,Indie",53,32,21
556160,"Action,Casual,Indie",1,0,1
781680,Indie,3,2,1
949210,"Action,Indie",14,10,4
289200,"RPG,Strategy",107,81,26
1369730,"Adventure,Casual,Indie,RPG,Simulation,Strategy",6,5,1
1055850,"Adventure,Indie",89,86,3
1395750,"Action,Casual,Indie,Simulation",1,1,0
1262880,"Adventure,Indie",1,1,0
1810210,"Adventure,Casual,Indie",44,44,0
796780,"Action,Indie,Racing,Simulation,Sports",14,13,1
1681480,"Adventure,Indie",33,32,1
1711960,"Adventure,Casual,Indie,RPG",0,0,0
6870,Action,356,274,82
1537430,"Action,Indie",2,2,0
751530,"Action,Casual,Indie",1,0,1
1031700,"Adventure,Free to Play,Indie",0,0,0
1037410,"Action,Adventure,Casual,Free to Play,Indie,RPG",0,0,0
349450,"Indie,Massively Multiplayer,RPG,Strategy",20,11,9
299100,Indie,5,2,3
597840,"Animation & Modeling,Design & Illustration,Photo Editing,Utilities",197,139,58
492230,Strategy,368,233,135
305840,"RPG,Simulation,Strategy,Early Access",142,35,107
1642220,"Casual,Indie",114,111,3
1080360,"Indie,Strategy",1,0,1
934250,"Casual,Indie,RPG,Strategy,Early Access",0,0,0
403830,Adventure,222,211,11
397190,Strategy,73,55,18
362310,"Action,Indie,RPG",30,24,6
1121910,"Casual,Indie,Simulation",0,0,0
415240,"Action,Casual,Indie",82,66,16
407320,"Casual,Indie",15,14,1
1693480,"Action,Adventure,Indie,Strategy,Early Access",7,7,0
1339450,"Casual,Indie",0,0,0
513920,"Action,Indie",7,6,1
632750,"Utilities,Video Production",12,8,4
805030,"Adventure,Casual",2,2,0
1078770,"Action,Free to Play,Indie,Strategy",0,0,0
1536210,"Action,Indie,Early Access",11,10,1
286930,"Action,Indie,RPG",13,7,6
403670,Adventure,33,21,12
1494180,"Action,Indie,RPG",0,0,0
1229510,Adventure,2,1,1
1122710,"Action,Adventure,Indie",3,0,3
636740,"Indie,Simulation",2,1,1
665880,"Action,Adventure,Simulation,Strategy",4,2,2
440720,"Adventure,Indie,Simulation,Early Access",5,1,4
1495670,"Adventure,Casual,Indie,Sports",12,8,4
1126890,"Indie,Strategy",90,74,16
1668810,"Adventure,Casual",0,0,0
1452360,"Action,Adventure,Indie,RPG",8,6,2
1488170,"Action,RPG,Strategy,Early Access",2,1,1
840980,"Action,Indie",5,4,1
1654830,"Action,Adventure,Indie",20,18,2
886900,Simulation,620,459,161
1600230,Casual,0,0,0
859680,"Action,Casual,Indie,RPG",547,526,21
1843750,"Casual,Indie",2,2,0
1143140,"Casual,Indie",0,0,0
976700,"Action,Adventure,Casual,Indie,Racing,Simulation",55,48,7
392780,"Casual,Indie",9,6,3
1089980,"Adventure,Casual,Indie",23392,23134,258
1857980,"Casual,Indie,Simulation",2,2,0
1163490,"Adventure,Indie,Strategy",1,0,1
754620,"Sexual Content,Violent,Gore,Simulation",0,0,0
970840,"Racing,Simulation,Sports",38,22,16
1024970,"Action,Adventure,Free to Play,Indie",0,0,0
1933640,"Casual,Free to Play,Indie,RPG",0,0,0
1170350,"Casual,Indie,Simulation,Strategy",1,1,0
1084460,"Adventure,Indie,RPG",1,1,0
1158890,"Action,Adventure,Casual,Indie",98,76,22
411000,"Adventure,Indie,RPG",349,317,32
1761980,"Casual,Indie",0,0,0
1858620,"Casual,Indie,Racing",6,6,0
1197710,"Adventure,Casual,Indie",5,5,0
1534550,"Adventure,Indie,RPG",31,23,8
1978290,Indie,0,0,0
321360,"Action,Adventure,Indie",3970,3299,671
1758050,"Action,Casual,Indie,Massively Multiplayer,Racing",0,0,0
1491550,"Action,Casual,Indie,Massively Multiplayer",0,0,0
730270,"Action,Indie,Early Access",12,12,0
1561020,"Action,Casual,Indie",1,1,0
446760,"Action,Indie",17,15,2
1882520,Adventure,10,9,1
671700,"Action,Adventure,Indie",0,0,0
423490,"Action,Casual,Indie,Simulation",236,190,46
460560,Indie,7,7,0
1008870,"Action,Indie",14,8,6
1845280,"Adventure,Indie",12,10,2
1024730,"Action,Indie",2,2,0
1194650,"Adventure,Indie,Early Access",1,0,1
203560,"Casual,Indie",79,69,10
1039290,"RPG,Strategy",8,7,1
654810,Indie,23,23,0
1496470,Indie,1,1,0
1147390,"Adventure,Casual,Free to Play,Indie",0,0,0
923590,"Indie,Simulation,Strategy",38,14,24
1457580,"Casual,Racing",3,2,1
844580,"Action,Indie,Strategy",0,0,0
1447330,"Action,Adventure,Indie",6,6,0
46850,Casual,27,18,9
220440,"Action,Adventure",4927,4505,422
1209860,"Action,Free to Play,Indie",0,0,0
1145020,"Action,Casual,Free to Play,Indie",0,0,0
375910,"Simulation,Strategy",2371,1647,724
494970,"Casual,Indie",5,3,2
1090590,"Action,Indie,Simulation",13,13,0
1158820,Casual,1,0,1
917990,"Action,Adventure,Indie",0,0,0
884090,"Action,Adventure,Casual,Free to Play,Indie,RPG,Strategy",0,0,0
1361190,"Adventure,Indie",4,3,1
755140,"Indie,Simulation,Strategy",2,0,2
1550030,"Action,Adventure,Indie",2,1,1
1111380,Adventure,202,189,13
371790,"Adventure,Indie,Strategy",2,1,1
1217350,"Action,Free to Play,Indie",14,14,0
659190,"Adventure,Casual,Indie,Simulation,Strategy",142,102,40
757300,"Adventure,Indie",248,186,62
1835640,Adventure,0,0,0
519200,"Adventure,Casual,Indie",12,10,2
512080,"Adventure,Sports",118,86,32
1563730,"Action,Adventure,Casual,Indie",27,22,5
751220,Indie,31,30,1
851520,"Action,Casual,Simulation,Strategy",11,7,4
3360,Casual,64,59,5
919280,"Accounting,Animation & Modeling,Audio Production,Design & Illustration,Education,Photo Editing,Software Training,Utilities,Video Production,Web Publishing,Game Development",319,180,139
616700,"Action,Casual,Free to Play,Massively Multiplayer,Racing",0,0,0
547870,"Action,Adventure,Casual,Free to Play,Indie",0,0,0
954010,"Action,Casual,Indie",31,29,2
1067460,"Casual,Indie,Simulation",2,0,2
1155560,"Action,Adventure,Casual,Free to Play,Indie",3,2,1
615630,"Action,Simulation,Strategy",24,14,10
320340,"Adventure,Indie,Simulation,Strategy",574,258,316
1352740,"Action,Free to Play,Indie,RPG,Simulation",0,0,0
1380520,"Action,Adventure,Indie,Racing,Sports,Strategy",16,15,1
1096590,"Action,Adventure,Casual,Free to Play,Indie",0,0,0
335100,"Indie,Strategy",112,82,30
686610,"Action,Adventure,Casual,Indie,Strategy",1,0,1
1375480,Indie,43,43,0
1342520,"Action,Indie,Early Access",0,0,0
1744060,"Action,Adventure,Casual,Indie,Simulation",3,3,0
915560,"Adventure,Casual,Indie",7,6,1
1622990,"Action,Adventure,Indie",0,0,0
1835370,"Casual,Indie,Strategy",0,0,0
280640,"Action,Indie,RPG",28,5,23
418030,"Action,Early Access",5517,3977,1540
1759710,"Animation & Modeling,Early Access",1,0,1
544140,"Adventure,Indie",3,0,3
1017800,"Action,Indie,Strategy",0,0,0
680380,"Indie,Simulation",122,87,35
1080780,"Adventure,Indie",10,7,3
339840,"Adventure,Indie",27,14,13
1225330,"Simulation,Sports",7935,4235,3700
1523690,"Action,Indie",0,0,0
233610,"Action,Indie,Racing",3635,3419,216
371850,"Casual,Simulation,Sports,Strategy",28,20,8
1620580,Simulation,13,11,2
497180,"Racing,Simulation",1593,1376,217
366760,"Casual,Indie,Sports,Strategy",10,8,2
1162290,"Casual,Indie",5,3,2
1774160,"Action,Adventure,Casual,Indie,Racing",3,2,1
1268400,"Action,Casual,Indie,Simulation,Sports,Early Access",6,4,2
1795830,"Adventure,Casual,Indie,Racing,Strategy",2,2,0
1347970,"Action,Adventure,Indie,Early Access",320,313,7
1964490,"Action,Sports",0,0,0
970240,"Casual,Indie,RPG",4,4,0
1884430,"Casual,Indie",18,13,5
1346660,"Indie,Simulation",0,0,0
1544500,"Casual,Indie",26,19,7
324160,"Adventure,Casual",1425,1389,36
446050,"Action,Indie",5,3,2
1644310,"Adventure,Casual,Free to Play,Indie,Simulation",0,0,0
560640,"Action,Adventure,Casual,Indie,Strategy",58,35,23
727170,"Violent,Gore,Action,Adventure,Indie",18,6,12
323250,"Casual,Strategy",14,9,5
921060,"Action,Free to Play,Massively Multiplayer",0,0,0
1258960,"Action,Indie",1,0,1
1203140,"Indie,RPG,Simulation,Strategy",5,4,1
1698670,"Action,Adventure,Indie,Strategy",29,26,3
1553970,"Action,Adventure,Casual,Indie,Simulation,Strategy",4,1,3
368950,"Free to Play,Indie",7,7,0
842760,"Casual,Indie",3,3,0
1190590,"Indie,Strategy",0,0,0
1056610,"Adventure,Indie",64,57,7
671640,"Action,Adventure",49,46,3
1689780,"Adventure,Casual,Indie,Simulation",0,0,0
796920,"Action,Casual,Simulation",2,1,1
1277610,"Casual,Indie,Sports",0,0,0
486690,"Adventure,Indie,RPG,Strategy,Early Access",9,5,4
520750,"Action,Indie",12,11,1
1433930,Action,4,2,2
1286350,"Action,Adventure,Indie",4874,4495,379
833380,"Action,Indie,Massively Multiplayer,RPG,Simulation,Early Access",2,0,2
1154350,"Action,Adventure,Indie",0,0,0
1848730,Action,11,11,0
693500,"Casual,Indie",1,0,1
1555640,"Action,Free to Play",0,0,0
1987050,"Action,Adventure,Casual,Indie,Racing",0,0,0
1389700,"Casual,Indie",20,18,2
672300,"Casual,Indie",0,0,0
1550840,"Adventure,Indie",32,26,6
1284180,"Casual,Indie",21,20,1
1413970,"Adventure,Indie,RPG",16,13,3
1946530,"Adventure,Indie",2,1,1
1231130,"Action,Adventure,Indie",1,1,0
292240,"Adventure,Casual",97,90,7
1056280,"Adventure,Indie,Simulation",26,24,2
1174920,"Adventure,Free to Play,Indie",0,0,0
1034810,"Adventure,Indie,RPG,Early Access",17,11,6
1591950,"Action,Adventure,Indie,RPG,Simulation,Sports",0,0,0
996920,"Action,Adventure,Indie",8,7,1
777380,"Indie,Strategy",1,1,0
837460,"Action,Adventure,Indie,RPG",88,73,15
320820,"Adventure,Indie",414,255,159
557680,"Action,Casual,Indie",12,7,5
828710,"Action,Adventure",0,0,0
887870,"Casual,Racing",1,0,1
1108590,"Action,Adventure,Indie,RPG",499,409,90
468820,"Adventure,Indie,Simulation",133,124,9
605740,"Action,Indie,Massively Multiplayer,RPG,Simulation,Early Access",6689,5768,921
753490,"Action,Indie,RPG,Early Access",5,2,3
1128430,Casual,4,3,1
288160,"Adventure,Indie",10031,9768,263
997050,"Casual,Indie,Simulation",11,6,5
373750,"Action,Indie,RPG,Simulation,Early Access",131,122,9
1902820,"Casual,Indie,Simulation",3,2,1
766650,"Action,Free to Play,Sports,Early Access",0,0,0
1602010,Action,1555,1286,269
2062330,"Action,Indie,RPG",1,1,0
1087500,Adventure,57,46,11
1283220,"Action,Adventure,Free to Play,Indie",0,0,0
1584800,"Action,Adventure,Casual,Indie",0,0,0
1585590,"Casual,Indie,Sports",3,2,1
917710,"Adventure,Casual,Indie,RPG,Strategy,Early Access",0,0,0
1825050,Indie,4,2,2
459260,"Casual,Indie,Sports",23,12,11
429530,Simulation,79,63,16
1040590,"Action,Indie",17,13,4
1125930,"Indie,RPG",10,10,0
393390,"Action,Adventure,Casual,Indie,Simulation,Strategy,Early Access",44,18,26
986990,"Casual,Indie",25,22,3
200960,"Strategy,RPG,Indie",264,247,17
828410,"Violent,Action,Indie,Early Access",4,2,2
739960,"Free to Play,Simulation",0,0,0
457370,"Casual,Indie",20,17,3
910210,"Free to Play,Indie,Simulation",0,0,0
1347420,"Casual,Indie,RPG",37,33,4
844180,"Action,Casual,Indie",36,29,7
343770,"Casual,Indie",1,0,1
1027550,"Sports,Early Access",0,0,0
1502160,RPG,0,0,0
886290,"Action,Casual,Indie,Racing,Simulation",2,2,0
252470,"Action,Adventure,Indie,RPG,Simulation,Strategy",1945,1518,427
1219950,"Indie,Simulation,Strategy",276,236,40
446470,Simulation,7,3,4
405010,"Action,Adventure,Indie",37,27,10
800640,"Action,Indie,Early Access",7,6,1
1936190,"Action,Casual,Indie",1,1,0
1328500,"Adventure,Indie,RPG",8,8,0
1463500,"Indie,Simulation,Sports,Early Access",1,1,0
1846060,"Action,Adventure,Casual,Indie,RPG,Early Access",1,0,1
678820,"Indie,Simulation",34,23,11
856060,Casual,0,0,0
1969320,"Adventure,Casual,Strategy",0,0,0
1064900,"Adventure,Indie,Simulation",29,27,2
436560,RPG,544,279,265
1736400,"Casual,Indie,Simulation",44,25,19
1072170,"Casual,Free to Play,Indie,Simulation",0,0,0
1954650,"Action,Casual,Indie",0,0,0
1447970,"Action,Adventure,Casual,Indie,Simulation",0,0,0
1759650,"Indie,Audio Production,Software Training,Video Production,Web Publishing,Game Development",0,0,0
1101050,"Adventure,Casual,Free to Play,Indie,RPG",0,0,0
485330,"Action,Casual,Indie",48,16,32
63660,"Adventure,Casual",486,412,74
1896770,"Casual,Free to Play,Indie,Sports",0,0,0
1562920,Adventure,5,5,0
1901560,"Adventure,Casual,Indie,Strategy",2,2,0
853300,"Adventure,Casual,Indie",11,10,1
1957080,"Casual,Indie,Simulation",3,3,0
515570,"Action,Indie",112,101,11
552500,"Action,Indie",32625,28965,3660
1319720,"Free to Play,Indie,RPG",0,0,0
1062680,"Adventure,Casual",1,1,0
1125250,"Indie,Simulation",14,9,5
1551110,"Action,Adventure,Indie",0,0,0
485150,Web Publishing,5,2,3
1071610,Action,0,0,0
1626900,"Action,Adventure,Casual,RPG,Simulation",29,22,7
412010,"Action,Adventure,Indie",9,2,7
1655050,"Adventure,Indie,Simulation,Strategy",9,3,6
689680,"Violent,Adventure",0,0,0
941120,"Casual,Free to Play,Indie,Simulation",0,0,0
1501490,"Indie,Simulation",42,36,6
1281990,Action,0,0,0
1470120,"Free to Play,Indie",0,0,0
757820,"Action,Indie",7,6,1
1815440,"Casual,Indie,Racing,Simulation",17,11,6
1827680,"Casual,Free to Play",0,0,0
562410,"Action,Adventure,Casual,Indie,Simulation",222,207,15
909500,"Action,Indie,Racing,RPG,Simulation,Sports,Early Access",1,1,0
1207480,"Casual,Indie,Simulation,Sports",20,19,1
91800,"Casual,Indie",60,52,8
1924380,"Action,Casual,Indie",1,1,0
1587610,Racing,0,0,0
683070,Indie,1,1,0
1654730,"Free to Play,Simulation",0,0,0
1841710,"Action,Indie,Early Access",7,6,1
294710,"Adventure,Casual",18,17,1
1493730,"Casual,Simulation",91,76,15
465930,"Adventure,Indie",22,13,9
1575160,"Free to Play,Indie,Strategy",0,0,0
262650,Animation & Modeling,29,10,19
1374890,"Casual,Indie",5,2,3
406400,"Action,Indie,Early Access",3,2,1
771810,"Action,Adventure,Indie",145,117,28
1578170,"Adventure,Free to Play,Simulation,Early Access",0,0,0
2010870,RPG,0,0,0
617640,"Adventure,Indie,RPG,Strategy",87,54,33
322110,"Action,Indie",2463,2304,159
446540,Strategy,73,42,31
1139090,"Action,Casual,Simulation",1,0,1
666940,"Action,Adventure,Casual,Indie",35,23,12
458580,"Action,Adventure,Indie",274,219,55
8880,"RPG,Strategy",305,186,119
1311660,"Adventure,Casual,Free to Play,Indie",0,0,0
887440,"Action,Adventure,Indie,Early Access",0,0,0
1514430,"Casual,Indie,Strategy,Early Access",0,0,0
1552490,"Casual,Indie",3,3,0
1681990,"Action,Casual",0,0,0
303860,"Action,Indie,Strategy",31,25,6
425770,"Casual,Indie",107,106,1
1622980,"Action,Indie",0,0,0
449520,"Casual,Strategy",4,2,2
951320,"Action,Indie,Simulation",5,1,4
401800,"Free to Play,Indie",18,13,5
899090,"Action,Casual,Indie",0,0,0
703200,"Action,Casual,Indie",8,5,3
716260,"Action,Adventure,Free to Play,Indie",0,0,0
1641370,Indie,2,2,0
1840490,"Action,Adventure,Indie",173,151,22
1667210,"Action,Indie",0,0,0
594650,Action,53607,45652,7955
1370980,"Action,Casual,Indie,Strategy",0,0,0
995920,"Adventure,Casual",4,4,0
1976490,"Action,Free to Play",0,0,0
1417740,"Action,Adventure,Indie,Massively Multiplayer,Early Access",0,0,0
1192940,"Adventure,Casual,Indie",0,0,0
725020,Indie,0,0,0
724090,"Indie,Simulation,Strategy,Early Access",4,1,3
552770,Software Training,2,2,0
432590,"Action,Adventure,Indie",20,7,13
1725640,Casual,97,95,2
305740,"Adventure,Indie,RPG",15,11,4
640860,"Action,Adventure,Casual,Indie,Massively Multiplayer,RPG,Simulation,Early Access",53,29,24
1106940,"Casual,Indie,Simulation",115,107,8
2073370,"Adventure,Indie",0,0,0
1582090,"Casual,Simulation,Sports,Strategy",15,14,1
336380,"Adventure,Casual,Indie",34,19,15
1700920,Action,1,0,1
1400290,"Action,Adventure,Casual,Indie,Simulation,Strategy",49,32,17
553780,"Action,Casual,Indie",2,2,0
365500,Indie,23,20,3
303940,Indie,87,73,14
1027790,"Action,Casual,Indie",1,1,0
1914470,Casual,1,1,0
389330,Casual,6,1,5
1972880,"Adventure,Casual,Indie",4,4,0
416450,"Free to Play,Indie,Massively Multiplayer,RPG,Strategy",3,2,1
1723790,"Casual,Free to Play,Strategy",0,0,0
1645770,"Action,Indie,Early Access",0,0,0
223450,"Action,Indie,Racing",144,118,26
1385780,"Casual,Indie,RPG,Simulation,Early Access",19,18,1
1886700,"Indie,Strategy",0,0,0
1122040,"Action,Indie",69,56,13
1599080,"Casual,Indie",0,0,0
756890,"Action,Indie",2,1,1
1056570,Adventure,209,189,20
276870,"Indie,Simulation,Strategy,Early Access",139,70,69
824250,"Action,Casual,Indie",3,3,0
1023310,"Action,Adventure,Casual,Indie",1,1,0
707920,"Adventure,Casual,Indie",3,1,2
1327260,"Action,Adventure",4,1,3
1622080,Action,0,0,0
1422080,"Indie,Simulation,Strategy",3,1,2
1553230,"Action,Indie,Simulation",16,8,8
501970,Adventure,70,59,11
450110,"Action,Adventure,Indie",12,10,2
1287860,"Adventure,Indie,RPG",14,14,0
838160,"Adventure,Casual,Indie",7,3,4
1490840,"Action,Adventure,Indie",111,79,32
1213870,"Action,Casual,Indie",8,8,0
700270,"Action,Indie",0,0,0
878250,"Casual,Indie,Simulation,Strategy",15,15,0
1978800,"Action,Free to Play",0,0,0
1735600,Racing,2,2,0
1178130,"Adventure,Indie,RPG,Early Access",1,1,0
1347350,"Action,Adventure,Indie",6,4,2
1204440,Indie,25,24,1
1767180,"Action,Adventure,Casual,Indie",0,0,0
253190,"Indie,Simulation,Strategy",420,277,143
837790,"Adventure,Casual",25,19,6
358290,"Action,Adventure",58,51,7
705920,"Action,Adventure,Casual,Indie",1,1,0
1025510,Strategy,4,2,2
755820,"Action,Casual,Indie",0,0,0
1703460,"Casual,Indie,Strategy",0,0,0
1019730,"Action,Indie",8,7,1
1534930,"Action,Indie",4,4,0
484990,"Action,Adventure,Casual,Indie,RPG,Early Access",1,1,0
1469830,"Action,Indie",0,0,0
1134190,"Action,Indie",6,6,0
1611850,"Adventure,Indie,RPG",0,0,0
1265930,"Action,Adventure",346,180,166
1369990,"Action,Casual",0,0,0
2065180,RPG,3,3,0
990360,"Action,Adventure",45,32,13
1196160,"Action,Adventure,Casual,Indie,Simulation",3,1,2
1969830,"Action,Adventure,Indie",10,10,0
361630,"Action,Indie",4,2,2
1673720,"Casual,Indie",3,3,0
715430,"Action,Indie",2,2,0
930630,"Adventure,Indie",18,18,0
368880,"Adventure,Casual",6,1,5
1125690,"Action,Adventure,Indie,RPG,Early Access",0,0,0
1688250,"Action,Indie",0,0,0
335830,"Action,Indie,Strategy",196,122,74
1928790,"Action,Free to Play,Indie,Massively Multiplayer,RPG",0,0,0
1446960,"Action,Adventure,Casual",4,4,0
553480,"Adventure,Casual,Indie,RPG",223,193,30
847670,"Casual,Indie",0,0,0
1196890,"Adventure,Indie,Strategy",10,9,1
816730,"Action,Casual,Indie,Sports,Early Access",0,0,0
1198050,Casual,78,57,21
1293510,"Adventure,Casual,Indie,Simulation",0,0,0
369290,Adventure,141,106,35
764500,"Action,Adventure,Indie",32,26,6
751820,"Action,Adventure",155,111,44
1423270,"Action,Adventure,Indie",8,6,2
1383990,"Adventure,Casual,Indie",7,3,4
1861100,"Action,Adventure,Casual,Indie,Racing,Simulation,Sports",0,0,0
1622340,"Action,Free to Play,Indie",0,0,0
1841030,Casual,1,1,0
1570980,"Adventure,Indie,RPG",43,41,2
750080,"Indie,Simulation",3,2,1
1218440,"Action,Casual,Indie,Massively Multiplayer,Simulation",0,0,0
411590,"Adventure,Indie",24,19,5
740350,"Sexual Content,Violent,Gore,Action,Adventure,Casual,Indie,RPG,Strategy",3,2,1
1504550,"Casual,Indie,Racing,Simulation,Strategy",0,0,0
1498400,"Adventure,Casual,Indie,Simulation,Strategy",0,0,0
1509530,"Action,Casual",0,0,0
1091640,"Casual,Free to Play,Indie,RPG",0,0,0
1756080,"Action,Casual",0,0,0
524600,"Adventure,Casual",51,40,11
717830,"Adventure,Casual,Indie",6,6,0
611320,"Casual,Indie,Strategy",24,17,7
1027130,Casual,17,13,4
1501540,"Action,Adventure,Indie,RPG,Simulation",1,1,0
1012720,"Action,Adventure,Casual,Indie,Racing,RPG,Simulation,Sports,Strategy",3,2,1
444440,"Action,Adventure,Casual,Indie",14,5,9
1259230,"Casual,Free to Play,Indie,Strategy",0,0,0
597640,Strategy,0,0,0
504670,"Adventure,Casual,RPG",7,5,2
532090,"Adventure,Indie,RPG,Strategy",9,8,1
1586850,Casual,7,5,2
631770,"Casual,Indie",5,5,0
1847990,"Action,Adventure,Casual,Simulation",54,39,15
795120,"Adventure,Casual,Indie,RPG",1,1,0
1434610,"Free to Play,Indie,Massively Multiplayer,RPG,Simulation,Strategy,Early Access",0,0,0
831790,"Action,Casual,Indie",5,2,3
1248350,"Action,Adventure,Casual,Indie,RPG",2,1,1
1468250,"Action,Adventure,Casual,Indie,Early Access",3,3,0
876480,"Action,Adventure,Casual,Indie",3,3,0
1773890,"Adventure,Casual,Indie",96,92,4
1328920,"Indie,RPG",23,14,9
674890,"Casual,Indie,Simulation,Strategy,Early Access",10,7,3
749850,"Indie,RPG,Strategy",11,9,2
680390,"Action,Indie",18,14,4
305640,"Indie,RPG,Strategy",220,145,75
1484730,"Casual,Indie",51,47,4
1026370,"Adventure,Casual,Indie",12,12,0
1721990,"Action,Indie",1,1,0
890630,"Action,Adventure,Indie",1,1,0
1125290,"Casual,Indie,Massively Multiplayer,Strategy",0,0,0
557330,"Indie,RPG,Simulation,Early Access",26,21,5
1343680,Casual,1,1,0
1389190,"Action,Adventure,Casual,Racing,Simulation,Strategy",1,0,1
1371700,"Adventure,Indie",0,0,0
668550,"Action,Adventure,Indie",99,83,16
570050,Action,74,54,20
1106200,"Adventure,Indie,Simulation",11,9,2
730700,Indie,3,3,0
717840,"Action,Casual,Indie",4,4,0
1851640,"Adventure,Casual,Indie,Racing,Simulation,Sports",7,6,1
574160,Action,17,15,2
834340,"Action,Adventure,Casual,Indie,RPG,Simulation,Strategy",15,11,4
787950,"Casual,Indie,Simulation",0,0,0
1144440,"Action,Adventure,Indie",93,82,11
476600,Action,10131,6072,4059
773650,"Adventure,Casual,Indie,Simulation,Strategy",2,0,2
1356760,"Adventure,Simulation",18,18,0
203160,"Action,Adventure",39456,37212,2244
598050,"Adventure,Casual",1,1,0
1867590,"Casual,Indie",8,8,0
1469620,"Action,Adventure,Casual,Indie,RPG",79,76,3
1655250,"Casual,Indie,Simulation",20,16,4
1463870,"Action,Adventure,Casual,Indie",7,7,0
755040,"Casual,Indie,RPG",0,0,0
532750,"Adventure,Indie,Strategy",59,44,15
990020,"Indie,RPG",2,2,0
1718020,"Adventure,Casual,Indie",0,0,0
1968140,Action,1,0,1
1601830,"Action,Casual,Indie,Early Access",0,0,0
1452910,"Action,Adventure,Indie,Early Access",1,0,1
1411490,"Adventure,Casual,Indie",3,0,3
1708610,Casual,2,0,2
1953970,"Casual,Free to Play,Indie,Strategy",2,2,0
65930,Action,2636,1672,964
924200,"Action,Casual,Indie,Simulation",0,0,0
293340,"Casual,Indie,Simulation",77,42,35
945140,"Indie,Simulation,Strategy",32,19,13
705930,Adventure,1,0,1
465900,"Adventure,Casual",12,10,2
1231530,"Action,Free to Play,Indie",0,0,0
1167640,"Indie,RPG,Simulation",14,11,3
562220,"Casual,Indie",1092,1017,75
783890,"Adventure,Casual,Indie",3,0,3
1831960,"Indie,RPG,Simulation",4,3,1
1174260,Indie,2,1,1
975800,"Action,Casual,Indie,Racing,Simulation,Sports",3,2,1
420500,"Action,Adventure,Indie",11,7,4
1262770,"Action,Casual,Indie",4,1,3
337890,"Casual,Indie",26,19,7
1722020,"Casual,Indie,Simulation",18,18,0
995700,"Casual,Indie,Strategy",4,1,3
1181880,"Adventure,Indie,RPG,Strategy",1,1,0
1710750,Indie,24,21,3
1783050,"Adventure,Indie",0,0,0
1552430,"Adventure,Casual,Indie,RPG",22,22,0
711480,"Action,Adventure",8,6,2
1414900,"Action,Adventure,Indie",1,1,0
1470670,"Action,Indie",1,0,1
1834570,"Action,Adventure,Indie,Early Access",0,0,0
624630,Sports,9,2,7
915490,"Action,Indie,Strategy",86,55,31
370490,"Action,Indie",15,15,0
800170,"Action,Adventure,Indie,RPG",0,0,0
503960,"Casual,Indie,Strategy",20,14,6
450020,"Action,Indie,Simulation,Early Access",1,0,1
370710,"Adventure,Casual,Indie,RPG",42,29,13
945520,"Action,Adventure,Casual,Free to Play,Indie,RPG,Strategy",0,0,0
1277870,"Action,Casual,Sports",2,2,0
1796270,"Action,Adventure,Indie",1,1,0
820300,"Adventure,Casual,Indie",4,4,0
1772810,Casual,10,9,1
1452500,"Indie,RPG",77,66,11
1288610,"Action,Indie",15,13,2
834410,"Education,Utilities",0,0,0
1207260,"Casual,Indie",2,2,0
1583280,"Action,Free to Play,Indie",2,2,0
1031330,"Adventure,Indie,Strategy,Early Access",2,2,0
1085010,"Action,Adventure,Casual,Indie",6,4,2
2058130,"Action,Indie",1,1,0
889700,"Adventure,Casual",64,60,4
1375880,RPG,5,5,0
350740,"Action,Indie",306,274,32
451520,"Adventure,Casual,Indie,Simulation",852,727,125
715410,"Violent,Gore,Action,Adventure,Indie,RPG,Early Access",4,1,3
790800,"Action,Adventure,Simulation",3,0,3
1091260,"Action,Adventure,Racing",0,0,0
739710,Action,1,1,0
759030,"Action,Casual,Indie,Early Access",0,0,0
1605310,"Adventure,Casual,Indie",1,0,1
1202100,"Adventure,Free to Play,Indie,Game Development",0,0,0
1028900,"Indie,Strategy",1,1,0
554660,"Casual,Indie,Strategy",6,5,1
713220,"Action,Adventure,Casual,Indie",12,10,2
1580420,"Casual,Indie",1,1,0
1430240,"Adventure,Casual,Free to Play,Indie",0,0,0
997070,"Action,Adventure,RPG",10611,7178,3433
1882830,"Action,Adventure,Casual,Indie,Strategy",1,1,0
860820,Casual,16,9,7
936780,"Action,Free to Play,Indie",0,0,0
1525700,"Simulation,Strategy",1551,1434,117
365400,"Action,Adventure,Casual,Indie,RPG",5,3,2
564710,"Casual,Free to Play,RPG",486,453,33
1054990,"Casual,Racing",13,9,4
985540,"Action,Indie",0,0,0
364660,"Casual,Indie",2,0,2
1008800,Strategy,90,79,11
648380,"Action,Casual,Indie",0,0,0
652520,"Indie,Simulation,Strategy",0,0,0
1272320,"Indie,Strategy,Early Access",1436,1228,208
1085880,"Adventure,Indie,Simulation,Strategy,Early Access",0,0,0
324110,"Racing,Sports",43,20,23
425990,"Action,Indie",2,2,0
754340,"Indie,RPG",27,21,6
1487430,Casual,11,10,1
1614960,"Action,Adventure,Casual,Indie",4,4,0
208600,"Indie,Simulation",403,349,54
446810,"Action,Adventure",225,192,33
907050,"Action,Free to Play,Indie,Early Access",0,0,0
1255560,"Adventure,Indie",673,597,76
1061600,"Casual,Free to Play,Indie,Early Access",0,0,0
1598160,Action,498,456,42
1271400,"Adventure,Indie",745,712,33
644150,"Action,Adventure,Indie",3,3,0
868920,"Action,Indie",4,2,2
1733830,"Casual,Indie,Early Access",0,0,0
1113230,"Simulation,Strategy",1,1,0
1298040,"Indie,Utilities",2,2,0
1474990,"Action,Adventure,Casual,Indie",4,2,2
1908180,"Casual,Indie",1,1,0
1556430,"Action,Adventure,Indie",0,0,0
1467380,"Adventure,Casual,Indie,Simulation",0,0,0
966140,"Action,Adventure,Casual,Indie,Early Access",1,0,1
630870,"Adventure,Casual,Indie",19,19,0
801500,"Casual,Indie,Simulation",8,8,0
711770,"Casual,Simulation,Strategy",8,5,3
1541590,"Action,Indie",4,4,0
1529440,"Action,Adventure,Casual,Indie",0,0,0
1750260,"Casual,Simulation",0,0,0
832610,"Action,Adventure,Indie,RPG",9,1,8
424590,"Indie,Simulation",135,61,74
1014370,"Casual,Free to Play,Indie,Simulation",0,0,0
1168290,"Casual,Indie,Strategy,Early Access",2,0,2
1222480,"Casual,Indie,Racing,Simulation",3,2,1
1718910,"Casual,Indie",64,64,0
1263550,"Action,Adventure,Free to Play",0,0,0
916240,"Adventure,Early Access",5,5,0
1934790,"Action,Racing,Sports",1,1,0
1277650,"Action,Indie,Early Access",1,1,0
1730920,"Action,Adventure,Indie",22,16,6
1566500,"Casual,Indie,Strategy",2,2,0
777550,"Action,Massively Multiplayer,RPG",1,1,0
1779240,"Action,Indie",1,1,0
1006470,"Action,Casual,Indie",1,0,1
1635770,"Free to Play,Massively Multiplayer,RPG",0,0,0
1286560,"Action,Adventure,Indie",1,1,0
1801480,Animation & Modeling,0,0,0
1215270,"Adventure,Indie",151,140,11
578420,"Adventure,Indie",19,19,0
1009560,"Casual,Indie,Simulation,Early Access",2306,1962,344
1071640,"Casual,Indie",0,0,0
716070,"Casual,Indie",28,27,1
1086460,"Adventure,Casual,Indie,Racing",3,2,1
1458390,"Action,Casual,Indie",170,154,16
727730,"Adventure,Indie",39,29,10
1038740,"Adventure,Casual,Indie,RPG",392,373,19
877510,"Adventure,Indie",13,7,6
695940,"Adventure,Casual",4,2,2
746560,"Indie,Simulation",79,78,1
365820,Strategy,74,56,18
583510,Education,2,1,1
691600,"Adventure,Casual,Indie,RPG,Strategy",4,4,0
560920,Video Production,0,0,0
709050,"Sexual Content,Gore,Adventure,Indie",1,0,1
911280,"Action,Adventure,Indie",2,0,2
1493310,"Action,Adventure,Indie",1,1,0
1345320,"Action,Indie,Early Access",17,14,3
364000,"Casual,Indie,Simulation",7,3,4
865130,"Action,Indie",0,0,0
1970980,"Action,Adventure,Indie,Strategy",544,488,56
1585660,"Action,Early Access",0,0,0
957770,"Action,Adventure,Indie",5,5,0
407330,"Adventure,Indie,RPG",772,727,45
528060,"Casual,Free to Play,Indie",0,0,0
979290,"Action,Adventure,Casual,Indie,Strategy",0,0,0
896460,"Action,Indie,RPG",242,229,13
1136880,"Casual,Indie,Simulation,Sports",24,23,1
666050,"Adventure,Casual,Indie,Strategy",5,5,0
474960,Action,4851,4018,833
655000,"Action,Indie",23,15,8
1524190,Action,2,0,2
487530,"Casual,Indie",19,7,12
365110,"Adventure,Casual,Indie,RPG",17,9,8
443650,"Adventure,Indie",70,52,18
916290,"Action,Casual",5,5,0
924280,"Casual,Indie",5,5,0
1573360,"Adventure,Free to Play,Massively Multiplayer,Strategy",0,0,0
201420,"Adventure,Casual,Indie",318,265,53
993690,"Indie,Simulation,Strategy",46,24,22
249130,"Action,Adventure",5136,4754,382
1809610,"Adventure,Casual,Indie",0,0,0
652250,Indie,0,0,0
590530,"Casual,Indie,Simulation",13,9,4
1156770,"Casual,Indie,Strategy",0,0,0
488210,"Action,Racing,Simulation,Sports",42,23,19
978210,"Adventure,Casual,Indie",4,3,1
1089690,"Action,Casual,Indie",0,0,0
868040,"Action,Casual,Indie",1,1,0
1015660,Action,25,21,4
365050,"Free to Play,Indie,Strategy",4,3,1
1068980,"Action,Adventure",0,0,0
351060,"Adventure,Indie",35,10,25
1288960,"Action,Adventure,Casual,Indie,RPG,Simulation,Early Access",0,0,0
670830,"Casual,Free to Play",0,0,0
839020,"Adventure,Casual,Indie",36,29,7
979580,"Action,Adventure,Casual,Indie",3,3,0
1593260,"Casual,Indie,RPG",4,2,2
1588570,"Adventure,Indie",0,0,0
1463930,"Indie,Sports,Early Access",1,0,1
684040,"Simulation,Strategy",19,11,8
1215830,"Indie,Strategy",2,1,1
907940,"Racing,Early Access",0,0,0
461870,Simulation,1612,797,815
1509000,"Action,Adventure,Casual,Indie,RPG",18,13,5
2008060,"Action,Casual,Indie",9,8,1
1601340,"Action,Free to Play,Indie",0,0,0
548230,"Action,Casual,Indie",48,42,6
1701740,"Action,Adventure,Indie",23,17,6
1702450,"Action,Adventure,Indie",4,4,0
1145290,"Adventure,Indie,RPG,Strategy",68,36,32
1527110,"Animation & Modeling,Video Production",0,0,0
675040,"Casual,RPG,Strategy",1,0,1
1174400,Adventure,121,115,6
447170,Adventure,105,65,40
1332380,"Action,Adventure,Casual,Indie,RPG",0,0,0
1161840,"Action,Casual,Free to Play,Indie",0,0,0
412470,"Action,Free to Play,Massively Multiplayer,Racing,Early Access",5,3,2
1309130,Casual,48,47,1
1243040,Indie,0,0,0
931140,RPG,0,0,0
1658390,"Casual,Indie",1,1,0
1787010,"Casual,Indie,Simulation,Strategy",7,6,1
701950,"Indie,Early Access",11,7,4
1406570,"Casual,Indie,Strategy",1,1,0
313500,Strategy,277,234,43
1791120,"Casual,Free to Play,Simulation",0,0,0
1474880,"Action,Adventure,Casual",9,9,0
1122960,"Adventure,Free to Play,Indie",0,0,0
1357000,"Action,Casual",13,11,2
402130,Racing,336,159,177
557770,"Nudity,Violent,Gore,Adventure,Casual,Simulation",5,2,3
1028330,"Casual,Indie",1,0,1
1205140,"Action,Adventure,Casual,Free to Play,Indie",0,0,0
329280,"Indie,Strategy,Early Access",15,6,9
929640,"Casual,Simulation,Early Access",7,7,0
1842380,"Casual,Indie",3,3,0
598330,"Casual,Indie,Simulation,Strategy",2219,1800,419
1883990,"Casual,Indie",4,3,1
1136960,"Casual,Indie",6,3,3
779150,"Action,Simulation",2,0,2
993860,"Casual,Indie,Strategy,Early Access",0,0,0
533280,"Action,Indie",0,0,0
312230,"Action,Adventure,Indie",258,202,56
1418540,"Action,Adventure,Indie",43,40,3
1693660,"Indie,RPG",11,10,1
832080,"Adventure,Free to Play",0,0,0
1618290,"Simulation,Early Access",20,19,1
600500,"Casual,Indie,Sports,Strategy",1,1,0
1291230,"Casual,Indie,Strategy",13,12,1
783960,Adventure,1,0,1
1444670,"Casual,Free to Play,RPG",0,0,0
908000,"Adventure,RPG",0,0,0
981260,"Casual,Indie,Strategy",69,55,14
1540790,Casual,0,0,0
1231640,"Adventure,Indie",4,4,0
856540,"Action,Adventure,Indie",55,55,0
2004360,"Action,Casual,Indie",25,25,0
1673630,"Action,Adventure,Indie,Early Access",78,61,17
1228820,"Casual,Indie,Strategy,Early Access",0,0,0
1087110,"Indie,Simulation,Strategy",36,27,9
1202970,Racing,34,28,6
1998710,Indie,0,0,0
1262600,"Action,Adventure,Racing",1202,916,286
539720,"Casual,Indie,Racing",329,276,53
833660,"Action,Adventure,Indie,RPG",13,7,6
693820,"Action,Casual,Indie",2,0,2
315810,Adventure,541,507,34
1052480,Casual,2,2,0
346180,"Action,Indie",383,302,81
1556930,"Casual,Simulation",3,2,1
582530,"Casual,RPG,Strategy",7,7,0
455970,Casual,10,3,7
1159000,"Casual,Indie",0,0,0
1136870,Indie,0,0,0
927670,"Casual,Indie",0,0,0
1544250,"Indie,Simulation,Strategy",0,0,0
768800,"Casual,Indie,Racing,Simulation",41,32,9
1476830,"Adventure,Casual,Indie",2,0,2
1027140,"Casual,Free to Play,Indie,Simulation",5,3,2
1755790,Indie,0,0,0
1476940,"Adventure,Casual,Indie",5,1,4
1520840,"Casual,RPG,Early Access",14,5,9
1625710,Casual,5,5,0
648810,"Action,Indie,Racing,Strategy",5,3,2
380650,"Action,Indie,Simulation",0,0,0
1512210,Game Development,11,7,4
778470,"Adventure,Casual,Indie,Strategy",4,4,0
1337030,"Action,Adventure,Indie",1,1,0
995990,"Action,Adventure,Indie",0,0,0
1970700,"Action,Casual,Indie",0,0,0
34010,"Action,RPG",2298,1929,369
1668840,"Casual,Indie",8,8,0
473670,"Indie,Simulation",61,30,31
697610,"Casual,Free to Play",0,0,0
982060,"Indie,Simulation,Early Access",69,44,25
561970,"Adventure,Free to Play,Indie",3,1,2
1731730,"Action,Adventure,Casual,Indie",8,8,0
1465060,Indie,0,0,0
1210930,"Action,Simulation,Early Access",1,0,1
211820,"Action,Adventure,Casual,Indie,RPG",47792,42926,4866
351720,"Casual,Indie,Simulation,Strategy",13,7,6
1376220,"Adventure,Casual,Indie",9,7,2
306700,"Action,Indie",188,168,20
557340,"Action,Indie",10112,9680,432
285820,"Action,Indie,Racing",207,192,15
979560,"Animation & Modeling,Design & Illustration,Utilities,Early Access",132,83,49
668220,"Casual,Indie,Simulation",2,2,0
582890,"Action,Adventure,Casual,Indie",88,73,15
495090,Casual,12,6,6
1103320,"Casual,Indie,Strategy",2,1,1
660180,"Sexual Content,Nudity,Adventure,Casual,Indie,Simulation",34,7,27
345610,"Adventure,Casual",571,534,37
501480,"Action,Indie",11,8,3
1519340,"Action,Indie",2,1,1
724680,"Action,Casual,Indie,Simulation,Strategy",46,46,0
1737440,"Action,Indie,Simulation",0,0,0
1203420,"Adventure,Casual,Indie",210,189,21
1514170,"Action,Casual",2,2,0
1231570,"Action,Indie",0,0,0
525210,"Action,Adventure,Indie,RPG",19,12,7
409630,"Action,Indie",12,7,5
485920,"Action,Casual,Indie",18,11,7
1547250,"Action,Indie",0,0,0
566930,Casual,6,5,1
1941430,"Action,Indie,Massively Multiplayer,Simulation,Early Access",0,0,0
1574530,"Casual,Indie",5,5,0
1949370,"Adventure,Indie,Early Access",2,2,0
1468800,"Action,Casual,Indie",2,1,1
517330,"Action,Casual,Indie",87,69,18
107300,"RPG,Indie",850,715,135
1392560,"Indie,Simulation,Sports,Early Access",7,6,1
1096730,Casual,49,32,17
1624830,"Action,Adventure,Indie",5,5,0
1540450,Action,8,5,3
321490,"Racing,Simulation,Sports",24,6,18
1490060,"Action,Adventure,Free to Play,Indie,RPG",37,35,2
1529290,"Casual,Free to Play,Massively Multiplayer,RPG",0,0,0
366280,Action,45,34,11
993580,"Casual,Indie,Strategy",5,4,1
837290,"Casual,Indie",1,0,1
1595350,"Adventure,Free to Play",0,0,0
1817020,"Casual,Indie",2,2,0
1593570,"Casual,Indie,Simulation",0,0,0
457650,Casual,3,2,1
765350,"Action,Indie",3,3,0
876150,"Action,Adventure,Casual,Indie",0,0,0
1830870,"Action,Adventure,Casual,Indie,RPG,Simulation",4,3,1
1473930,"Adventure,Indie,Simulation",1,1,0
270830,Simulation,53,25,28
885440,"Animation & Modeling,Audio Production,Design & Illustration,Photo Editing,Utilities,Video Production,Early Access",50,38,12
1148480,"Action,Adventure,Indie,Massively Multiplayer,RPG,Simulation,Early Access",17,10,7
663760,"Action,Casual,Free to Play,Indie",0,0,0
1286480,"Free to Play,Strategy",0,0,0
368600,"Action,Simulation",46,44,2
1302470,"Adventure,Indie,RPG,Strategy",0,0,0
1938260,"Action,Adventure,RPG,Strategy",0,0,0
598740,"Action,Indie",15,13,2
1443490,"Action,Adventure,Free to Play,Indie",0,0,0
1659080,"Casual,Indie,Strategy",7,4,3
1497790,"Adventure,Casual",6,6,0
965600,"Indie,Strategy",126,114,12
1688580,"Casual,Indie,Simulation",206,206,0
1446470,RPG,0,0,0
1123190,"Adventure,Casual",2,2,0
562600,"Casual,Indie",4,2,2
597240,"Action,Adventure,Casual,Free to Play,Indie,RPG",7,3,4
1641580,"Free to Play,Indie,Simulation,Strategy,Early Access",0,0,0
1408810,Adventure,1,1,0
1749410,"Action,Adventure,Casual,Indie",1,1,0
877470,Action,3,1,2
1211710,"Casual,Indie,Early Access",0,0,0
1482910,"Casual,Free to Play,Indie,Strategy",0,0,0
268050,Action,5096,3885,1211
573090,Simulation,19943,18362,1581
1032340,"Action,Indie",8,6,2
1148300,"Action,Simulation,Strategy",0,0,0
1222400,"Adventure,Casual,Indie,RPG",65,46,19
952240,"Action,Indie,Simulation",30,15,15
201480,"Action,Indie,RPG",287,132,155
823800,"Adventure,Indie",7,5,2
1707780,Simulation,43,38,5
1873540,"Simulation,Strategy",8,6,2
1630130,"Action,Adventure,Casual,Indie,RPG",3,1,2
1066110,"Animation & Modeling,Design & Illustration",29,18,11
1576470,"Indie,RPG",2,1,1
358190,Action,43,42,1
841460,"Adventure,Casual",145,128,17
2027570,"Action,Indie",1,1,0
1020120,"Action,Adventure,Casual,Indie,RPG,Strategy,Early Access",2,2,0
622610,"Nudity,Violent,Gore,Action,Indie,Early Access",5,4,1
1223870,"Casual,Indie,RPG,Simulation",51,45,6
787140,RPG,2,0,2
1779940,"Casual,Simulation,Early Access",1,1,0
943680,"Casual,Indie,Simulation",13,6,7
1247110,"Adventure,Indie,Simulation",3,2,1
22230,"Action,Indie,Racing,Strategy",1568,1440,128
1519730,"Indie,Simulation",0,0,0
712230,"Indie,Massively Multiplayer,Strategy",0,0,0
400020,"Action,Adventure,Casual,Racing,RPG,Sports,Strategy",423,355,68
1025480,"Action,Indie",9,9,0
1762270,"Action,Indie",232,225,7
1984590,"Action,Free to Play,Indie",0,0,0
1052900,"Action,Adventure,Casual,Indie",12,9,3
1288650,"Adventure,Casual,Indie,RPG",7,7,0
1180900,"Indie,Simulation,Strategy",24,21,3
1364510,Action,8,4,4
1868060,"Casual,Indie,Strategy",4,4,0
556250,"Action,Indie,Strategy",7,7,0
494440,Adventure,39,16,23
1594940,"Adventure,Indie,RPG,Early Access",1561,1456,105
406730,Indie,25,14,11
1354530,"Action,Casual,Free to Play,Indie",0,0,0
752520,"Casual,Indie,Sports",18,10,8
1359340,"Action,Adventure,Casual,Indie",1,1,0
1175080,"Utilities,Game Development",1,1,0
948830,"Adventure,Casual,Indie,Simulation",5,5,0
402670,"Action,Indie,Simulation",3,2,1
1268710,"Action,Adventure,Casual,Indie",0,0,0
626200,"Violent,Gore,Action",45,18,27
1098870,"Action,Adventure,Simulation",8,3,5
818760,"Casual,Indie",11,11,0
868450,"Casual,Indie",0,0,0
652480,"Action,Indie,Simulation",0,0,0
1394540,"Action,Adventure,Indie",4,3,1
682630,"Action,Adventure,Casual,Indie,Strategy",8,5,3
1004490,"Action,Adventure,Casual,Indie,Simulation",167,139,28
700450,"Action,Indie",1,1,0
506260,"Action,RPG",21,12,9
1234280,Action,0,0,0
1228450,"Action,Casual,Indie,Racing",0,0,0
1104320,"Casual,Free to Play,Indie,Strategy",0,0,0
1196470,"Simulation,Sports,Strategy",73,47,26
1060450,"Adventure,Indie",0,0,0
1834720,"Adventure,Casual,Indie",0,0,0
1835560,Action,0,0,0
1483890,"Casual,Indie",0,0,0
493290,"Casual,Sports",18,13,5
1210650,"Adventure,Free to Play,Indie",0,0,0
726720,"Indie,Simulation",19,11,8
1434890,"Casual,Indie,Simulation",22,21,1
1417500,"Action,Adventure,Casual,Indie,Simulation",23,13,10
1120850,"Action,Indie,Early Access",0,0,0
2020210,"Casual,Indie",1,1,0
1149900,"Indie,Early Access",1,0,1
825630,Adventure,980,929,51
1659170,"Indie,Simulation,Sports",4,1,3
515040,"Action,Casual,Indie,Simulation,Strategy",1085,949,136
895900,"Casual,Indie,Simulation,Strategy",1,1,0
1039830,"Adventure,Indie",5,1,4
1226490,"Adventure,Indie",2,1,1
1835360,"Indie,Strategy,Early Access",1,0,1
296220,"Adventure,Casual,Strategy",118,84,34
1093170,"Action,Adventure,Indie,Early Access",103,58,45
698990,"Casual,Indie",0,0,0
862250,"Casual,Indie",2,2,0
1782620,"Casual,Indie",3,3,0
1100600,"Simulation,Sports",6790,6165,625
937310,"Indie,Strategy",321,280,41
1027520,"Casual,RPG,Simulation",4,2,2
633110,Racing,259,176,83
427890,"Action,Casual,Indie",16,14,2
1290260,"Casual,Free to Play,Indie,Simulation,Sports",0,0,0
1586740,"Action,Indie",0,0,0
1060900,"Adventure,Indie",0,0,0
1680050,"Adventure,Casual,Indie,RPG,Strategy,Early Access",2,2,0
1126280,"Indie,Strategy,Early Access",0,0,0
353580,"Action,Adventure,Indie",40,33,7
921670,"Adventure,Casual,Indie",1,1,0
1571430,"Casual,Strategy",0,0,0
532740,"Casual,RPG,Simulation",0,0,0
659180,"Casual,Indie,Strategy",4,4,0
772220,"Action,Indie,Early Access",5,3,2
817110,"Casual,Indie",3,1,2
391600,"Action,Adventure,Indie",26,14,12
1425390,"Adventure,Casual,Indie,Simulation,Strategy,Early Access",4,2,2
234650,"Adventure,Indie,RPG,Strategy",6164,5490,674
1804070,"Action,Adventure,Indie,Simulation",3,3,0
1575100,"Adventure,Indie",4,4,0
1854130,Adventure,21,15,6
1172390,"Action,Adventure,Casual,Indie,RPG,Simulation,Strategy,Early Access",29,20,9
1126880,"Casual,Indie,Simulation,Sports,Strategy",2,2,0
1024890,"Action,Free to Play,Indie,Strategy,Early Access",0,0,0
1710200,Casual,4,3,1
1718560,Casual,1,1,0
907710,"Adventure,Indie",23,7,16
619620,"Action,Casual,Indie,Early Access",2,1,1
1373990,"Adventure,Casual,RPG",3,3,0
1616540,"Indie,Simulation,Early Access",4,2,2
708420,"Action,Free to Play,Indie,Strategy",0,0,0
512400,"Utilities,Early Access",6,1,5
853260,"Casual,Indie,Strategy",3,3,0
1196240,"Action,Indie,RPG,Early Access",10,10,0
1591360,"Adventure,Indie,RPG",0,0,0
1126260,"Free to Play,Indie",0,0,0
1558850,Casual,0,0,0
864450,"Action,Simulation",20,14,6
1234400,"Adventure,Free to Play,Indie",0,0,0
984690,"Free to Play,Indie",0,0,0
407110,"Action,Indie",16,15,1
1439100,Indie,1,1,0
503780,"Action,Adventure,Indie,Simulation",6,3,3
953270,"Indie,Early Access",245,217,28
1285520,"Action,Indie",0,0,0
845480,"Adventure,Casual,Indie",6,0,6
941650,"Adventure,Indie",7,6,1
434140,"Violent,Gore,Action,Adventure,Indie,Early Access",2,1,1
635790,"Adventure,Casual,Indie",14,13,1
202070,Action,113,97,16
229600,"Casual,Indie,Simulation",99,46,53
311490,"Action,Indie",8,5,3
1928100,"Casual,Indie",4,2,2
1254500,"Casual,Indie",49,39,10
631950,"Adventure,Early Access",0,0,0
438910,"Action,Adventure,Casual,Indie",6,1,5
908090,"Action,Indie",2,0,2
1334730,"Action,Indie,Early Access",277,259,18
1479470,"Action,Adventure,Indie",15,15,0
659060,"Indie,Racing,Early Access",5,5,0
204100,Action,15001,12289,2712
1270520,"Casual,Indie,Simulation",10,1,9
1043230,"Action,Indie",79,76,3
1351970,"Action,Adventure,Casual,Indie",11,10,1
922140,"Casual,Indie",30,24,6
1906020,"Action,Casual,Indie,Simulation,Early Access",55,53,2
1924340,"Adventure,Indie,Strategy",0,0,0
1026060,"Action,Indie,Massively Multiplayer,Early Access",1,0,1
356110,Indie,3,3,0
873050,"Action,RPG,Simulation,Early Access",3,0,3
1061880,"Action,Adventure,Indie",136,104,32
1157320,"Casual,Indie",4,3,1
1925560,"Action,Free to Play,Indie,Simulation,Sports,Early Access",0,0,0
1014990,Simulation,12,9,3
373930,Strategy,1232,952,280
724460,"Education,Utilities",3,1,2
620580,"Adventure,Casual,Indie",7,5,2
1895280,Adventure,1,1,0
400410,"Adventure,Casual,Indie,Simulation",3,3,0
838110,"Action,Adventure,Indie",49,42,7
1837800,"Free to Play,Indie,Massively Multiplayer,Strategy",0,0,0
529940,Action,4,3,1
761730,"Adventure,Indie",3,2,1
1398820,"Action,Casual,Indie,Simulation",2,2,0
1770810,"Action,Adventure,Indie,RPG",0,0,0
1101670,"Adventure,Casual,Indie,RPG,Early Access",17,16,1
788050,"Adventure,Casual,Indie,RPG",27,22,5
714240,"Action,Indie",41,36,5
1935170,"Adventure,Casual,Free to Play,RPG,Strategy",0,0,0
610360,"Casual,Indie",509,474,35
997270,"Adventure,Indie,Simulation,Strategy",0,0,0
1489400,"Action,Adventure,Indie",10,10,0
1026210,"Adventure,Casual,Indie",3,0,3
323620,Utilities,5,0,5
690260,"Action,Casual,Indie,Strategy",1,1,0
863900,"Adventure,Casual,Indie,RPG,Simulation",7,5,2
711430,"Adventure,Casual,Indie",36,31,5
1415830,"Action,Indie",7,2,5
1647390,"Adventure,Casual,Indie",32,32,0
498980,"Action,Casual,Indie,Sports",26,18,8
545750,"Action,Indie",0,0,0
1370000,"Action,Adventure,Indie",0,0,0
966210,"Casual,Indie,Simulation",6,5,1
562460,"Action,Indie",6,6,0
381290,"Action,Simulation,Early Access",0,0,0
976680,"Adventure,Indie",0,0,0
1185470,"Action,Adventure,Casual,Indie",20,16,4
1198700,"Adventure,Casual,Indie",19,13,6
1126950,"Action,Indie,Strategy,Early Access",2,2,0
705300,"Violent,Adventure,Casual,Indie",30,14,16
372750,"Action,Adventure,Indie,Simulation,Early Access",67,33,34
1181840,"Adventure,Indie,RPG",686,605,81
1157360,"Indie,RPG",0,0,0
1431020,"Action,Casual,Indie",9,9,0
314520,"Simulation,Sports",552,320,232
1296410,"Action,Indie",0,0,0
1222040,"Casual,Indie,Racing,Simulation,Sports",160,150,10
889480,"Adventure,Indie",476,437,39
1226100,"Action,Adventure,Casual,Indie,Strategy",1,1,0
1833840,"Casual,Indie",2,2,0
778710,"Casual,Indie,Early Access",1,0,1
1987080,"Adventure,Indie,Early Access",2289,1971,318
206760,Action,90,42,48
1624050,RPG,0,0,0
855760,"Casual,Indie,Strategy",1,1,0
851050,"Action,Adventure,Indie",14,5,9
725330,"Adventure,Indie,RPG",142,137,5
730830,Adventure,222,129,93
1781060,Casual,0,0,0
1166910,"Action,Adventure,Indie",0,0,0
669620,"Action,Indie",0,0,0
526490,"Adventure,Casual,Indie",237,230,7
722620,"Action,Indie,Early Access",3,3,0
745500,"Action,Casual,Indie",5,2,3
252830,"Action,Adventure,Indie",148,102,46
569480,"Indie,Simulation,Strategy",13710,12731,979
387070,"Action,Adventure,Indie,Simulation",6,1,5
382080,"Action,Adventure,Casual,Indie",38,23,15
1229960,"Action,Adventure,Indie,Early Access",1,1,0
1063310,"Action,Adventure,Casual,Indie",86,67,19
448540,"Adventure,Indie",34,17,17
959870,"Adventure,Casual,Indie,RPG",1,1,0
588120,"Casual,Free to Play,Indie,Massively Multiplayer,Racing,Simulation",25,18,7
652700,"Adventure,Casual,Indie",10,10,0
1990230,Indie,1,0,1
1949270,Indie,10,9,1
1740270,"Action,Free to Play,Indie",0,0,0
915360,"Casual,Indie,Strategy",0,0,0
1177330,"Action,Indie",13,11,2
1467560,"Education,Utilities,Video Production,Early Access",2,2,0
941850,"Action,Early Access",65,36,29
1276790,"Indie,RPG",3371,3060,311
1994680,Action,2,2,0
603390,"Adventure,Casual,Indie,RPG,Early Access",175,161,14
1949130,"Action,Adventure,Casual,Indie,Strategy,Early Access",1,1,0
243360,"Racing,Sports",170,131,39
1621560,"Action,Indie,Simulation,Strategy,Early Access",195,154,41
562210,"Casual,Indie",16,10,6
1020590,"Adventure,Indie",41,41,0
1103400,"Adventure,Casual,Indie",1,1,0
944030,"Indie,Strategy,Early Access",1,1,0
1221520,"Action,Adventure,Casual,Indie,RPG,Strategy,Early Access",2,1,1
1337880,"Adventure,Casual,Indie,Early Access",18,15,3
252890,"Adventure,Casual",96,71,25
846730,"Simulation,Sports",79,51,28
1235450,"Action,Adventure,Indie",3,2,1
726390,"Casual,Free to Play",0,0,0
1682950,"Action,Adventure,Casual,Simulation",1,1,0
1298390,"Casual,Indie",0,0,0
1775640,"Action,Casual,Indie,Massively Multiplayer,Racing",0,0,0
676850,"Action,Adventure,Indie",6,3,3
547990,"Adventure,Indie,RPG",13,8,5
1614250,"Adventure,Indie,RPG",5,3,2
3310,Casual,506,470,36
1639790,Adventure,571,558,13
1607780,"Action,Casual,Indie",3,3,0
1305500,Adventure,0,0,0
252250,"Indie,Simulation,Strategy",654,271,383
1193070,"Casual,Free to Play",0,0,0
323450,"Action,Adventure,RPG",55,47,8
706010,"Action,Casual,Indie,RPG,Strategy,Early Access",2,0,2
1440240,Audio Production,2,1,1
1783060,"Adventure,Casual",4,3,1
956500,"Action,Indie,Strategy",25,22,3
1786260,Indie,0,0,0
1659760,"Casual,Simulation,Early Access",1,0,1
783860,"Action,Adventure,Casual,Indie,Racing,RPG,Simulation,Sports",14,8,6
1792230,"Casual,Indie,Strategy",3,3,0
1095300,"Action,Casual,Indie",0,0,0
545880,"Action,Adventure,Indie",10,9,1
1398410,"Action,Free to Play,Indie",0,0,0
704370,"Adventure,Casual,Indie,Strategy",6,3,3
265490,"Casual,Indie,Simulation",2,1,1
561390,"Animation & Modeling,Design & Illustration,Utilities,Web Publishing,Early Access",1,1,0
1291790,"Action,Indie,Strategy,Early Access",108,102,6
1925320,"Adventure,Casual,Indie",33,28,5
1201220,Action,2,1,1
1508660,Casual,1,1,0
2063950,"Casual,Indie",4,4,0
1291470,"Action,Adventure,RPG",0,0,0
1927000,Education,3,3,0
1118380,Utilities,162,134,28
1900130,"Casual,Free to Play",0,0,0
1395270,Action,6,6,0
1480860,"Adventure,Indie",0,0,0
1436930,"Adventure,RPG",4,2,2
1624180,"Adventure,Indie",0,0,0
434170,"Casual,Indie,Strategy",3167,3085,82
411680,"Adventure,Casual,Indie,Simulation,Strategy",38,35,3
1088630,"Adventure,RPG,Simulation,Strategy",1,1,0
334540,"Action,Indie,Simulation",789,709,80
1716910,"Indie,RPG,Simulation",3,2,1
1256160,"Action,Indie",0,0,0
522960,"Simulation,Early Access",4,1,3
669380,"Action,Adventure,Indie,RPG,Strategy",57,51,6
461850,"Casual,Indie,Strategy",4,2,2
1370970,"Casual,Indie",2,1,1
1895560,Casual,1,1,0
1346790,"Adventure,Casual,Indie,Racing",0,0,0
1113960,"Adventure,Casual,Indie",6,4,2
1222830,"Indie,Sports",0,0,0
860260,"Action,Indie",7,1,6
2026150,"Action,Adventure,Casual,Indie,Simulation,Strategy",0,0,0
1027600,"Adventure,Indie",16,9,7
1568240,"Indie,Simulation,Strategy",2,2,0
542200,"Casual,Indie,Simulation",98,88,10
955370,"Adventure,Indie,RPG",15,12,3
965680,"Action,Casual,Indie",352,340,12
755220,"Casual,Indie,Strategy",1,0,1
533260,"Action,Indie",13,9,4
1230880,"Action,Casual,Indie",1,1,0
1618030,Action,3,0,3
845250,Simulation,0,0,0
1622800,"Adventure,Indie,Early Access",44,39,5
1763610,Indie,5,1,4
402910,"Action,Indie",2,1,1
525040,Action,217,196,21
1075570,Action,1,1,0
1994960,"Action,Indie",4,4,0
1592390,"Casual,Racing,Simulation,Sports,Early Access",3,3,0
1739600,"Action,Adventure,Free to Play,Massively Multiplayer,RPG",0,0,0
652950,Adventure,90,87,3
334490,"Adventure,Casual",4,3,1
296870,"Adventure,Casual,Indie",643,583,60
1759130,"Casual,Free to Play,Indie,RPG,Simulation,Early Access",0,0,0
834380,"Action,Casual,Indie",6,6,0
915720,"Adventure,Free to Play,Indie",0,0,0
257350,"Adventure,RPG",3931,3585,346
1763040,Casual,0,0,0
1340260,"Action,Casual,Indie",2,2,0
1893770,"Adventure,RPG",0,0,0
326720,"Action,Indie",108,94,14
351990,"Casual,Indie,Racing",1001,840,161
793820,"Action,Adventure,Indie,RPG",7,7,0
638490,"Action,Free to Play,Indie",0,0,0
399640,"Action,Indie,RPG",288,268,20
943390,"Action,Casual",0,0,0
1061490,Casual,81,49,32
835710,"RPG,Strategy",11,11,0
809310,"Action,Indie,Simulation,Strategy,Early Access",114,99,15
406080,"Casual,Indie,Simulation,Strategy",137,78,59
1705540,"Adventure,Indie,RPG",0,0,0
693180,"Adventure,Indie",13,7,6
1973950,Simulation,0,0,0
614130,"Simulation,Strategy",18,16,2
892210,Action,4,2,2
1463820,"Casual,Indie",0,0,0
1900790,"Adventure,Casual,Indie",2,1,1
204440,"Adventure,Casual",61,55,6
608580,"Action,Adventure,Early Access",14,5,9
1201880,"Adventure,Casual,Indie,Simulation",9,8,1
283160,"Action,Indie,Simulation",1368,1234,134
529770,"Action,Adventure,Free to Play,Indie",5,4,1
617660,"Adventure,Indie",11,7,4
1142860,"Indie,Strategy",0,0,0
1962560,"Action,Casual,Indie,RPG,Early Access",25,18,7
520250,"Action,Indie",23,14,9
1857020,"Casual,RPG,Simulation,Early Access",18,9,9
47920,Racing,955,571,384
1341290,"Adventure,Casual,Indie",2065,1920,145
1684330,"Adventure,Indie",2,2,0
230290,"Casual,Indie,Simulation,Early Access",10469,10057,412
1560060,"Adventure,Indie,RPG",0,0,0
413040,"Action,Adventure",1,1,0
894430,Indie,8,8,0
713980,"Indie,RPG,Simulation",0,0,0
1033220,"Adventure,Simulation,Strategy",44,35,9
656780,"Action,Casual,Racing,Sports",2,0,2
1004100,"Action,Indie",4,2,2
1860600,"Adventure,Casual,Indie,Simulation",9,8,1
1269510,"Action,Indie",1,0,1
1337240,"Action,Adventure,Free to Play,Indie,RPG",0,0,0
358300,Action,19,16,3
446440,Casual,1,0,1
379520,Action,25,20,5
1999170,"Action,Adventure,Casual,Indie,RPG,Early Access",10,10,0
1185950,Strategy,10,8,2
448730,"Simulation,Strategy",11,7,4
928960,"Action,Adventure",323,229,94
1159500,"Adventure,Casual",42,33,9
1388510,Adventure,1,1,0
603750,"Adventure,Casual,Indie,RPG,Strategy",42,11,31
1591490,"Adventure,Indie",12,12,0
285420,"Casual,RPG",32,30,2
1147640,"Adventure,Indie,RPG",0,0,0
445770,Adventure,200,171,29
1547430,"Action,Casual,Indie",0,0,0
603030,"Adventure,Casual,Indie,Simulation,Sports",62,45,17
892980,"Casual,Indie,Simulation",11,10,1
1931600,"Casual,Indie,Simulation",15,7,8
1066620,"Action,Indie,Early Access",0,0,0
611230,"Action,Adventure,Indie,Early Access",43,35,8
1837440,"Adventure,Indie",3,3,0
546660,"Action,Adventure,Massively Multiplayer",9,1,8
378490,"Casual,Racing",30,18,12
890520,"Simulation,Strategy,Early Access",37,33,4
1619040,"Adventure,Casual,Indie,RPG,Strategy",0,0,0
1297720,"Adventure,Casual,Free to Play,Indie,RPG",0,0,0
386480,"Adventure,Casual,Indie,Simulation,Strategy",246,156,90
1495570,"Casual,Indie",9,7,2
1193730,"Action,Adventure,Indie,RPG,Simulation,Early Access",2,0,2
360550,Indie,117,98,19
399520,"Adventure,Casual,Free to Play,Indie",2,2,0
1579010,"Adventure,Indie,RPG",1,1,0
891110,"Action,Indie",4,4,0
459350,"Action,Indie",38,33,5
1008140,"Adventure,Casual,Indie",8,6,2
339790,"Racing,Simulation,Sports",255,235,20
838390,"Adventure,Casual,Indie",36,32,4
1752150,"Adventure,Casual,Indie",9,9,0
283820,"Action,Indie",48,44,4
272300,Utilities,11,5,6
669700,"Action,Adventure,Indie,Early Access",1,0,1
1163740,"Casual,Indie,RPG,Strategy,Early Access",205,202,3
1655800,"Action,Adventure,Indie,Early Access",3,3,0
1770660,"Action,Adventure,RPG",6,4,2
1948110,"Action,Casual,Indie",1,1,0
1371760,"Indie,RPG,Simulation,Early Access",6,3,3
926110,"Adventure,Casual",4,4,0
876190,"Adventure,Indie,Sports,Strategy",23,16,7
1903170,"Action,Adventure",0,0,0
1574450,"Action,Adventure,Indie",9,5,4
1373220,"Indie,RPG,Simulation,Strategy,Early Access",187,122,65
242700,Action,3379,2749,630
595790,"Action,Indie",179,163,16
218060,"Action,Indie",1017,950,67
873980,"Casual,Indie,Strategy",72,45,27
474880,"Adventure,Indie,RPG,Strategy",3,2,1
491530,"Action,Casual,Simulation",454,337,117
985500,"Casual,Indie,RPG,Strategy",5,2,3
1969740,"Casual,Indie",11,1,10
1103860,"Action,Adventure",206,171,35
1749310,"Action,Indie",1,1,0
1480570,"Adventure,Casual,Indie",4,3,1
586740,"Adventure,Casual",3,3,0
1630690,"Indie,RPG,Strategy",9,9,0
556300,"Indie,Simulation,Early Access",12,1,11
615080,"Casual,Indie",4,4,0
351630,"Casual,Free to Play,Indie,Strategy,Early Access",1,0,1
1265040,"Adventure,Indie",0,0,0
324170,"Nudity,Indie",183,122,61
1095400,Indie,0,0,0
1168790,"Simulation,Strategy",0,0,0
1220710,"Casual,Indie,Simulation",25,23,2
1090470,"Adventure,Casual,Indie,Simulation",14,9,5
1335240,"Adventure,Casual,Indie,RPG,Simulation,Strategy",24,12,12
298790,"Action,Adventure,Indie",29,28,1
785930,"Simulation,Strategy",11,5,6
363620,"Action,Indie,Simulation",58,45,13
984240,"Casual,Free to Play,Indie",0,0,0
416310,"Adventure,Casual,Strategy",16,10,6
1074550,"Adventure,Indie,RPG",16,13,3
552480,"Action,Indie",0,0,0
1787470,"Adventure,Casual,Indie",11,11,0
1234240,"Action,Indie,RPG",39,30,9
876380,"Adventure,Indie,RPG",2,2,0
1402400,Adventure,7,7,0
1748160,"Action,Adventure,Indie,RPG,Simulation,Strategy,Early Access",2,2,0
1036420,"Simulation,Strategy",6,4,2
1070710,"Casual,Indie",5247,5164,83
717640,"Casual,Indie,Simulation",276,230,46
845860,"Casual,Indie,Strategy",9,8,1
1372370,"Adventure,Indie,RPG",14,10,4
923420,"Action,Adventure,Casual,Indie,RPG,Strategy",20,16,4
1675600,"Action,Adventure,Indie,Early Access",0,0,0
110800,"Adventure,Strategy",11057,9161,1896
537140,"Action,Indie",18,16,2
1695870,"Adventure,Free to Play,Indie",0,0,0
878110,"Racing,Early Access",0,0,0
1097530,"Indie,RPG,Simulation,Strategy",283,256,27
1602200,"Action,Adventure,RPG",0,0,0
1893940,"Indie,Strategy,Early Access",2,2,0
1348990,"Casual,Indie",1,1,0
541450,RPG,53,35,18
1978520,"Action,Indie",1,0,1
1699970,"Casual,Indie",6,6,0
781220,"Adventure,RPG",10,8,2
1042960,"Indie,RPG,Simulation,Strategy,Early Access",18,15,3
573490,Simulation,272,196,76
1388400,"Action,Adventure,Indie",1,1,0
984810,"Action,Casual,Indie,Strategy",0,0,0
1662340,"Adventure,Casual,Indie,RPG",2,2,0
1256350,"Animation & Modeling,Design & Illustration,Utilities,Early Access",3,1,2
710760,"Action,Adventure,Simulation",43,28,15
1980990,Action,0,0,0
837850,"Action,Adventure,Casual,Indie",17,14,3
1029120,"Casual,Indie,Massively Multiplayer,Simulation,Strategy",0,0,0
1581800,"Indie,Simulation,Early Access",88,85,3
1528560,"Casual,RPG,Simulation",82,60,22
903180,"Action,Indie,RPG,Strategy,Early Access",4,3,1
1690880,Adventure,17,16,1
1411040,"Action,Casual,Indie",3,3,0
753950,"Indie,Simulation,Strategy",0,0,0
1418180,"Adventure,Casual",26,25,1
444990,"Action,Indie",2,0,2
1290490,"Action,Adventure,Indie",0,0,0
575850,"Indie,RPG,Strategy",25,12,13
910390,"Action,Adventure,Casual,Indie,RPG",2,2,0
1194330,"Action,Free to Play",0,0,0
1677510,Adventure,1,1,0
1021780,"Action,Adventure,Indie,Massively Multiplayer,Simulation,Early Access",29,3,26
576670,"Adventure,Indie,Strategy",1,1,0
1148260,"Casual,Indie,Simulation",8,5,3
678910,"Casual,Indie,Strategy",0,0,0
1721250,"Indie,Massively Multiplayer,Strategy",1,0,1
789760,"Action,Indie,RPG",311,275,36
869500,"Adventure,Free to Play,Indie",1,1,0
986350,"Action,Adventure,Casual,Indie,Simulation",35,16,19
470580,"Adventure,Casual,Indie",20,18,2
1168280,Action,0,0,0
1197790,"Action,Casual,Indie,Strategy",0,0,0
1012410,"Action,Indie",33,28,5
429120,"Action,Indie",6,3,3
907890,"Adventure,Indie",4,3,1
1859980,"Adventure,Casual,Indie",1,0,1
502130,"Action,Casual,Free to Play,Indie",0,0,0
254900,Strategy,5,5,0
1394500,"Action,Casual,Indie,Simulation,Strategy",13,11,2
1812850,"Adventure,Indie,Racing",11,11,0
637670,"Action,RPG",1134,815,319
1103540,"Casual,Indie",1,1,0
1592780,"Adventure,Casual,Indie",0,0,0
1218020,"Action,Casual,Indie,Racing",0,0,0
504370,"Action,Free to Play",9811,8613,1198
423890,"Free to Play,Indie,RPG,Simulation,Strategy,Early Access",19,11,8
1179400,"Casual,Free to Play,Simulation,Early Access",0,0,0
1640830,"Casual,Simulation",1,1,0
793080,"Indie,RPG,Strategy",0,0,0
223810,"Action,Adventure,RPG",1262,1115,147
790780,"Action,Indie",1,1,0
1093850,"Casual,Free to Play,Indie,Simulation,Sports",0,0,0
458560,"Action,Free to Play",1,0,1
1178880,"Action,Adventure,Casual",263,213,50
1168630,"Casual,Indie,Strategy",15,15,0
357780,"Action,Casual,Indie,Strategy",232,177,55
449460,Strategy,62,38,24
333730,"Indie,RPG",7,4,3
1078590,"Adventure,Casual,Indie,RPG",0,0,0
439940,"Casual,Free to Play,Simulation",10,8,2
1250060,"Adventure,Indie,RPG,Simulation,Strategy",2,2,0
1579030,"Adventure,Casual,Indie",0,0,0
1502730,"Action,Casual,Indie,Simulation,Sports",3,0,3
1097280,"Adventure,Casual",2,2,0
1571010,"Adventure,Casual,Indie,Early Access",5,3,2
1361050,"Action,Adventure,Casual,Indie,RPG",3,3,0
1730850,"Casual,Indie,RPG,Simulation",2,0,2
568070,"Action,Adventure,Indie",21,10,11
736850,Strategy,678,491,187
381910,"Action,Indie",9,7,2
1465120,"Action,Indie",1,0,1
524520,"Adventure,Indie,RPG",66,50,16
965210,"Casual,Strategy",3,2,1
1671670,Racing,0,0,0
457530,"Casual,Indie,Simulation",106,87,19
1166290,"Adventure,Casual,Indie,Simulation,Strategy",2086,1848,238
1388260,"Indie,Strategy",0,0,0
281280,Racing,187,146,41
1610120,"Adventure,Casual,Indie,Simulation,Early Access",8,6,2
1270390,Indie,20,18,2
412790,"Action,Adventure",134,100,34
1928960,"Action,Casual,Indie",1,0,1
1198320,"Casual,Indie,RPG",0,0,0
1821920,"Action,Casual,Indie,Simulation",1,1,0
1063530,"Action,Adventure,Casual,Indie,RPG",0,0,0
640120,"Action,Adventure,Indie",105,98,7
1613100,"Action,Adventure,Casual,Indie,Massively Multiplayer,RPG,Simulation,Strategy",9,6,3
1713550,"Action,Adventure,Indie,RPG,Simulation,Early Access",1,0,1
1668830,"Casual,Indie",16,14,2
1063070,"Action,Adventure",3,3,0
381800,"Racing,Early Access",12,4,8
364790,"Adventure,Indie,RPG",8,7,1
1341280,"Casual,Free to Play",0,0,0
1018860,"Action,Indie,RPG,Early Access",6,6,0
1646650,"Adventure,Casual,Indie,Simulation",4,3,1
1205430,"Action,Massively Multiplayer,RPG",261,143,118
1255300,Action,1,1,0
1508400,"Indie,Strategy",80,74,6
1610180,"Adventure,Casual,Indie,RPG",0,0,0
741520,"Adventure,Indie",9,8,1
1473660,"Action,Adventure,Casual,Free to Play,Indie,RPG",0,0,0
1402000,"Casual,Indie,Massively Multiplayer",1,0,1
21800,Strategy,427,338,89
1530230,"Action,Adventure,Indie",1,1,0
792720,"Action,Casual,Indie,Sports",4,3,1
2023790,"Casual,Indie",0,0,0
289130,"RPG,Strategy",8477,7284,1193
728830,"Action,Adventure,Indie",5,5,0
606360,"Action,Indie",7,5,2
1260030,"Action,Indie",0,0,0
1333030,"Indie,Simulation,Strategy",6,6,0
1520170,"Action,Adventure,Casual,Indie,RPG,Simulation",8,7,1
429360,"Action,Casual,Indie,Sports,Strategy",36,35,1
1433240,"Casual,Indie,Early Access",2,1,1
652800,"Adventure,RPG",22,21,1
446150,"Action,Casual,Free to Play,Strategy",0,0,0
1180700,"Casual,Indie",2,2,0
544440,"Casual,Simulation,Strategy",10,6,4
1281480,"Action,Adventure,Indie,RPG,Early Access",3,0,3
1383760,"Casual,Indie,Massively Multiplayer,Strategy",12,8,4
1202560,"Action,Indie,Early Access",3,2,1
306260,"Action,Indie,Strategy",20,8,12
567980,"Casual,Indie",28,19,9
1703740,"Casual,Indie,Early Access",21,18,3
828050,"Adventure,Indie",0,0,0
753420,"Action,Indie",1875,1735,140
997310,"Adventure,RPG",1,1,0
1466840,"Action,Racing",1,1,0
820040,Casual,25,15,10
1598600,"Adventure,Casual,Indie",3,3,0
2007740,"Action,Adventure,Casual,Indie",1,0,1
1978900,"Action,Indie,Simulation,Early Access",0,0,0
1151750,"Action,Casual,Indie",13,9,4
846850,"Indie,Simulation",5,1,4
1541830,"Adventure,Casual,Free to Play,Indie,Strategy",0,0,0
965140,"Action,Casual,Indie,Sports,Early Access",0,0,0
1109960,"Action,Casual,Indie,Early Access",0,0,0
1807690,"Action,Adventure,Casual,Indie,Simulation,Sports",14,14,0
333380,"Indie,RPG,Early Access",8,4,4
606010,"Animation & Modeling,Utilities,Video Production",0,0,0
913820,"Indie,Simulation,Sports",18,8,10
1781710,Adventure,10,8,2
448480,"Indie,Simulation",10,5,5
463100,"Adventure,Indie",6,1,5
1928330,"Adventure,Indie,Simulation",2,2,0
1198270,"Adventure,Indie",16,16,0
1190380,Racing,12,8,4
924870,"Action,Adventure,Indie",6,5,1
643870,"Adventure,Indie",2,2,0
858860,"Action,Indie,Strategy",29,28,1
673570,"Action,Indie,Simulation",6,2,4
341680,"Action,Indie,Simulation",28,25,3
616040,"Adventure,Casual,Indie",5,5,0
995240,Action,15,13,2
1333650,"Action,Adventure,Indie,Massively Multiplayer,RPG,Early Access",28,20,8
874630,"Action,Adventure,Indie,RPG,Early Access",0,0,0
663430,RPG,2,1,1
716480,"Action,Indie",1,0,1
423720,"Action,Casual,Indie",4,3,1
1502760,"Casual,Free to Play,Indie,RPG,Strategy",0,0,0
600640,"Action,Adventure,Indie,RPG",4,3,1
584760,"Indie,RPG,Strategy",2,1,1
235980,"Casual,Indie",133,131,2
378610,"Action,Adventure,Indie",3999,3652,347
979520,"Action,Indie,Strategy",13,9,4
1681840,"Adventure,Indie,RPG,Strategy,Early Access",64,61,3
844970,"Action,Casual,Indie",6,6,0
666040,"Action,Adventure,RPG,Early Access",4,1,3
1613190,"Adventure,Indie,RPG",3,3,0
770110,"Adventure,Casual,Indie",93,73,20
753570,"Action,Adventure",1,0,1
16000,Casual,6,3,3
1859870,"Action,Adventure,Casual,Indie,RPG,Strategy",0,0,0
1031230,"Indie,RPG",2,0,2
848470,"Casual,Indie,Sports,Strategy",2,2,0
922450,"Adventure,Free to Play,Indie,Massively Multiplayer,RPG,Strategy",0,0,0
2007100,"Action,Adventure,Indie,Early Access",0,0,0
1175320,"Adventure,Indie,RPG,Strategy",0,0,0
1194670,"Action,Casual,Indie",2,2,0
1887330,"Free to Play,Indie,RPG",0,0,0
865770,"Audio Production,Utilities,Video Production,Early Access",0,0,0
1045670,"Adventure,Casual,Indie,Strategy",0,0,0
1212750,"Action,Adventure,Indie",2,0,2
1787630,"Action,Casual,Indie,Racing,Sports",0,0,0
1000790,"Indie,Racing,Simulation,Sports",3,1,2
664320,"Casual,Indie,Simulation,Strategy",51,25,26
1250960,"Action,Adventure,Casual,Indie",0,0,0
65740,"Action,Strategy",460,213,247
1771820,"Casual,Animation & Modeling,Design & Illustration,Utilities,Game Development",2,1,1
1272920,"Casual,Indie",2,2,0
1710570,"Casual,Free to Play",0,0,0
1340950,"Casual,Indie,RPG,Simulation,Strategy",0,0,0
1618910,"Action,Free to Play",0,0,0
381220,"Action,Casual,Indie,RPG,Simulation,Strategy",35,15,20
536640,"Action,Adventure,Indie",38,14,24
1627110,"Simulation,Early Access",12,8,4
1098390,"Action,Adventure,Casual,Indie,Massively Multiplayer,RPG,Early Access",0,0,0
1977360,Indie,19,16,3
1087800,"Adventure,Casual,Indie",11,8,3
1135320,"Indie,Sports",0,0,0
943520,"Action,Indie",9,8,1
510680,"Adventure,Indie",11,11,0
654600,"Action,Casual,Indie",9,8,1
18480,Adventure,23,13,10
1377240,"Action,Casual,Indie",3,3,0
277700,Indie,62,55,7
937170,"Adventure,Indie,RPG",214,196,18
495390,Casual,5,3,2
951370,"Action,Casual,Indie",19,16,3
1996760,"Adventure,Indie",11,9,2
459220,Strategy,3897,3554,343
1341220,Casual,48,43,5
1581180,Indie,100,97,3
1014610,Simulation,0,0,0
1989680,"Casual,Simulation",3,0,3
770600,"Casual,Indie",19,17,2
374680,"Action,Casual,Indie",3,3,0
725960,"Casual,Indie,Simulation,Sports,Early Access",37,14,23
1751470,"Adventure,Casual,RPG,Simulation",1,1,0
1772950,"Action,Adventure,Indie,RPG",10,10,0
882110,"Adventure,Free to Play",0,0,0
1787810,"Action,Adventure,Simulation",28,24,4
1182770,"Adventure,Casual,Indie",3,3,0
878170,"Violent,Action,Casual,Indie,Simulation",20,16,4
1259960,Adventure,17,15,2
1788620,"Action,Indie,Massively Multiplayer",0,0,0
934120,"Adventure,Casual,Indie,RPG",10,4,6
385900,"Adventure,Casual,Indie,RPG",17,6,11
1660500,Simulation,0,0,0
1735670,"Casual,Free to Play,Indie,Early Access",0,0,0
359810,"Adventure,Indie",99,51,48
1887730,"Action,Adventure",1,1,0
1517150,"Indie,Strategy",0,0,0
446430,Casual,1,0,1
332390,"Adventure,Casual,Indie,RPG,Strategy",76,58,18
553340,"Casual,Indie",40,32,8
623670,Indie,6,4,2
1191580,"Adventure,Casual,Indie,RPG,Simulation",592,528,64
1274360,"Adventure,Free to Play,Indie,RPG",1,1,0
1793040,"Action,Adventure,Casual,Indie",0,0,0
771130,"Action,Adventure,Casual,Indie,RPG",9,2,7
1384330,"RPG,Strategy",5,4,1
1493460,"Adventure,Casual",4,4,0
1060980,"Adventure,Casual,Indie,Racing,Simulation",4,2,2
256010,"Indie,RPG,Strategy",207,70,137
1024780,Indie,2,0,2
1588580,"Action,Casual,Sports",1,1,0
879620,"Adventure,Indie,RPG,Simulation,Strategy",7,2,5
920470,"Action,Adventure,Free to Play,Massively Multiplayer,RPG,Strategy,Early Access",0,0,0
978520,"Indie,RPG,Strategy",1272,1001,271
1136020,"Action,Adventure,Casual,Indie,Simulation",26,23,3
1417310,Strategy,3,3,0
253790,"Indie,Strategy",152,121,31
1587910,"Action,Adventure,Casual,Indie,RPG,Simulation",3,0,3
1467670,"Action,Free to Play,Strategy",0,0,0
1882160,"Action,Adventure,Indie,RPG,Early Access",0,0,0
1964800,"Free to Play,Simulation,Strategy",0,0,0
556540,"Adventure,Casual,Indie",8,5,3
1912820,Action,3,3,0
674310,Indie,34,29,5
1218670,"Action,Casual,Free to Play,Indie",0,0,0
1209330,"Casual,Simulation",33,26,7
1421700,"Adventure,RPG",12,6,6
406060,Software Training,0,0,0
1464200,"Action,Indie,Strategy",0,0,0
773130,"Action,Casual,Indie",3,3,0
15970,Casual,30,19,11
1981380,"Adventure,Free to Play,Indie",0,0,0
1152100,Adventure,0,0,0
1506510,"Casual,Indie,Simulation,Sports",686,665,21
1157790,"Simulation,Sports",34,16,18
624990,"Action,Adventure,Casual,Indie",6,6,0
1699380,"Action,Adventure,Indie",9,6,3
1453480,"Action,Adventure,Indie",1,1,0
1041060,"Action,Adventure,Casual,Free to Play,Indie,Simulation,Strategy",0,0,0
32710,Simulation,39,27,12
740080,"Action,Casual,Indie,Strategy",137,112,25
369420,"Adventure,Casual",203,177,26
1477560,"Action,Indie,RPG",0,0,0
25830,Strategy,915,836,79
388680,"Adventure,Indie",20,13,7
1776640,"Casual,Indie",2,2,0
623550,"Casual,Indie",22,9,13
1481930,Indie,0,0,0
581210,"Casual,Indie",3,2,1
1612160,"Free to Play,Indie",0,0,0
1345950,Action,13,12,1
797330,"Casual,Indie,Strategy",3,3,0
1813340,"Casual,Strategy",8,7,1
1559450,"Adventure,Casual,Free to Play,Indie",0,0,0
1388230,"Action,Indie",27,27,0
516610,"Action,Adventure,Casual,RPG,Simulation",4,2,2
1568960,"Adventure,Casual,Indie,Simulation",5,5,0
1177510,"Action,Casual,Indie,Simulation",1,1,0
1091190,"Action,Indie",1,0,1
551930,"Indie,Simulation,Sports",22,13,9
1131690,"Action,Indie",0,0,0
1064490,Casual,0,0,0
699700,"Adventure,Indie",24,10,14
728050,"Action,Adventure,Indie,RPG,Strategy,Early Access",7,1,6
1860260,Indie,0,0,0
347330,"Action,Adventure,Indie",5,3,2
501280,Utilities,0,0,0
1954640,"Adventure,Indie,RPG,Strategy",0,0,0
1428520,"Indie,Simulation,Strategy,Early Access",65,46,19
816160,"Casual,Indie,Sports",32,25,7
1584190,"Adventure,Casual,Indie,Massively Multiplayer",13,12,1
1127210,Adventure,2,2,0
267530,"Action,Adventure",1150,943,207
324360,"Action,Indie,Strategy,Early Access",2,1,1
1188270,"Indie,RPG,Strategy",28,24,4
375220,"Casual,Free to Play",1,1,0
1673530,"Casual,Indie",2,1,1
1227820,"Action,Adventure,Indie",0,0,0
1961410,"Action,Adventure,RPG,Early Access",1,1,0
1082460,Indie,5,5,0
8190,"Action,Adventure",17422,16031,1391
1447470,"Adventure,Free to Play,Massively Multiplayer,RPG,Simulation,Strategy",0,0,0
1930060,"Casual,Simulation,Strategy",1,1,0
1125060,"Action,Adventure,Casual,RPG",2,2,0
1962980,"Adventure,Free to Play,Indie,Strategy",0,0,0
2027000,"Casual,Indie",8,8,0
1215870,"Action,Adventure,Indie",16,6,10
1397280,Strategy,11,11,0
1575870,"Action,Casual",51,43,8
1584140,"Casual,Indie,RPG,Simulation,Early Access",0,0,0
328780,Indie,19,15,4
1905050,Indie,1,1,0
718650,"Indie,RPG,Simulation,Strategy",632,454,178
378800,"Simulation,Strategy",134,74,60
659840,"Action,Casual,Free to Play,Massively Multiplayer,Simulation",0,0,0
452650,"Action,Indie,Early Access",6,2,4
1262070,"Indie,Strategy",2,1,1
681500,Free to Play,0,0,0
684580,"Adventure,Indie,RPG,Simulation,Strategy",687,417,270
1274110,"Casual,Indie",0,0,0
380120,"Adventure,Indie,RPG",9,7,2
899930,"Action,Free to Play,Indie,Sports,Early Access",0,0,0
1882200,Simulation,2,2,0
774231,"Simulation,Education",8,6,2
333660,"Action,Indie,Strategy",45,28,17
1434440,"Adventure,Indie,RPG,Strategy",0,0,0
1504230,"Action,Indie,Early Access",0,0,0
1441210,"Action,Adventure,Casual,Indie,Simulation",1,0,1
443830,"Indie,RPG",18,10,8
318740,Adventure,18,12,6
698740,"Sexual Content,Violent,Gore,Action,Casual,Free to Play,Indie",5,5,0
597820,"Action,RPG",7490,5388,2102
344770,Indie,468,456,12
630460,"Action,Indie",30,29,1
622200,"Adventure,Casual",11,11,0
1647990,"Action,Early Access",0,0,0
1096610,"Simulation,Strategy",58,36,22
1424890,"Casual,Free to Play,Massively Multiplayer,RPG",0,0,0
1308170,"Adventure,Indie",9,6,3
658690,"Action,Adventure,Indie",50,48,2
610960,"Action,Adventure,Indie,RPG",22,18,4
977840,"Simulation,Strategy",10,9,1
562500,"Indie,Strategy",720,624,96
1153580,"Action,Indie",0,0,0
284930,"Action,Indie,Racing",27,12,15
1781230,Indie,3,3,0
1545700,"Action,Adventure,Indie",4,3,1
341550,"Action,Indie",195,175,20
1896650,"Action,Adventure",0,0,0
1834580,"Action,Casual,Indie,Simulation",6,6,0
959280,"Action,Indie",0,0,0
274560,"Action,Adventure,Indie",537,355,182
728220,"Action,Adventure,Indie,RPG",4,3,1
1471910,"Casual,Indie,Strategy",80,76,4
1340980,"Casual,Indie",5,5,0
654220,"Casual,Indie,Strategy",89,71,18
1823610,"Action,Adventure,Indie,RPG,Simulation,Strategy",2,2,0
227600,"Adventure,Casual",885,785,100
1038100,"Adventure,Casual,Indie,RPG,Strategy",9,8,1
813370,Adventure,2,2,0
1464150,"Action,Adventure,Indie,RPG,Early Access",1,1,0
1097710,"Adventure,Indie,RPG",11,10,1
1412950,"Adventure,Casual",2,2,0
885250,"Design & Illustration,Utilities",5,3,2
11140,Adventure,227,158,69
797200,"Casual,Indie",0,0,0
1733230,"Adventure,Casual,Strategy",0,0,0
1140070,"Action,Adventure,Casual,Indie,Racing,Simulation,Sports,Strategy",12,9,3
1675170,"Action,Casual,Simulation",1,0,1
1854900,Casual,0,0,0
997370,"Casual,Indie,Simulation",6,6,0
1204650,"Indie,Simulation",0,0,0
1801850,"Action,Adventure,Indie",97,89,8
363530,"Simulation,Sports",239,64,175
876330,"Free to Play,Massively Multiplayer,RPG",0,0,0
556190,"Casual,Indie,Strategy",19,14,5
1291110,"Action,Adventure,Casual,Indie,Racing,RPG,Strategy",1,0,1
269530,"Action,Indie,Massively Multiplayer,Early Access",16,2,14
259130,"Adventure,Indie,RPG,Strategy",190,151,39
879670,"Action,Casual,Indie,Simulation,Strategy",48,20,28
510110,"Casual,Simulation,Strategy",5,3,2
1410210,"Action,Adventure,Indie",9,6,3
1099470,"Action,Casual,Indie",0,0,0
749370,"Violent,Gore,Action",14,6,8
758220,"Action,Adventure,Indie,RPG",4,3,1
598180,"Design & Illustration,Early Access",38,18,20
1809730,"Action,Adventure,Indie",8,7,1
466070,"Casual,Strategy",1,1,0
1200800,"Action,Indie",0,0,0
1757820,"Casual,Indie,RPG,Strategy",0,0,0
512300,"Action,Adventure,Indie",211,186,25
511420,"Action,Casual,Simulation,Early Access",0,0,0
1275760,Sports,1,0,1
1118590,"Adventure,Casual",4,1,3
759840,"Action,Adventure",2,0,2
1704260,"Action,Casual,Free to Play,Indie",0,0,0
1441530,"Action,Adventure",0,0,0
1630820,"Action,Indie,Strategy",0,0,0
940520,"Casual,Indie",4,1,3
1963280,"Action,Adventure,Indie",0,0,0
1449850,"Free to Play,Simulation,Strategy",0,0,0
1683430,"Adventure,Casual,Indie,RPG,Simulation",36,33,3
1664360,"Casual,Indie,Simulation",0,0,0
700010,Utilities,10,6,4
1228880,"Action,Casual,Indie,Strategy",1,0,1
283040,"Adventure,Indie,RPG",15,6,9
1213070,"Casual,Indie,RPG",4,3,1
936770,"Casual,Indie,Racing,Simulation",0,0,0
780280,"Casual,Indie,Simulation,Sports",99,87,12
1998170,"Casual,Indie",36,30,6
1366230,"Indie,RPG",0,0,0
1152320,RPG,37,32,5
1255010,"Action,Adventure,Indie,RPG",0,0,0
1702370,"Action,Adventure,Casual,Indie,Strategy",1,0,1
1849040,"Adventure,Indie",0,0,0
1762370,"Casual,Indie,Simulation",11,11,0
625410,"Action,Adventure,Casual,Indie",3,3,0
1884540,"Adventure,Free to Play,Indie",0,0,0
995930,"Adventure,Casual",0,0,0
849165,"Action,Adventure",0,0,0
1145360,"Action,Indie,RPG",96114,95045,1069
561660,"Action,Indie,Strategy",3,3,0
946170,"Casual,Indie",1,1,0
1178780,"Action,Simulation,Strategy,Early Access",552,510,42
994280,RPG,1477,1260,217
219910,"Adventure,Indie",733,621,112
1234820,Indie,1,0,1
564160,"Action,Indie",47,38,9
1377420,"Casual,Simulation",10,6,4
567290,"Action,Casual,Indie",255,228,27
1904050,Early Access,0,0,0
1919460,"Action,Casual",663,600,63
352750,"Casual,Indie,Simulation,Strategy",4,2,2
1516240,"Adventure,Indie",0,0,0
908480,"Action,Adventure,Indie",9,9,0
1088720,"Action,Adventure,Indie",1,1,0
1747570,"Action,Indie,Sports",0,0,0
798940,"Casual,Indie,Early Access",0,0,0
1265790,"Casual,Indie,Simulation",14,6,8
1407570,"Animation & Modeling,Design & Illustration,Utilities",3,0,3
723370,"Adventure,Indie,RPG,Early Access",1,0,1
1527930,Adventure,17,14,3
824400,"Action,Casual,Simulation,Strategy",0,0,0
1659210,"Adventure,Indie",61,40,21
1847920,"Action,Casual,Indie",2,2,0
1745840,Indie,2,1,1
34410,Action,138,111,27
1063910,"Adventure,Indie,RPG",0,0,0
620080,Adventure,20,18,2
538220,"Action,Indie",13,11,2
1417640,"Action,Indie",1,1,0
1057390,"Action,Indie",3,3,0
1450200,"Action,Indie,Sports,Strategy",1,1,0
1903810,"Action,Utilities",1,0,1
854530,"Adventure,Indie",0,0,0
1671550,"Action,Adventure,Casual,Indie,Simulation,Strategy",71,52,19
1059230,"Action,Adventure,Indie",44,30,14
1709040,Indie,8,4,4
1328460,"Action,Adventure,Indie,RPG",2,2,0
786510,RPG,14,10,4
1884750,"Action,Free to Play,Indie",0,0,0
794540,"Adventure,Indie,RPG",596,514,82
1092630,"Action,Indie",54,54,0
1492430,"Action,Adventure,Indie",4,3,1
1951380,"Adventure,Early Access",10,10,0
1635290,"Adventure,Casual,Indie,Simulation,Early Access",1,0,1
819040,"Casual,Indie",23,22,1
260380,"Indie,Strategy",22,14,8
641980,"Action,Adventure,Indie",31,27,4
495680,"Action,Indie",11,8,3
1361760,Indie,18,15,3
1291610,"Indie,Strategy",3,3,0
1835820,"Action,Casual",0,0,0
975200,"Casual,Indie",4,3,1
1890200,"Casual,Indie",0,0,0
1796920,"Adventure,RPG,Simulation,Strategy",2,2,0
1128220,"Adventure,Indie,Simulation",25,19,6
215870,"Free to Play,Massively Multiplayer",0,0,0
1746110,Indie,0,0,0
1406350,"Action,Casual,Indie",2,2,0
434290,Indie,96,67,29
271760,RPG,301,235,66
1348380,"Casual,Indie",3,2,1
1330010,"Adventure,Casual,Indie,RPG,Strategy",4,3,1
1376830,"Action,Adventure,Casual,Indie",40,37,3
963900,"Action,Indie",7,5,2
684620,"Action,Casual,Racing",11,8,3
1570150,"Casual,Indie,Strategy",0,0,0
486810,"Adventure,Casual",48,40,8
1557190,"Action,Adventure,Indie,Early Access",3,0,3
370440,"Adventure,Indie",28,18,10
787410,"Indie,Strategy,Early Access",1,0,1
815170,"Action,Adventure,Indie,RPG",3,0,3
1527620,Indie,12,11,1
1840940,"Action,Adventure,Indie,Racing,RPG,Simulation,Strategy",0,0,0
733180,"Action,Adventure,Indie",10,7,3
92000,"Action,Adventure,Indie,Strategy",1203,727,476
386420,"Casual,Indie",19,17,2
1913190,Indie,14,5,9
281240,Adventure,50,32,18
1406020,Simulation,55,50,5
1600370,"Adventure,RPG,Simulation",119,103,16
1186260,"Indie,RPG,Simulation",20,11,9
1202400,"Action,Indie,Racing",3,3,0
666820,"Action,Casual,Indie,Simulation,Strategy",179,166,13
2054670,"Action,Adventure,Indie,RPG,Strategy",1,1,0
252310,"Action,Indie",251,220,31
1031470,"Action,Casual,Racing",1,0,1
355510,"Casual,Indie",2,1,1
646350,"Indie,Simulation",11,5,6
391170,"Action,Indie",131,112,19
624080,"Action,Adventure,Simulation",13,13,0
680940,"Action,Indie,Early Access",5,1,4
1957160,Strategy,0,0,0
1122110,"Adventure,Indie",5,0,5
31900,Adventure,83,58,25
1824910,"Action,Indie,Sports",0,0,0
640250,"Action,Adventure,Casual,Indie,Early Access",4,3,1
300220,"Adventure,Casual,RPG",44,27,17
866710,"Adventure,Casual",5,3,2
1372830,"Adventure,Indie",67,59,8
1838030,"Action,Indie",0,0,0
1613330,"Casual,Simulation",3,1,2
580320,"Action,Adventure",14,6,8
1335790,"Adventure,Casual",1433,1335,98
845970,"Action,Casual,Simulation,Strategy",10,6,4
44690,"Racing,Simulation,Sports",101,90,11
868950,Indie,0,0,0
930150,"Casual,Sports",0,0,0
696410,"Indie,Strategy,Early Access",5,4,1
497700,"Casual,Indie,Simulation,Sports",51,44,7
1798720,"Casual,Simulation",2,2,0
408340,"Casual,Simulation",31,25,6
408740,"Casual,Indie,Simulation,Sports",369,129,240
308460,"Indie,Strategy",72,51,21
1501160,"Adventure,Casual,Indie",1,1,0
1655920,"Action,Casual,Indie,Racing",2,2,0
1680000,"Adventure,Casual",68,58,10
1459070,"Action,Adventure,RPG,Early Access",30,26,4
1372220,"Action,Indie,RPG,Early Access",38,31,7
874230,"Action,Casual,Indie",17,11,6
1687070,"Action,Adventure,Casual,Indie,RPG",1,1,0
1031440,"Adventure,Simulation",84,73,11
1194490,"Adventure,Casual,Indie,RPG,Early Access",0,0,0
1121230,"Casual,Indie",5,4,1
1120900,"Action,Adventure,Indie",1,0,1
1257000,"Adventure,Casual,Indie",2,2,0
1094340,"Adventure,Indie",6,5,1
1171080,"Action,Adventure,Casual,Indie",2,2,0
1900020,"Action,Indie,Strategy,Early Access",21,17,4
564090,"Adventure,Casual",4,4,0
388490,"Adventure,Free to Play",12,8,4
314830,"Adventure,Indie,RPG,Strategy",281,176,105
1045840,"Action,Adventure,Indie",101,68,33
1964990,"Action,Adventure,Indie",1,1,0
771380,"Adventure,Indie",5,5,0
1524630,"Action,Adventure,Indie,Simulation,Early Access",176,125,51
1794320,"Action,Indie,RPG",5,3,2
962970,"Adventure,Indie,RPG",61,37,24
1247100,RPG,117,44,73
1038620,"Adventure,Casual,Indie",39,23,16
445210,"Adventure,Casual,Indie",14,10,4
1940190,"Action,Adventure,Indie",3,1,2
406650,"Indie,RPG",48,37,11
1574800,"Action,Casual,Indie",52,45,7
1952550,"Action,Casual,Indie",1,1,0
1128650,"Action,Racing",0,0,0
1037020,"Action,Adventure,Indie",880,806,74
411860,"Adventure,Casual,Indie,Strategy",0,0,0
694130,"Casual,Free to Play,Simulation",0,0,0
1308800,"Action,Adventure,Casual,Indie,RPG,Strategy,Early Access",0,0,0
976940,"Casual,Free to Play,Indie,RPG",0,0,0
973200,"Casual,Indie,RPG,Simulation,Strategy",1,1,0
1463450,"Adventure,Casual,Indie",24,24,0
968290,Indie,35,33,2
1131080,"Action,Casual,Free to Play,Indie,Strategy",7,6,1
1220900,"Free to Play,Massively Multiplayer,RPG",0,0,0
1140900,"Action,Adventure,Casual,Indie",1,0,1
1652300,"Action,Adventure,Casual,Indie,Early Access",5,5,0
396700,"Action,Casual,Indie,Sports,Early Access",6,5,1
1083420,Casual,29,24,5
734820,"Action,Adventure,Casual,Indie",6,3,3
599670,"Casual,Simulation,Strategy",5,3,2
558410,"Adventure,Indie,RPG",19,15,4
1574690,Casual,1,1,0
691420,"Adventure,Casual,Indie",2,0,2
1279270,"Indie,RPG",10,7,3
1053600,"Adventure,Indie,Simulation",0,0,0
99910,"Adventure,Casual,Free to Play,Massively Multiplayer,Strategy",14,8,6
771970,Indie,0,0,0
817360,"Action,Free to Play,Indie,Early Access",0,0,0
796290,"Action,Free to Play,Simulation,Sports",0,0,0
1893050,"Action,Early Access",0,0,0
1118600,"Adventure,Casual,Indie",0,0,0
1599230,"Action,Indie",1,1,0
578890,"Adventure,Casual,Indie,RPG,Strategy",7,7,0
724630,"Adventure,Indie,Simulation",12,5,7
3050,Racing,92,71,21
371420,"Indie,Racing,Simulation,Sports",278,207,71
1177690,"Adventure,RPG,Simulation",60,47,13
1887530,"Adventure,Indie",2,2,0
674170,"Action,Casual,Indie,Racing,Sports",34,23,11
1757880,"Free to Play,Indie,Simulation",0,0,0
1239270,"Action,Adventure,Indie,RPG,Strategy,Early Access",4,1,3
1138380,"Casual,Indie,Early Access",0,0,0
2023630,"Action,Adventure,Casual,Indie,Simulation,Strategy",0,0,0
701540,"Action,Adventure,Indie,Racing,RPG,Strategy",13,8,5
32900,"Casual,Indie,Simulation,Strategy",144,115,29
1576230,"Adventure,Casual,Indie",4,3,1
649040,"Action,Simulation,Sports",0,0,0
1625420,"Action,Indie,Strategy",2,2,0
810770,"Action,Adventure,Casual,Indie",17,9,8
307770,"Casual,Indie,Simulation,Strategy",31,25,6
1142790,Action,0,0,0
462960,"Adventure,Casual,Indie",137,95,42
746500,"Action,Adventure,Casual,Indie,Racing,Simulation,Sports,Early Access",5,4,1
1681160,"Action,Adventure,Casual,Free to Play,Indie,Massively Multiplayer,Early Access",0,0,0
1078640,"Adventure,Indie,Simulation,Strategy,Early Access",14,8,6
377690,"Sexual Content,Nudity,Casual,Indie",158,147,11
420360,"Adventure,Indie",9,9,0
299180,Adventure,47,27,20
779730,"Indie,Simulation,Sports",7,7,0
531140,Indie,27,20,7
314470,"Indie,RPG",129,111,18
913090,"Action,Adventure,Indie,RPG,Strategy",31,30,1
924250,"Action,Adventure,Indie",57,38,19
1068600,"Action,Indie",23,10,13
1144150,"Action,Casual,Indie",25,24,1
1044210,Casual,3,3,0
541300,"Action,Adventure,Indie,Massively Multiplayer,Simulation,Early Access",1118,736,382
1170180,"Casual,Indie,Simulation,Early Access",25,16,9
960990,"Action,Adventure",3045,2631,414
1126590,"Action,Indie",0,0,0
726820,"Adventure,Indie,Early Access",2,2,0
806470,"Casual,Indie,Sports",10,5,5
820460,Strategy,7,5,2
1081520,Utilities,0,0,0
940630,"Action,Indie,Strategy,Early Access",1,0,1
1860800,"Casual,Indie,RPG",1,1,0
790610,Casual,1,0,1
10270,"RPG,Strategy",279,155,124
1311250,"Adventure,Free to Play",0,0,0
716950,"Action,Adventure,Free to Play,RPG,Early Access",0,0,0
1811480,"Adventure,Casual,Free to Play,Indie,Simulation",0,0,0
1337200,"Casual,Indie,Simulation",2,2,0
346550,"Adventure,Indie",45,21,24
1217260,"Action,Adventure,Indie,RPG",15,11,4
202410,"Action,Indie",61,51,10
747200,"Adventure,Casual,Indie,RPG,Simulation",936,808,128
1359890,"Casual,Indie,Simulation",2,2,0
1190910,"Action,Indie,RPG,Strategy",1,1,0
208710,"Action,Indie",15,11,4
843170,"Adventure,Indie",37,37,0
3320,Casual,2696,2627,69
446450,"Action,Casual,Simulation",7,3,4
455830,"Action,Indie",10,8,2
972920,"Action,Adventure,Massively Multiplayer,RPG,Early Access",12,2,10
1692700,"Indie,Simulation",97,81,16
1403040,Casual,3,1,2
314810,"Adventure,Indie",254,144,110
681900,"Action,Indie",1,1,0
2610,Action,786,705,81
1726730,"Indie,Simulation",65,46,19
499510,"Action,Adventure,Casual",6,5,1
1805200,Action,15,15,0
27000,"Adventure,Indie",438,321,117
407050,"Adventure,Indie,Early Access",2,2,0
287920,"Action,Free to Play,Indie,Massively Multiplayer,RPG",67,49,18
22120,"Action,Adventure,Indie",1139,1066,73
461280,"Action,Indie",2,2,0
1645980,Action,0,0,0
782660,"Action,Free to Play,Massively Multiplayer,Simulation",0,0,0
1794440,Casual,0,0,0
255070,"Action,Adventure,Indie",754,521,233
1509850,"Action,Adventure,Casual,Free to Play,Indie",0,0,0
322210,"Action,Indie",730,658,72
895850,"Adventure,Casual,Indie",3,3,0
7600,Strategy,1333,941,392
1069530,"Adventure,Indie",284,236,48
1672970,"Action,Adventure,RPG",2133,2000,133
399820,"Action,Indie,Sports",654,548,106
964100,"Casual,Indie,Simulation,Strategy",1,1,0
391420,"Adventure,Casual,Indie",177,131,46
1228860,"Adventure,Casual",3,2,1
889290,Adventure,1,1,0
771610,Indie,19,12,7
431950,"Indie,RPG,Strategy",25,20,5
1181330,"Action,Adventure,Indie",10,6,4
1476930,"Action,Indie",0,0,0
573460,"Action,Adventure,Casual,Strategy,Early Access",5,3,2
1927550,"Action,Adventure,Casual,Indie,Sports,Strategy",1,0,1
672790,"Action,Indie,Early Access",14,10,4
1661580,Indie,1,1,0
1706850,Adventure,60,49,11
663590,"Action,Adventure,Casual,Indie",19,17,2
1158040,Action,0,0,0
1838100,"Simulation,Strategy",4,4,0
1755530,"Adventure,Indie,RPG",1,1,0
1764940,"Adventure,Casual,Indie",0,0,0
1517120,"Casual,Indie,Strategy,Early Access",6,6,0
1465190,"Casual,Indie,RPG,Simulation",9,6,3
1885090,"Action,Adventure,Casual,Indie,Simulation,Strategy",6,5,1
1243150,"Adventure,Indie",5,4,1
1738570,"Action,Adventure,Indie,RPG",1,0,1
835860,"Action,Free to Play,Massively Multiplayer",2,1,1
1777820,"Casual,Indie,Simulation",26,25,1
314510,"Adventure,Casual",28,15,13
91200,"Action,Indie,Strategy",478,399,79
694090,"Action,Adventure",124,78,46
675960,"Action,Adventure,Casual,Indie",6,1,5
1826410,"Action,Adventure,Indie",2,2,0
92900,"Action,Adventure,Casual,Free to Play,Simulation,Strategy",71,33,38
1867580,Action,17,15,2
425300,"Casual,Sports",6,0,6
1693210,Simulation,5,5,0
338060,Casual,128,95,33
1089930,"Action,Indie",19,8,11
1165180,"Adventure,Indie,RPG",15,13,2
1693070,"Action,Adventure,Indie",1,1,0
1904560,"Action,RPG",11,10,1
1710840,"Action,Adventure,Casual,Indie",0,0,0
1504910,"Adventure,Casual,Indie,Strategy",0,0,0
1184230,"Adventure,Indie,RPG,Simulation",3,1,2
1020310,"Action,Indie",3,3,0
831450,"Adventure,Simulation",0,0,0
1825690,"Action,Adventure,Indie",6,5,1
1796410,"Action,Adventure",14,11,3
655790,"Action,Indie,Simulation",217,149,68
1544890,"Casual,Indie,Massively Multiplayer,Simulation,Early Access",14,11,3
659960,"Action,Adventure,Indie,RPG,Early Access",4,4,0
2010690,"Action,Casual,Strategy",2,2,0
1515740,"Casual,Indie,Sports",9,7,2
1544240,"Casual,Indie,Simulation,Early Access",0,0,0
99100,"Action,RPG",184,54,130
893730,"Casual,Free to Play,Indie",0,0,0
1459570,"Action,Indie",1,1,0
1289750,"Action,Indie",10,10,0
793350,"Action,Casual,Indie",776,743,33
682770,Action,0,0,0
528990,"Action,Casual,Sports",9,8,1
1866390,"Action,Casual,Indie",1,1,0
1840510,"Adventure,RPG,Simulation,Strategy",9,3,6
1189210,"Adventure,Casual,Indie,Early Access",1,0,1
1628370,"Action,Adventure,Indie,RPG",0,0,0
914500,"Action,Casual,Indie",6,3,3
1602600,"Indie,RPG",2,1,1
464400,Casual,25,24,1
698870,"Action,Adventure,Casual,Indie,RPG,Early Access",60,44,16
1395250,"Casual,Indie,Racing",0,0,0
789970,"Violent,Gore,Action",0,0,0
633930,"Action,Indie,Strategy",19,19,0
1201450,"Casual,Indie,RPG,Simulation",13,11,2
1104840,"Adventure,Casual,Indie",1,1,0
1559700,"Adventure,Indie,Strategy",9,9,0
521280,"Casual,Indie",27,23,4
1754000,"Action,Adventure,Massively Multiplayer,RPG",85,54,31
1481360,"Adventure,Indie",0,0,0
1556250,Casual,12,10,2
1355620,"Action,Indie,RPG",15,12,3
1072590,"Casual,Indie,Strategy",18,15,3
486490,"Adventure,RPG",8,5,3
558780,"Adventure,Casual,Indie",71,55,16
1670240,"Strategy,Early Access",0,0,0
701890,"Action,Indie",0,0,0
535170,"Casual,Free to Play,Indie",1,0,1
425070,"Casual,Indie",45,36,9
303790,RPG,348,241,107
856850,Sports,143,114,29
202860,Strategy,32,12,20
351940,"Adventure,Casual,Indie",280,206,74
433910,"Action,Indie",796,672,124
1957150,"Action,Adventure,Casual,Free to Play,Indie,RPG,Simulation",0,0,0
1397270,Indie,0,0,0
443000,"Action,Indie,RPG,Simulation,Strategy,Early Access",128,93,35
1542770,"Strategy,Early Access",0,0,0
1555650,RPG,23,22,1
1341570,"Casual,RPG",4,4,0
934550,"Action,Casual,Simulation",1,1,0
991240,Indie,14,12,2
516790,"Action,Indie",8,5,3
1908650,Indie,10,10,0
301420,"Action,Adventure,Indie",3,0,3
574120,"Action,Adventure,Casual,Indie",21,15,6
1617790,"Casual,Free to Play,Indie",0,0,0
375310,"Action,Casual,Indie,Strategy",43,39,4
1819240,"Action,Casual,Free to Play,Indie,Early Access",0,0,0
1712370,Indie,13,13,0
1492930,Casual,0,0,0
691630,"Action,Casual,Indie,RPG,Simulation",60,34,26
299540,"Indie,RPG",327,266,61
656200,"Indie,Simulation,Sports,Strategy,Early Access",133,78,55
32450,Adventure,408,332,76
805150,"Indie,Simulation",13,4,9
1720140,"Casual,Free to Play,Indie,Racing",0,0,0
1047380,Sports,45,34,11
1837840,"Action,Adventure,Indie",1,1,0
1646050,"Action,Early Access",0,0,0
1114110,"Adventure,Casual,Indie,RPG",2,0,2
1318870,"Simulation,Sports",4,4,0
585860,"Action,Adventure,Indie",14,0,14
528610,Action,258,178,80
1222790,"Action,Free to Play,Indie,Early Access",0,0,0
1254390,"Action,Indie",0,0,0
398150,"Action,Adventure,Indie,RPG",9,7,2
756520,Adventure,4,0,4
1542990,Casual,0,0,0
807870,"Violent,Adventure,Indie,Early Access",1,0,1
1047480,"Free to Play,Indie,RPG,Strategy",0,0,0
1857690,"Adventure,Early Access",0,0,0
1330390,"Action,Indie",0,0,0
1200610,"Design & Illustration,Utilities",4,3,1
963300,Casual,23,14,9
1105420,"Free to Play,Massively Multiplayer,RPG,Simulation,Strategy",0,0,0
1749090,"Action,Adventure,RPG,Early Access",0,0,0
955170,"Casual,Indie,Simulation,Strategy,Early Access",3,2,1
738440,"Adventure,Indie,RPG,Strategy",7,6,1
1316310,"Action,Racing",3,3,0
1318240,"Indie,Strategy,Early Access",17,16,1
914710,"Action,Adventure,Indie,RPG",955,924,31
693030,"Adventure,Casual,Indie",4,4,0
984990,Indie,1,1,0
498940,"Action,Massively Multiplayer,Simulation",9,4,5
906510,RPG,64,53,11
1700130,"Casual,Indie,Simulation",3,2,1
1432910,"Indie,Simulation,Strategy",114,84,30
1055120,"Casual,Indie,Strategy",0,0,0
741990,"Action,Casual,Indie,Simulation,Sports",70,65,5
1345030,"Casual,Indie",1,1,0
316810,"Action,Indie",54,30,24
1400620,"Action,Indie,Sports",15,15,0
578210,"Action,Indie",360,239,121
204450,Action,6838,6496,342
1903330,"Casual,Simulation,Early Access",3,1,2
500150,"Adventure,Casual,Free to Play",0,0,0
1608250,"Adventure,Casual,Indie",2,1,1
1260560,Simulation,2,0,2
1197160,"Action,Indie,Simulation,Early Access",17,14,3
1073620,Indie,1,0,1
1448070,"Action,Indie",2,2,0
1781750,"Free to Play,Indie,Racing,Early Access",0,0,0
583090,"Adventure,Casual,Indie",65,60,5
1408050,"Action,Adventure,Indie,RPG",2,1,1
1048600,"Adventure,Indie",235,183,52
594820,"Action,Indie",3,3,0
658800,"Casual,Indie",9,8,1
595060,"Action,Adventure,RPG",39,35,4
493620,"Casual,Indie,Sports",11,8,3
1993520,"Action,Adventure,Indie",1,1,0
295910,"Action,Adventure",39,26,13
551720,"Action,Adventure,Indie",21,14,7
1698080,"Indie,Simulation,Sports,Strategy",0,0,0
1416760,"Action,Indie",17,15,2
830850,"Action,Indie,Early Access",9,8,1
1688470,"Casual,Indie,Simulation,Strategy",1,1,0
1774100,"Casual,Free to Play,Indie,Simulation",0,0,0
1551820,"Adventure,Casual",2,1,1
1702170,"Action,Indie",0,0,0
1362270,Indie,1,1,0
495010,"Casual,Indie,Strategy",3,2,1
987150,"Action,Indie,Simulation,Sports,Early Access",243,163,80
958980,Casual,12,12,0
767980,"Adventure,Indie,RPG,Strategy",5,4,1
1157850,Action,1,1,0
1583630,"Adventure,Simulation",0,0,0
998630,"Adventure,Indie,RPG,Strategy",6,5,1
1235510,"Adventure,Casual,Indie,Simulation",0,0,0
29570,"Massively Multiplayer,RPG",31,29,2
414740,"Action,Adventure,RPG",1035,567,468
1508860,"Casual,Indie,Strategy",3,2,1
411350,Accounting,0,0,0
868510,"Action,Indie",1,1,0
1359020,"Action,Indie",5,4,1
968210,"Action,Indie",3,3,0
585560,"Action,Adventure,Casual,Indie",11,6,5
373870,"Adventure,Casual",7,3,4
1505680,"Action,Adventure,Casual",8,1,7
1342290,"Adventure,Casual",22,21,1
1304310,"Action,Casual,Indie",2,2,0
1335200,"Action,Adventure,Free to Play,RPG",0,0,0
656120,"Indie,RPG",0,0,0
1174170,"Adventure,Casual,Indie",7,7,0
1698400,"Adventure,Indie",3,0,3
958850,"Action,Adventure,Free to Play,Indie,Racing,Strategy",0,0,0
1302700,RPG,1,0,1
1693130,"Action,Casual,Indie,Strategy",0,0,0
866180,"Adventure,Casual,Indie",6,0,6
1114030,"Casual,Free to Play,Indie",0,0,0
2075820,"Action,Casual,Indie,Strategy,Early Access",0,0,0
856750,"Action,Adventure,Casual,Indie,Early Access",5,4,1
1691830,"Action,Adventure,Casual,Indie,RPG,Strategy",2,0,2
1530070,"Action,Indie",2,2,0
725950,"Gore,Action",2,0,2
1005950,"Adventure,Casual,RPG,Simulation,Early Access",2,1,1
710360,"Education,Utilities",5,4,1
587420,"Action,Adventure,Casual,Indie,Racing",159,113,46
1784780,"Adventure,Casual,Indie,RPG,Strategy",181,165,16
1781270,"Adventure,Free to Play,Simulation",0,0,0
2076000,"Action,Indie",11,11,0
1570360,Casual,2,1,1
669580,"Action,Free to Play,Indie,Massively Multiplayer",0,0,0
1179350,"Adventure,Casual,Indie",0,0,0
1641990,Free to Play,0,0,0
365870,"Action,Adventure,Indie,RPG",40,36,4
748910,"Adventure,Casual,Indie",0,0,0
340730,"Casual,Indie,Simulation",615,516,99
753380,Action,7,5,2
747620,"Action,Indie",25,23,2
1523390,"Adventure,Casual,Indie",29,28,1
1367550,Strategy,1118,1031,87
308540,"Action,Indie,Simulation,Early Access",4,3,1
1116860,"Action,Casual,Free to Play,Indie,Early Access",0,0,0
932920,"RPG,Simulation",1,0,1
1115970,"Indie,RPG",2,1,1
1087270,"Indie,Simulation,Sports,Strategy",251,193,58
1403720,Indie,2,2,0
1466030,RPG,0,0,0
497680,"Casual,Indie",33,24,9
826630,Strategy,4102,3102,1000
1786750,RPG,4,0,4
632360,"Action,Indie",98233,95901,2332
340270,"Casual,Indie",175,138,37
1576790,"Action,Adventure,Indie,Simulation,Strategy",1,0,1
1322280,"Action,Indie",3,1,2
1688100,"Adventure,Casual,Indie",56,55,1
547260,"Action,Adventure,Free to Play,Indie",1,0,1
235540,"Action,Indie",7477,6249,1228
1040720,"Adventure,Indie",2,1,1
341930,"Indie,Simulation,Strategy",31,15,16
1767160,Casual,2,2,0
677120,"Action,Indie,RPG",3768,3359,409
1266390,"Action,Indie,Racing",0,0,0
1350100,"Action,Adventure",7,7,0
1206060,"Adventure,Casual,Indie",535,486,49
1931370,Action,1,1,0
1275520,"Casual,Indie",0,0,0
1718160,"Action,Indie",92,89,3
1518320,"Casual,Indie,Strategy",0,0,0
428870,"Sexual Content,Nudity,Violent,Gore,Adventure,Free to Play,Indie,RPG",5,4,1
407000,"Action,Adventure,RPG",25,6,19
43100,Simulation,112,91,21
1080630,"Adventure,Casual,Indie,Racing,Simulation",4,3,1
1611320,"Adventure,Indie",0,0,0
770920,"Adventure,Casual",3,1,2
1596240,"Indie,Simulation",3,3,0
451950,"Simulation,Strategy",8,1,7
574190,Casual,1,1,0
1341080,Casual,3,1,2
1880770,"Casual,Indie",0,0,0
1182790,Free to Play,0,0,0
1319790,"Adventure,Indie,Simulation",47,47,0
2920,Strategy,67,49,18
366460,"Action,Indie",5,3,2
374450,Strategy,15,10,5
922920,"Indie,RPG,Strategy",22,18,4
1378370,Action,8,4,4
788210,"Indie,RPG,Simulation,Strategy",66,46,20
1715750,"Action,Adventure,Free to Play",0,0,0
1648080,"Action,Casual,Indie",1,1,0
593490,"Casual,Indie,RPG,Simulation,Strategy",111,78,33
1930030,"Action,Indie",9,9,0
1183420,"Action,Casual,Indie",1,1,0
1847950,"Action,Adventure,Casual,Indie",7,5,2
1306760,"Action,Adventure,Casual,Indie,Strategy",0,0,0
493700,"Action,Casual,Indie",10,10,0
793560,"Action,Indie,Simulation,Strategy,Early Access",64,39,25
1365680,"Action,Adventure",0,0,0
214250,"Action,Adventure",1120,675,445
1466750,"Casual,Indie",0,0,0
1179620,"Adventure,Indie",11,10,1
1464120,"Action,Casual,Indie",2,2,0
697160,"Action,Adventure,Casual,Indie,RPG",1,0,1
461970,"Casual,Free to Play,Indie,Racing",0,0,0
522080,"Action,Adventure,Indie",5,5,0
1239260,"Casual,Indie,Racing",200,170,30
1146430,"Casual,Indie,Racing",0,0,0
531680,"Indie,Simulation,Strategy",199,159,40
43600,Adventure,179,159,20
1151400,"Casual,Indie,Racing,Simulation,Sports",4,2,2
1995110,Indie,9,8,1
535000,"Casual,Indie",8,8,0
253230,"Adventure,Indie",24329,23925,404
652470,Indie,2,1,1
936630,"Adventure,Indie",7,7,0
1532300,"Action,Adventure,Indie,RPG",2,1,1
694400,"Action,Adventure,Casual,Indie,RPG",0,0,0
733800,"Action,Indie,Strategy",65,46,19
1104170,"Action,Indie",0,0,0
1684820,"Casual,Indie",62,48,14
681380,"Adventure,Casual,Indie,RPG,Early Access",3,3,0
391720,"Adventure,Indie",4601,4069,532
1591160,"Action,Adventure,Casual",2,1,1
1357890,"Indie,Strategy,Early Access",1,1,0
1311510,"Adventure,Indie",47,43,4
267900,Action,107,47,60
1986880,"Adventure,Casual,Indie",53,51,2
1485730,"Action,Indie",1,1,0
1033700,"Action,Adventure,Free to Play,Indie,RPG",0,0,0
1880890,"Action,Adventure,Indie",6,3,3
1756490,"Casual,Indie,Strategy",0,0,0
1408160,"Action,Adventure",2,2,0
252670,"Adventure,Casual,Indie",929,782,147
859530,"Casual,Indie",0,0,0
916030,"Adventure,Casual,Indie",22,21,1
1513820,"Indie,RPG",0,0,0
1291020,"Casual,Indie",4,4,0
1158850,Adventure,1740,1664,76
694430,Adventure,4,0,4
1003120,"Adventure,Indie",39,26,13
355910,"Indie,Simulation",11,7,4
2073200,"Adventure,Indie,Racing,Simulation,Sports",1,0,1
502710,"Action,Adventure,Simulation",135,88,47
433660,"Action,Casual,Indie,Sports,Early Access",4,4,0
1281810,"Adventure,Casual",5,5,0
967490,"Casual,Free to Play",0,0,0
1163500,Racing,19,12,7
1509660,"Action,Indie,RPG",0,0,0
1941550,"Casual,RPG",2,1,1
1591730,"Adventure,Indie",0,0,0
917840,"Adventure,Indie,RPG,Strategy",254,242,12
880400,"Adventure,Casual,Indie",40,38,2
714570,"Adventure,Casual,Indie,Strategy",5,3,2
864510,"Action,Indie",17,13,4
1380410,"Action,Adventure,Casual,Free to Play,RPG,Strategy,Early Access",1,0,1
1000510,Education,19,12,7
1187830,"Adventure,Casual,Indie",3,3,0
1628760,"Casual,Free to Play,Indie,RPG,Simulation",3,3,0
46440,Strategy,134,40,94
2052290,"Adventure,Free to Play,Indie,RPG",0,0,0
466000,"Adventure,Casual",23,23,0
517500,"Action,Simulation,Strategy",3,0,3
1664660,"Casual,Indie",1,0,1
1074630,"Action,Casual,Indie",124,96,28
907980,"Adventure,Indie",0,0,0
678830,Adventure,4,4,0
1305960,"Casual,Indie,Simulation,Strategy,Early Access",0,0,0
2015740,"Casual,Indie,Strategy",0,0,0
466010,Casual,7,7,0
218820,"Action,Adventure,Indie,RPG",785,586,199
397150,"Adventure,Indie,RPG,Early Access",174,104,70
1742750,"Action,Indie",1,1,0
1352680,Action,40,36,4
778550,"Violent,Action,Casual",7,1,6
1477660,Casual,3,3,0
1532400,"Adventure,Casual,Indie",0,0,0
1088850,"Action,Adventure",10251,9739,512
257030,"Action,Indie",690,602,88
1206740,"Free to Play,Indie,Education,Software Training,Utilities",0,0,0
611640,"Violent,Gore,Indie",21,18,3
1285500,"Casual,Free to Play,Indie,RPG,Strategy",0,0,0
1185820,Indie,58,48,10
659940,Casual,5,4,1
1860270,"Indie,RPG",0,0,0
1197210,"Casual,Indie,Strategy",4,3,1
1717510,"Adventure,Indie",51,44,7
280830,"Casual,Indie,Sports",35,19,16
322290,"Action,Adventure,Indie,RPG",241,226,15
364830,"Action,Indie",9,9,0
1586370,Adventure,37,37,0
777350,"Adventure,Casual,Indie,Strategy",5,2,3
362160,RPG,12,11,1
1682790,"Action,Casual,Free to Play,Indie",0,0,0
351470,"Action,Adventure,Casual,Indie,Strategy",52,33,19
1966080,Strategy,0,0,0
841200,"Casual,Indie",7,6,1
319480,"Action,Indie",371,342,29
602770,"Indie,Strategy",173,134,39
262280,"RPG,Simulation,Strategy",953,706,247
1940790,Strategy,2,2,0
1827730,"Simulation,Early Access",5,4,1
595140,"Action,Indie",1011,926,85
1097210,"Casual,Indie,RPG,Simulation,Early Access",23,18,5
203210,"Action,Casual,Indie",373,343,30
1427990,Casual,1,0,1
1055870,"Adventure,Indie",1,0,1
455160,"Animation & Modeling,Design & Illustration",0,0,0
1573730,"Action,Simulation,Early Access",94,75,19
1140570,"Adventure,Indie,Simulation",51,49,2
727180,"Adventure,Casual,Indie,Racing,RPG,Simulation,Strategy",14,5,9
1079310,"Casual,Indie",69,62,7
772540,"Action,Adventure,Simulation",232,160,72
1482530,"Action,Casual,Strategy",1,1,0
332310,Adventure,7131,5403,1728
1876410,Casual,1,1,0
1036800,"Action,Adventure,Indie,RPG,Early Access",2,2,0
343270,"Adventure,Indie",189,113,76
1921530,"Action,Indie",0,0,0
1150160,"Casual,Indie,Massively Multiplayer",3,2,1
610840,"Action,Indie",40,27,13
349650,Adventure,7,5,2
368040,"Action,Indie,Early Access",28,27,1
1778760,"Adventure,Casual",0,0,0
1566060,"Action,Adventure,Casual,Indie,RPG,Strategy",271,235,36
1818820,"Casual,Indie",0,0,0
596380,"Action,Indie",31,16,15
615160,"Adventure,Indie,RPG",2,1,1
215830,"Action,Free to Play,Massively Multiplayer,RPG",175,139,36
1897580,"Casual,Indie",9,8,1
1189430,"Action,Casual,Indie,Early Access",0,0,0
982540,"Adventure,Indie",9,9,0
1556660,"Action,Casual,Indie,Massively Multiplayer",10,10,0
1236000,"Action,Indie,Strategy",4,2,2
981420,"Action,Casual,Indie",59,56,3
1698810,"Action,Indie",4,4,0
1170500,"Action,Adventure,Casual,Indie,RPG",1,0,1
1175060,"Casual,Indie,Simulation",21,15,6
598490,"Indie,RPG",105,89,16
1675110,"Casual,Indie,Simulation",2,2,0
1767840,"Adventure,Casual,Indie,RPG",63,57,6
666120,"Violent,Gore,Action,Adventure",4,0,4
466840,"Action,Casual,Indie",91,52,39
34450,Strategy,9,9,0
1639390,Strategy,2,2,0
658600,"Indie,Simulation",188,168,20
743890,Action,947,698,249
576260,"Simulation,Strategy",98,60,38
1756330,"Adventure,Casual,Indie",2,2,0
1144460,"Action,Casual,Indie,Sports",16,13,3
1633410,Action,1,1,0
1237480,"Casual,Indie,Simulation",1,0,1
1227040,"Action,Casual,Indie",0,0,0
1384960,"Adventure,Casual,Indie",21,18,3
852650,"Indie,Strategy",1,0,1
1353250,"Adventure,Indie,RPG,Strategy",0,0,0
1279240,"Action,Adventure,Indie,Simulation",68,53,15
578670,Strategy,1,1,0
606720,"Action,Casual,Indie,Sports",1,1,0
511380,"Casual,Indie,Strategy",14,14,0
1228920,"Action,Adventure,Indie",2,0,2
1112700,Indie,5,5,0
1822970,"Action,Adventure",7,4,3
592040,"Action,Casual,Indie,Strategy",3,3,0
846130,"Action,Indie,Strategy",4,4,0
1500120,RPG,5,3,2
629420,Indie,4,4,0
1016920,"Action,Casual,Indie",2999,2850,149
1661360,"Adventure,Indie,RPG,Strategy",13,10,3
750770,"Adventure,Indie,RPG,Strategy",15,11,4
1001140,Casual,158,140,18
1275150,"Adventure,Casual,Indie",18,16,2
1217570,Adventure,24,22,2
365980,"Casual,Free to Play,Indie,Simulation",6,2,4
263880,"Action,Indie",204,181,23
906160,"Casual,Indie",2,1,1
285440,"Action,Indie",703,660,43
1782070,"Action,Simulation,Strategy",0,0,0
984110,"Action,Free to Play,Indie",6,6,0
1720980,"Action,Adventure,Early Access",1,1,0
534980,"Adventure,Casual",12,8,4
1366950,"Utilities,Early Access",294,198,96
1012490,"Action,Casual,Indie",1,1,0
707850,"Adventure,Casual,Indie,Strategy",6,3,3
1498450,"Action,Casual,Free to Play,Indie",0,0,0
47400,"Simulation,Strategy",1434,356,1078
1506850,"Casual,Free to Play,Indie,Strategy,Early Access",0,0,0
732850,"Action,Indie",1,1,0
1304580,"Adventure,Casual,Free to Play,Indie,Simulation",0,0,0
1032240,"Casual,Indie",5,4,1
1173110,"Adventure,Indie,Simulation",2,1,1
1722620,"Action,Casual,Indie",367,361,6
272920,"Action,Indie,Racing,Early Access",0,0,0
1155940,"Adventure,Casual,Indie,Simulation",13,11,2
319830,"Action,Indie,Simulation",24,15,9
1520260,Indie,2,2,0
1054710,"Action,Adventure,Indie",38,32,6
1582950,"Casual,Indie",7,7,0
932330,Indie,30,25,5
1158750,"Indie,Strategy",0,0,0
1023790,"Action,Indie",17,17,0
576860,"Gore,Adventure,Casual,Free to Play,Indie",1,1,0
790160,"Casual,Indie",1,0,1
1899810,"Action,Adventure,Indie",126,102,24
1355650,"Action,Adventure,Indie,Simulation",83,81,2
1255650,"Action,Casual,Indie",294,273,21
1205970,"Racing,Sports",417,247,170
2063160,"Adventure,Casual,Indie",0,0,0
291930,"Simulation,Strategy",77,23,54
1218580,"Action,Indie",15,15,0
1170210,"Indie,Simulation,Strategy",11,7,4
747610,"Action,Free to Play,Massively Multiplayer",0,0,0
1423610,RPG,4,2,2
20710,"Action,Indie,Strategy",60,50,10
1020360,"Action,Adventure,Indie,RPG",0,0,0
469930,"Free to Play,Indie,Massively Multiplayer,RPG",0,0,0
609490,"Adventure,Indie",756,694,62
1075910,"Casual,Indie,Massively Multiplayer,Early Access",0,0,0
552690,"Casual,Indie,Sports",4,4,0
711820,"Adventure,Casual,Indie",1,1,0
1761750,Casual,3,2,1
1265650,"Action,Adventure,Indie",2,2,0
347240,"Adventure,RPG",3,3,0
1203650,"Action,Adventure,Casual,Indie,Simulation,Early Access",43,19,24
1278520,"Action,Adventure,Casual,Free to Play,Indie",0,0,0
333980,"Action,Adventure,Casual,RPG",1391,1226,165
1110830,"Indie,Massively Multiplayer,Sports,Early Access",3,2,1
1888720,"Adventure,Indie,RPG,Strategy",13,13,0
1244800,"Simulation,Strategy,Early Access",320,275,45
1409340,Casual,10,10,0
523550,"Action,Indie,Early Access",3,2,1
602240,"Casual,Indie,Early Access",6,6,0
642660,Simulation,1,0,1
1824800,"Casual,Indie",1,1,0
1790470,"Adventure,Casual",5,4,1
779800,"Adventure,Indie",5,2,3
250580,"Action,Indie,RPG",469,333,136
1506970,"Adventure,RPG",7,7,0
242780,"Adventure,Indie",234,190,44
1152120,"Action,Adventure,Indie,RPG",19,10,9
656970,"Action,Adventure,Indie",117,105,12
286280,"Simulation,Strategy",161,128,33
1354300,Sports,0,0,0
1998470,"Adventure,Casual,Indie",2,2,0
1788110,"Action,Adventure,Free to Play",0,0,0
1955160,"Action,Adventure,Indie,RPG",1,1,0
865780,"Action,Casual,Indie",0,0,0
910370,Utilities,13,6,7
705250,"Casual,Indie",14,10,4
1133050,"Adventure,Indie,RPG,Early Access",21,20,1
1658530,Free to Play,0,0,0
730220,Casual,19,11,8
606670,"Violent,Action,Indie,Sports,Early Access",0,0,0
552450,"Action,Indie",414,352,62
285980,"Action,Indie",29,24,5
1411670,Free to Play,0,0,0
1313640,"Action,Adventure,Casual,Indie,Racing",4,4,0
1650130,"Action,Adventure,Indie",5,5,0
282530,"Action,Adventure",565,440,125
782650,"Action,Adventure,Indie",1,1,0
1183470,"Simulation,Strategy",140,122,18
1501420,"Adventure,Indie,RPG",15,14,1
1213210,Strategy,13171,12151,1020
1489810,"Casual,Free to Play,Indie",0,0,0
740240,"Casual,Strategy",17,12,5
377150,"Free to Play,Indie,Strategy",15,11,4
285350,"Indie,Strategy",6,4,2
522890,"Action,Indie",2,0,2
1385090,"Adventure,Casual,Indie",1,0,1
624270,"Adventure,Indie",1400,1242,158
1465410,"Action,Adventure,Casual,Indie",2,0,2
1211350,"Adventure,Casual,Indie,RPG,Strategy",0,0,0
1706270,"Indie,Strategy",1,0,1
595150,Casual,4,2,2
1443370,"Action,Adventure,RPG",1,0,1
1265260,"Action,Adventure,Casual,Indie",1,1,0
1310480,"Casual,Indie",1,1,0
828580,"Casual,Indie",58,52,6
849410,"Casual,Indie",1,1,0
1171130,"Action,RPG,Strategy",15,15,0
1557990,"Action,Free to Play,Massively Multiplayer,Strategy,Early Access",0,0,0
1313200,"Action,Adventure,Casual,Indie,Strategy",0,0,0
559930,"Casual,Indie",8,8,0
654050,"Action,Indie,RPG,Simulation,Strategy",248,220,28
681980,"Adventure,Casual,Indie,RPG,Simulation,Strategy",14,8,6
1698750,"Adventure,Indie,RPG",2,2,0
315430,"Action,Adventure,Indie,Strategy",1722,1286,436
816060,"Casual,Indie",16,8,8
881920,"Indie,Simulation",130,85,45
937960,"Adventure,Indie",36,30,6
1264880,"Action,Indie,RPG",36,34,2
1502770,RPG,4,4,0
951240,"Indie,RPG,Early Access",37,24,13
617690,"Adventure,Casual,Indie,Racing",2,2,0
1248990,"Adventure,Casual,Free to Play,Indie,Simulation",6,3,3
1495000,"Adventure,Casual,Indie,Simulation",10,10,0
598810,"Casual,Strategy",676,550,126
1379590,"Free to Play,Indie,Strategy",0,0,0
801910,"Action,Casual,Free to Play,Indie,Early Access",0,0,0
348810,"Action,Massively Multiplayer,Simulation",15,9,6
1144590,"Action,Adventure,Casual,Indie",4,4,0
772230,"Action,Adventure,Indie,Racing",0,0,0
1388420,"Indie,Early Access",2,2,0
1545370,Casual,3,2,1
1528050,"Indie,Simulation,Strategy",53,50,3
946700,"Action,Indie,Simulation,Strategy",19,12,7
1052370,Casual,5,4,1
1358000,"Casual,Indie,Strategy",0,0,0
1271750,"RPG,Simulation",45,41,4
2016510,"Action,Free to Play,Indie",0,0,0
1684170,"Adventure,Casual,Indie",353,311,42
774651,Action,73,59,14
1729710,"Adventure,Free to Play,RPG",0,0,0
1268110,"Adventure,Casual,Indie,RPG",850,767,83
842530,"Action,Casual,Indie,Racing",10,3,7
1266410,"Casual,Indie",1,1,0
284180,"Action,Adventure,Indie",58,49,9
16040,Casual,22,17,5
1507790,"Adventure,Simulation",27,22,5
1502120,"Adventure,Casual,Free to Play,Massively Multiplayer,RPG,Strategy",0,0,0
363240,"Adventure,Indie,Strategy",26,23,3
1461740,"Casual,Indie,RPG,Simulation",2,2,0
1268360,"Action,Adventure,Indie,Strategy,Early Access",84,51,33
1409740,"Action,Adventure,Indie,Simulation,Early Access",40,30,10
950510,"Action,Adventure,Casual,Indie,Strategy",1,0,1
1740870,RPG,1,0,1
1207230,"Adventure,Casual,Indie,RPG,Simulation",24,23,1
1271630,Action,10,8,2
1263610,"Adventure,Casual,Free to Play,Indie",0,0,0
1079570,Free to Play,0,0,0
1953590,Casual,0,0,0
687280,"Free to Play,Strategy",0,0,0
867180,Casual,43,39,4
1355780,"Action,Adventure,Indie,RPG,Simulation,Early Access",27,15,12
587480,"Action,Casual,Indie",0,0,0
1057130,"Casual,Free to Play,Indie",0,0,0
1173500,"Adventure,Indie,RPG",3,2,1
937780,"Action,Casual,Indie,Simulation,Strategy,Early Access",2,0,2
1780370,"Adventure,Indie",73,71,2
451570,"Adventure,Casual,Indie",91,69,22
1612110,"Action,Adventure,Casual,Indie",4,3,1
367270,"Action,Indie,Simulation,Early Access",1977,1618,359
1459840,"Action,Casual,Indie,Early Access",0,0,0
1908600,"Casual,Indie,Early Access",0,0,0
1841320,"Action,Adventure,Indie",20,20,0
480650,Simulation,1792,1468,324
1463970,"Action,Adventure,Indie,Early Access",1,0,1
1905700,"Adventure,Casual,Free to Play,Indie",0,0,0
1817470,"Adventure,Indie,RPG",39,35,4
496660,"Nudity,Violent,Gore,Action,Adventure,Indie,Early Access",11,5,6
1450860,Education,2,1,1
1828030,"Casual,Indie,Strategy",3,3,0
1255630,"Simulation,Sports",3404,2443,961
994930,Sports,0,0,0
1262560,"Action,Adventure,Racing",3049,2289,760
1966870,"Free to Play,Simulation",1,0,1
575810,"Action,Casual,Indie,Early Access",4,4,0
345180,"Action,Adventure,Indie,RPG",1420,1212,208
511140,"Adventure,Casual",105,96,9
290790,Strategy,1775,1226,549
1315920,"Action,Simulation",0,0,0
1070030,"Action,Adventure,Indie",1,1,0
669650,"Adventure,Indie",3,0,3
398810,"Design & Illustration,Photo Editing",140,102,38
731650,"Indie,Simulation,Strategy,Early Access",27,19,8
1155390,Indie,0,0,0
1499860,"Adventure,Indie",1,0,1
317820,"Indie,RPG",1205,908,297
273070,"Indie,Simulation,Strategy",328,244,84
1825700,"Action,Casual,Free to Play,Indie,Sports",0,0,0
523060,"Casual,Indie,Strategy",5,3,2
1014840,Adventure,1,1,0
1881710,"Action,Adventure,Indie",1,1,0
1243520,"Action,Adventure,Indie",35,24,11
791570,"Racing,Simulation,Strategy,Early Access",16,7,9
1292950,Adventure,0,0,0
1731820,"Action,Adventure,Casual,Indie",1,0,1
1433530,"Indie,Early Access",0,0,0
1225250,"Casual,Indie",0,0,0
697660,"Action,Indie",9,6,3
850290,"Simulation,Strategy",0,0,0
1380900,"Casual,Simulation,Strategy",6,6,0
1533720,"Indie,Simulation",15,11,4
10120,"Action,Casual",29,13,16
1709660,"Casual,Indie",1,0,1
1338320,"Adventure,Casual,Indie",24,19,5
974240,"Adventure,Casual,Indie,Simulation,Strategy",3,2,1
1681510,"Action,Adventure,Indie,Simulation,Early Access",39,33,6
1574750,"Action,Indie,Early Access",11,9,2
258180,"Action,Adventure,RPG",1980,659,1321
1070220,"Adventure,Casual,Indie,RPG",11,8,3
859180,"Casual,Free to Play,Simulation,Strategy",0,0,0
895140,"Action,Casual,Indie,Strategy,Early Access",11,9,2
1413310,"Casual,Free to Play,Massively Multiplayer,RPG",0,0,0
848730,"Adventure,Indie",3,0,3
34284,Action,3,3,0
1358940,"Action,Adventure,RPG",3,2,1
290970,"Indie,Simulation,Strategy",168,113,55
1297210,"Casual,Indie",63,62,1
853120,"Action,Massively Multiplayer,Simulation",4,2,2
1882700,"Action,Adventure,Casual,Strategy",33,29,4
567200,"Adventure,Indie,Simulation,Strategy",17,11,6
1342620,"Adventure,Indie,RPG",376,328,48
1158010,"Indie,Simulation",30,23,7
763100,Simulation,108,76,32
1447090,"Action,Adventure,Casual,Indie",7,7,0
1388740,"Action,Casual,Indie",0,0,0
887170,"Action,Indie,Early Access",1,1,0
1073220,"Action,Simulation",62,57,5
678930,"Action,Casual,Indie,Strategy",1,1,0
864480,"Action,Adventure,Casual,Indie,RPG",1,1,0
1678710,Casual,11,9,2
802270,"Action,Casual,Indie,Sports",0,0,0
235250,"Casual,Indie,Strategy",570,488,82
1274990,"Action,Adventure,Indie",1,1,0
46260,"RPG,Strategy",137,100,37
1299680,"Casual,Indie",0,0,0
461700,"Adventure,Casual,Indie,RPG,Simulation",292,275,17
726510,"Action,Indie",19,16,3
1340440,"Adventure,Indie,Strategy,Early Access",1,0,1
1798930,"Action,Adventure,Casual,Simulation,Sports",114,78,36
1088790,"Casual,Indie,Simulation,Strategy",1610,1332,278
622300,"Free to Play,Simulation",0,0,0
1631710,"Action,Adventure,Indie",0,0,0
1205160,"Casual,Indie,Simulation",1,0,1
1049230,"Adventure,Indie",0,0,0
293660,"Adventure,Indie",209,177,32
434360,"Action,Casual,Indie,Simulation",43,18,25
1232130,"Action,Adventure,Indie",420,402,18
1047840,"Casual,Indie",0,0,0
605770,"Casual,Indie",60,52,8
527890,"Casual,Simulation",6,4,2
1165290,"Adventure,Casual,Indie,RPG,Simulation",0,0,0
1032450,"Action,Adventure,Casual,Indie,Massively Multiplayer,RPG,Strategy",4,4,0
265300,"Action,RPG",4268,2225,2043
788720,"Action,Adventure,Casual,Free to Play,Indie,Racing,RPG,Simulation,Sports",2,2,0
1714820,"Action,Casual,Indie",1,0,1
502400,"Action,Casual,Indie,Strategy",22,12,10
750400,"Casual,Indie,RPG,Strategy",0,0,0
205810,"RPG,Simulation,Strategy",65,44,21
1951750,"Casual,Indie",0,0,0
997000,"Action,Adventure,Indie,Early Access",3,1,2
1685000,"Action,Casual",0,0,0
876470,"Free to Play,Strategy",0,0,0
875540,"Indie,Simulation,Education,Early Access",10,5,5
233110,"Indie,Strategy",81,34,47
456810,"Action,Casual,Indie",41,28,13
1557670,"Action,Indie",1,1,0
1122290,"Action,Adventure,Free to Play,Indie,RPG",0,0,0
223100,"Action,Adventure",4099,2745,1354
803890,"Action,Casual,Simulation",13,4,9
315070,"Casual,Indie",6,3,3
391400,"Indie,RPG,Strategy,Early Access",1,0,1
1246140,"Action,Casual,Indie,RPG,Strategy",3,0,3
1369580,"Casual,Free to Play,Simulation",0,0,0
1687980,"Indie,Simulation,Early Access",3,1,2
809530,"Action,Casual,Indie",30,26,4
1292980,"Adventure,Indie",1,1,0
837200,"Adventure,Indie,RPG",32,24,8
1898100,"Indie,RPG,Early Access",0,0,0
1888130,"Indie,Strategy",3,3,0
1069610,"Adventure,Indie,RPG",10,9,1
1949480,"Adventure,Casual,Free to Play,Indie",0,0,0
1886400,"Adventure,Casual,Indie,Strategy",7,7,0
1570650,"Action,Casual,Indie",2,2,0
1566230,"Casual,Indie",38,36,2
360150,"Action,Adventure,RPG",357,184,173
1794250,"Action,Adventure,Strategy,Early Access",37,27,10
919690,"Casual,Indie,Simulation",4,1,3
351700,"Indie,RPG,Simulation,Strategy",768,725,43
1044870,"Action,Adventure,Casual,Indie,Massively Multiplayer,Simulation,Early Access",8,5,3
1562400,"Adventure,Casual,Free to Play,Indie",0,0,0
1283130,"Free to Play,Indie,Early Access",0,0,0
1500870,"Casual,Indie,Strategy",0,0,0
1624160,RPG,1,1,0
995210,"Action,Adventure,Casual,Indie,RPG,Simulation,Sports",14,6,8
768990,"Violent,Action,Indie,Early Access",8,3,5
1002310,"Action,Adventure,Casual,Indie,Simulation",3,3,0
1728130,"Adventure,RPG",2,2,0
508900,"Casual,Indie",1046,1011,35
1538090,"Indie,Simulation,Education",2,2,0
1826500,Casual,11,10,1
658870,"Casual,Indie",2,2,0
1523670,"Action,Indie",10,9,1
580520,"Adventure,Indie,Simulation",30,20,10
1687150,"Casual,Indie",8,8,0
1124830,"Action,Indie,RPG",21,20,1
1414300,Adventure,0,0,0
529140,"Action,Indie,Sports,Early Access",3,3,0
1255220,"Action,Casual,Indie",17,10,7
1492190,"Adventure,Casual,Indie,RPG",1,1,0
1469840,"Adventure,Casual,Indie",0,0,0
1696710,"Casual,Indie,Strategy",22,18,4
1322290,"Adventure,Indie,RPG",53,49,4
1368880,"Action,Simulation",1,1,0
1855920,"Action,Adventure,RPG,Simulation",23,10,13
1214520,"Action,Indie,Simulation,Sports",33,32,1
451650,"Utilities,Video Production,Early Access",326,260,66
1771380,"Adventure,Free to Play,Indie",0,0,0
1607450,"Casual,Strategy",2,2,0
679300,"Casual,Indie",14,13,1
846120,"Action,Indie,Simulation",1,0,1
286880,"Action,Adventure",21,17,4
302360,Adventure,39,34,5
635200,"Adventure,Indie,Strategy",361,224,137
1412880,Simulation,1,1,0
953490,"Action,Adventure,Indie",9559,9044,515
1511330,"Casual,Indie",0,0,0
1758070,"Adventure,Casual,Indie",0,0,0
1165270,"Adventure,Casual,Indie",28,24,4
1985260,"Adventure,Simulation",39,37,2
1851790,"RPG,Early Access",4,4,0
783650,Indie,1,1,0
1175100,"Action,Casual,Simulation,Sports",0,0,0
1039800,"Action,Casual,Indie",0,0,0
1991520,"Action,Adventure,Strategy",0,0,0
1367320,"Simulation,Strategy",43,36,7
991660,"Action,Casual,Indie,Racing",2,1,1
1488720,"Action,Indie",1,1,0
1538670,"Action,Free to Play,Indie,Early Access",0,0,0
750800,"Action,Indie,RPG",41,25,16
735290,Adventure,327,266,61
1683630,"Action,Racing,Simulation,Sports,Early Access",1,1,0
460580,Simulation,12,6,6
1053830,"Action,Adventure,Indie,Simulation",27,25,2
1697720,"Adventure,Casual,Indie",81,79,2
1092850,"Action,Indie",1,1,0
1114070,"Casual,RPG,Simulation",437,414,23
584800,Strategy,60,47,13
366570,Adventure,3,3,0
1475890,"Adventure,Indie,RPG",8,8,0
313040,"Action,Adventure",46,17,29
731120,"Action,Casual,Simulation,Sports",3,1,2
532890,Strategy,10,7,3
1311150,"Action,Adventure,Casual,Indie,Racing,Simulation,Early Access",10,2,8
1299790,"Action,Adventure,Indie,RPG,Early Access",12,10,2
1848120,"Casual,Indie",0,0,0
1200990,Casual,0,0,0
1197440,"Action,Adventure,Casual,Free to Play,Indie,Massively Multiplayer,Racing,RPG,Simulation,Sports,Strategy",4,1,3
1197350,"Adventure,Casual,Indie,RPG,Simulation",12,11,1
389170,"Adventure,Casual,Indie",123,108,15
1717920,"Casual,Sports,Strategy",0,0,0
388420,Indie,67,59,8
107410,"Action,Simulation,Strategy",83077,76151,6926
529630,"Adventure,Indie,Strategy",16,10,6
823340,"Casual,Indie,Racing",4,3,1
1577410,Strategy,0,0,0
1995800,"Action,Casual,Indie",6,3,3
631830,"Casual,Indie",59,43,16
1157620,Casual,41,31,10
607400,"Action,Indie",85,78,7
1890220,"Animation & Modeling,Design & Illustration,Education,Utilities,Game Development",0,0,0
1189490,"Indie,RPG,Strategy,Early Access",129,123,6
1303160,"Action,Casual,Indie,Strategy",0,0,0
616920,"Massively Multiplayer,RPG",106,89,17
1783470,Casual,0,0,0
1068480,"Action,Adventure,Indie,RPG,Early Access",8,7,1
1150610,"Action,Adventure,Casual,Indie,Simulation",2,2,0
798510,Strategy,521,453,68
1208080,"Indie,Utilities",3,3,0
1089030,"Casual,Indie,RPG",6,6,0
1595290,"Adventure,Casual,Indie,Simulation",120,99,21
1760160,"Casual,Indie,Strategy",7,4,3
364630,"Action,Indie,Strategy",118,76,42
1276330,"Casual,Indie,Strategy",3,3,0
744010,"Violent,Action,Indie",3,1,2
560740,"Adventure,Casual",25,18,7
655740,"Action,Indie,Early Access",67,63,4
730840,"Action,Casual,Simulation",118,118,0
703620,"Action,Indie",66,54,12
1707100,Simulation,0,0,0
726160,Indie,0,0,0
674980,"Sexual Content,Nudity,Violent,Action,Indie",5,2,3
229870,Action,233,190,43
1150810,"Action,Casual",2,2,0
996160,"Action,Adventure,Indie",7,5,2
1450070,"Casual,Indie",0,0,0
1800730,"Action,Casual,Free to Play,Indie",0,0,0
1784100,"Casual,Strategy",0,0,0
258070,"Action,Indie",19,15,4
686090,"Action,Adventure,Free to Play,Indie,Massively Multiplayer,RPG",18,11,7
31850,Adventure,141,129,12
1425550,"Indie,Strategy",29,20,9
1533590,"Indie,RPG",16,15,1
1166130,"Action,Adventure,RPG,Strategy",6,6,0
1443500,Adventure,2,2,0
355020,"Action,Adventure,Casual,Strategy",22,15,7
289420,RPG,56,34,22
881320,Adventure,251,163,88
657290,Indie,38,32,6
1400980,"Action,Casual,Free to Play,Indie,Racing,Sports,Strategy,Early Access",0,0,0
685760,Casual,3,2,1
607330,"Adventure,Casual,Indie",14,14,0
1521760,"Action,Casual,Indie",2,2,0
1017410,"Indie,Strategy,Early Access",1,1,0
1476800,"Adventure,Casual,Indie",24,23,1
1178210,"Adventure,Indie,RPG,Strategy",141,123,18
677650,Strategy,14,8,6
1430820,"Casual,Indie,Strategy,Early Access",1,1,0
1464350,"Action,Adventure,Casual,Indie",5,3,2
441830,RPG,979,693,286
1323800,"Adventure,Casual,Indie,RPG",0,0,0
452920,"Action,Indie",3,2,1
1215650,RPG,9,7,2
760360,"Casual,Indie,Simulation",2,0,2
1653870,"Casual,Indie",11,11,0
429610,"Adventure,Casual",107,90,17
514370,"Action,Casual,Indie,Racing,Early Access",8,6,2
872410,Simulation,472,278,194
1816910,"Action,Casual,Indie",0,0,0
545660,"Adventure,Casual,Indie",4,4,0
563430,RPG,3,3,0
336090,"Action,Indie",24,19,5
1656640,Casual,8,7,1
1815890,"Action,Casual,Indie",4,2,2
1360270,"Indie,Simulation,Strategy",32,28,4
65270,Simulation,172,148,24
480480,"Action,Indie",62,50,12
1419190,"Casual,Indie,RPG",7,4,3
1612270,"Action,Adventure,Indie",4,3,1
709880,"Indie,Simulation,Strategy",23,16,7
521980,"Action,Adventure,Indie",45,19,26
1264010,"Indie,Strategy",4,4,0
1455900,"Action,Casual,Indie,Strategy,Early Access",26,25,1
1997010,"Action,Adventure,Indie",1,1,0
1924510,"Action,Free to Play,Indie",0,0,0
1603790,"Adventure,Casual,Indie",0,0,0
1589360,"Indie,Simulation,Strategy",13,7,6
1671340,"Adventure,Casual,Free to Play,Indie",0,0,0
1834870,"Adventure,Free to Play,Indie",1,1,0
237870,"Action,Adventure,Indie,RPG,Simulation",3015,1806,1209
1964250,Casual,0,0,0
1520290,"Action,Indie,Simulation,Early Access",2,2,0
290730,"Casual,Free to Play,Indie,Massively Multiplayer,Strategy",3,2,1
365060,"Action,Adventure,Indie,RPG",6,5,1
622540,"Violent,Gore,Adventure,Indie,Early Access",5,1,4
1372550,Indie,9,4,5
407900,"Action,Adventure,Indie",43,39,4
1370710,"Action,Adventure,Indie",1,0,1
1006600,"Casual,Indie",8,6,2
1098940,"Action,Adventure,Indie",156,105,51
980380,Casual,0,0,0
1807930,"Casual,Indie",62,58,4
559070,Adventure,47,40,7
765100,"Casual,Indie",15,13,2
938300,"Adventure,Casual,Indie",54,34,20
1896930,"Action,Casual,Indie",2,2,0
380140,"Adventure,Casual,Free to Play,Indie",3,3,0
679860,"Action,Casual,Indie",7,2,5
1061180,"Action,Adventure,Indie,Racing",423,384,39
557970,"Action,Adventure,Indie",6,6,0
932570,"Adventure,Indie,RPG",0,0,0
803940,"Action,Casual,Indie",2,2,0
1329240,"Casual,Free to Play,Strategy",0,0,0
769440,"Casual,Indie,Simulation",14,11,3
1659320,"Indie,RPG",1,1,0
780350,"Action,Adventure,Indie",132,95,37
931700,"Action,Free to Play,Indie",0,0,0
918720,"Adventure,Indie",2,0,2
1067080,Indie,8,8,0
1762830,"Adventure,Indie",3,1,2
1492270,"Action,Indie",0,0,0
1041500,"Action,Adventure,Casual,Indie",4,4,0
1501480,"Free to Play,Simulation",0,0,0
408280,Adventure,402,333,69
684170,"Casual,Indie,Strategy",2,1,1
636490,"Action,Adventure,Indie",11,1,10
553520,Simulation,831,655,176
1343670,"Casual,Indie,Simulation",150,123,27
1107190,Indie,1,0,1
695760,"Adventure,RPG",31,17,14
682480,"Adventure,Casual,Indie,RPG,Simulation,Strategy",4,4,0
750450,"Action,Indie,Strategy",26,26,0
1480020,"Casual,Indie",1,0,1
294530,"Adventure,Casual",127,124,3
747650,"Action,Adventure,Indie",13,10,3
369860,"Action,Casual,Indie",6,2,4
1032140,"Adventure,Indie,RPG",1,1,0
791000,"Action,Indie,RPG",1,1,0
486170,"Adventure,Casual,Indie",6,1,5
355820,"Action,Indie,Racing,Sports",42,40,2
1704820,"Action,Indie",1,1,0
781890,"Action,Casual,Indie,Simulation,Strategy",7,7,0
1981830,"Action,Free to Play",0,0,0
1180550,"Action,Adventure,Indie",2,1,1
1819970,"Action,Free to Play,Indie,Racing",0,0,0
749700,"Action,Adventure,Casual,Indie",7,7,0
1502570,"Action,Casual,Indie",1,1,0
773590,"Indie,Massively Multiplayer,RPG,Strategy",34,23,11
509580,"Adventure,RPG,Strategy",641,481,160
1584450,"Adventure,Indie",12,11,1
396710,"Action,Adventure,Indie,RPG",465,441,24
517340,"Action,Strategy",4,2,2
1957240,"Action,Adventure,Casual,Indie,Strategy",1,0,1
1622680,Adventure,0,0,0
1097760,"Casual,Indie,Simulation",6,6,0
1588040,"RPG,Early Access",21,10,11
442500,"Casual,Indie,RPG,Simulation,Sports,Strategy",431,331,100
505270,"Action,Casual,Indie,Strategy",3,2,1
2022380,"Casual,Indie",0,0,0
1107620,"Adventure,Casual,Free to Play,Indie",6,5,1
1255140,"Casual,Indie",3,3,0
1389300,Free to Play,0,0,0
392450,"Adventure,Free to Play,Indie",3,2,1
923730,"Action,Adventure,Casual,Indie,Simulation,Sports,Strategy",4,3,1
1803870,"Casual,Indie,Strategy,Early Access",0,0,0
1366270,Action,0,0,0
1729590,"Free to Play,Simulation,Strategy",0,0,0
1561610,"Action,Adventure,Indie",2,2,0
779610,"Action,Adventure,Massively Multiplayer,Early Access",29,8,21
1393660,"Indie,Massively Multiplayer,RPG,Strategy",15,12,3
761190,"Indie,Simulation,Strategy",7,6,1
1783200,"Adventure,Casual,Indie,Strategy",5,5,0
1603410,"Action,Adventure,Indie,Simulation",91,89,2
680140,"Action,Adventure,Casual,Indie,RPG",1,0,1
1368410,"Action,Adventure",67,67,0
872470,"Action,Adventure,Indie",24,22,2
1383720,"Action,Adventure,Casual,Indie",69,68,1
549770,"Indie,Simulation",3,1,2
400580,"Indie,RPG,Simulation,Strategy",194,175,19
1090490,"Adventure,Indie,RPG",1,1,0
1587800,"Casual,Indie",1,1,0
690420,"Action,Adventure,Indie",139,135,4
1407950,"Action,Adventure,Indie",5,4,1
436140,"Casual,Indie,Strategy",14,10,4
514890,"Action,Adventure,Casual",38,30,8
562230,"Indie,Strategy",445,384,61
1392770,"Simulation,Sports,Early Access",2,2,0
795610,"Action,Adventure,Indie",10,6,4
1452990,"Adventure,Indie,RPG",0,0,0
649570,"Casual,Indie,Racing,Sports",3,1,2
1793300,RPG,0,0,0
275290,Strategy,269,218,51
1064710,"Action,Indie,Strategy,Early Access",1,1,0
1412780,"Indie,Simulation,Sports,Strategy",153,110,43
1272390,"Adventure,Indie",1,0,1
890480,"Action,Adventure,Indie",6,4,2
496400,"Adventure,Indie",22,9,13
1391430,"Indie,Simulation,Strategy",4,2,2
1305490,"Adventure,Indie,RPG,Simulation",0,0,0
367120,"Casual,Simulation",18,17,1
567700,"Indie,Massively Multiplayer,Simulation,Early Access",0,0,0
570060,"Casual,Indie",2,1,1
592480,"Action,Adventure,Indie",176,166,10
391510,Adventure,24,24,0
1814200,"Action,Adventure,Indie,RPG,Simulation",6,4,2
370080,"Casual,Indie,Strategy",17,16,1
1118050,"Casual,Indie",12,9,3
1593730,"Adventure,Free to Play,Indie",0,0,0
1630920,Indie,46,43,3
1469660,"Action,Indie",1,1,0
781920,"Action,Adventure,Indie,Strategy",11,10,1
1812400,Indie,5,5,0
1765850,"Adventure,Casual,Indie",1,1,0
544540,"Action,Sports",27,24,3
1355840,"Animation & Modeling,Video Production",0,0,0
950670,RPG,2644,1554,1090
1025550,Strategy,5,4,1
1957060,"Casual,Indie",5,1,4
448090,"Action,Indie",9,5,4
433590,"Adventure,Indie",16,13,3
1206670,"Action,Indie,Simulation,Early Access",114,88,26
1512320,"Action,Casual,Indie",7,6,1
1632980,"Action,Casual,Indie,Simulation",0,0,0
1474580,"Action,Adventure,Casual,Indie,RPG,Simulation",4,1,3
534910,"Casual,Simulation,Sports",22,11,11
1111810,"Indie,RPG,Simulation",70,54,16
1000540,"Casual,Free to Play,Indie,Strategy",0,0,0
308420,"Action,Indie,RPG",1916,1690,226
797430,"Casual,Free to Play,Massively Multiplayer,Simulation,Strategy",0,0,0
1415020,"Adventure,Indie",14,13,1
1459160,"Action,Adventure,Indie,RPG",3,1,2
1347960,"Action,Racing,Early Access",0,0,0
639240,"Adventure,Indie,Early Access",1,0,1
1004580,"Action,Casual,Free to Play",0,0,0
746430,"Indie,Simulation,Strategy",9,4,5
1302240,"Action,Adventure,Indie,Early Access",4021,3557,464
525860,"Casual,Indie,Strategy",0,0,0
1193680,"Action,Indie",0,0,0
1505460,"Action,Adventure,Casual,Indie",6,6,0
1010430,"Casual,Indie,Simulation,Strategy",0,0,0
674580,Free to Play,0,0,0
546150,"Action,Adventure,Early Access",70,48,22
1743530,"Adventure,RPG",3,2,1
1629060,"Free to Play,Indie,Simulation",0,0,0
859510,"Action,Casual,Indie",0,0,0
91330,"Action,Simulation,Strategy",356,212,144
2079380,"Action,Adventure,Casual,Indie,RPG,Simulation,Sports,Strategy",5,3,2
1074860,"Casual,Indie,Early Access",0,0,0
1055690,"Adventure,Casual",18,17,1
1215500,"Action,Adventure,Casual,Indie,Simulation",9,9,0
1732240,"Adventure,Indie,Simulation,Early Access",0,0,0
1365410,"Casual,Simulation",11,6,5
314200,"Adventure,Indie",33,23,10
1051290,"Action,Indie",12,8,4
1508200,"Action,Casual,Indie,Racing,Simulation,Sports",17,17,0
1289510,Indie,0,0,0
437060,Casual,15,13,2
1453490,"Casual,Free to Play,Indie,Simulation,Strategy",2,1,1
560820,"Adventure,Casual",12,6,6
928840,"Action,Adventure,Indie",31,21,10
1503000,"Action,Casual,Indie,Early Access",1,1,0
1793110,"Casual,Indie,Racing",0,0,0
1985200,"Simulation,Design & Illustration,Education,Software Training",7,1,6
1995680,"Adventure,Indie,RPG,Early Access",1,0,1
710480,"Action,Adventure,Casual,Indie",5,5,0
586930,"Adventure,Casual",5,2,3
514620,"Action,Indie",15,15,0
1686870,"Casual,Strategy",1,1,0
696000,"Adventure,Casual",6,5,1
1208770,"Action,Indie,Simulation",131,87,44
897380,"Action,Adventure,Indie,Simulation",45,32,13
1574250,"Action,Adventure,Indie,RPG",320,302,18
427190,"Action,Adventure",2413,2215,198
24960,Action,12129,10277,1852
1287540,"Action,Adventure,Indie,RPG,Strategy,Early Access",14,12,2
565980,"Adventure,Indie,RPG",28,21,7
887820,"Action,Adventure,Indie",24,18,6
675260,Adventure,2717,2560,157
327560,"Action,Adventure,Indie",567,523,44
1077360,"Simulation,Early Access",0,0,0
1035260,Indie,1,1,0
947310,"Casual,Indie",2,0,2
1100510,"Action,Free to Play,Early Access",0,0,0
1155600,"Adventure,RPG",0,0,0
796980,"Action,Adventure,Casual,Indie",2,1,1
275030,"Animation & Modeling,Design & Illustration",17,13,4
938820,"Casual,Indie,Strategy",2,1,1
1687090,"Free to Play,Indie,Strategy",0,0,0
699040,"Free to Play,Massively Multiplayer,Strategy,Early Access",0,0,0
939580,"Casual,Indie,Strategy",0,0,0
1056230,"Indie,Simulation,Early Access",16,12,4
1192890,"Action,Indie",24,17,7
1493230,"Adventure,Casual,Indie,RPG",8,7,1
1705480,"Action,Adventure,Indie",3,3,0
1497710,"Action,Adventure,Casual,Indie",2,2,0
1694610,"Action,Adventure,Indie",1,0,1
916130,"Action,Adventure,Free to Play,Simulation",0,0,0
1848380,"Action,Adventure,Indie,Strategy",2,2,0
1258480,"Adventure,Casual,Indie",14,12,2
1398720,"Casual,Indie",1,1,0
1652330,"Casual,Indie",0,0,0
1823170,"Action,Adventure,Indie",12,12,0
1681860,Adventure,1,0,1
1107660,Indie,0,0,0
1185660,"Adventure,Casual,Strategy",5,4,1
1120310,"Utilities,Game Development",9,8,1
1746010,"Action,Adventure,Indie",0,0,0
415140,"Animation & Modeling,Design & Illustration,Education,Photo Editing,Software Training,Utilities,Video Production",10,9,1
543530,"Action,Indie",13,12,1
962050,"Casual,Indie",7,5,2
1829500,Casual,2,2,0
305460,"Action,Indie,RPG,Early Access",8,3,5
869910,"Sports,Early Access",7,7,0
1822020,"Casual,Indie,Strategy",1,1,0
1748020,"Casual,Indie",0,0,0
343250,"Casual,Indie",3,2,1
1316560,"Adventure,Casual,Indie",53,44,9
1841020,Casual,1,1,0
1234690,"Action,Casual,Indie",0,0,0
1795180,"Action,Adventure,Indie",36,27,9
918060,"Casual,Indie",6,3,3
343320,"Action,Indie,RPG",11,8,3
1119820,"Adventure,Indie",0,0,0
1061240,"Action,Adventure,Indie,Massively Multiplayer,RPG",7,4,3
388500,"Action,Casual,Indie",2,1,1
1005250,"Action,Adventure,Indie",1,0,1
1527460,"Action,Indie",4,4,0
1009750,"Action,Adventure,Casual,Indie",116,113,3
1649290,"Action,Adventure,Casual,Free to Play,Indie",0,0,0
1098640,"Indie,Simulation,Strategy",5,3,2
1422980,"Indie,Simulation,Strategy",0,0,0
1094190,"Indie,Simulation",1,0,1
858680,"Action,Indie",51,37,14
397770,Casual,13,8,5
987400,Action,124,107,17
217270,"Action,Indie,Strategy",83,64,19
842290,"Casual,Indie,Simulation",2,0,2
284990,"Action,Indie",102,57,45
1576240,"Action,Indie,RPG",70,54,16
1204380,"Action,Casual,Indie,Early Access",0,0,0
1346260,"Adventure,Indie",7,4,3
1923680,"Casual,Indie,Simulation,Strategy",18,18,0
376680,"Casual,Strategy",353,287,66
715520,"Casual,Indie,Simulation,Strategy",33,12,21
1277950,"Adventure,Casual,Indie,Simulation",20,16,4
904570,"Casual,Indie",87,77,10
1926560,"Indie,RPG",3,3,0
1469860,"Casual,Indie",2,2,0
1155580,"Action,Free to Play,Indie",0,0,0
1839540,"Adventure,Casual,Free to Play,Indie,Early Access",0,0,0
1422910,"Action,Adventure,Indie,Racing",17,15,2
887340,"Action,Adventure,Casual,Indie",61,46,15
415330,"Adventure,Casual,Simulation,Strategy",3,2,1
591610,"Action,Indie",2,1,1
1045280,"Indie,Simulation,Sports",0,0,0
790050,"Action,Casual,Indie,Simulation",0,0,0
1021070,"Adventure,Indie,RPG,Strategy",131,92,39
1055140,"Indie,Strategy",3,3,0
1388390,"Casual,Indie",2,2,0
971620,Casual,286,245,41
1133200,"Action,Adventure,Indie",3,2,1
570850,"Violent,Gore,Action,Adventure,Indie,RPG,Strategy",8,5,3
1934100,"Indie,Strategy",0,0,0
357670,"Casual,Indie,Simulation",162,113,49
1591140,"Casual,Indie,Strategy",3,2,1
1543290,"Casual,Indie",19,19,0
290770,"Action,Adventure,Indie",2072,1813,259
311040,Strategy,61,27,34
722990,"Casual,Indie,RPG,Strategy",10,9,1
724000,"Action,Indie,Early Access",33,28,5
1369830,"Action,Indie,Strategy",2,1,1
1633790,"Action,Adventure,RPG",0,0,0
1532650,"Casual,Free to Play,Indie,Simulation",0,0,0
1519110,Casual,12,10,2
1620330,"Action,Casual,Indie,Early Access",0,0,0
49000,Casual,51,40,11
938000,"Casual,Indie",5,4,1
1552740,"Casual,Indie,Strategy",5,5,0
326110,"Action,Indie",10,3,7
1061730,Action,221,126,95
434520,"Free to Play,Simulation,Strategy",4,3,1
610500,"Adventure,Indie,RPG",96,65,31
965640,"Action,Indie",60,54,6
1610610,"Simulation,Strategy",0,0,0
1307640,"Casual,Indie",0,0,0
1115570,"Action,Adventure,Indie",3,2,1
1200520,Action,6,6,0
1628060,"Action,Indie",1,0,1
718960,"Action,Indie",4,2,2
417290,"Action,Adventure,Indie,RPG",1651,1506,145
722180,"Action,Adventure,Indie,Simulation",1075,891,184
806940,"Casual,Indie",2,0,2
1049820,"Action,Indie,Racing",12,11,1
1867610,"Casual,Indie",20,20,0
1144250,"Action,Indie",313,249,64
980000,"Racing,Simulation,Sports",0,0,0
951220,"Action,Indie,Strategy",2,2,0
772100,"Action,Indie,Simulation",1,0,1
563340,"Casual,Indie",40,16,24
1504460,"Casual,Indie,Simulation",8,8,0
1265030,"Action,Adventure,Indie,Racing",13,8,5
1196350,"Action,Adventure,Indie",1,0,1
1150270,"Action,Casual",1,0,1
687590,"Casual,Indie",2,2,0
55040,"Indie,Strategy",811,725,86
1613090,"Action,Indie",4,3,1
496450,"Animation & Modeling,Design & Illustration,Utilities,Game Development",65,54,11
1663370,"Casual,Indie",3,3,0
1788900,"Casual,Simulation,Strategy",3,3,0
892020,"Action,Adventure,Casual,Indie",4,3,1
1734400,"Action,Adventure,Indie",13,9,4
1119800,"Adventure,Indie",74,61,13
1652030,"Adventure,Casual,Free to Play,Indie",0,0,0
825350,"Action,Adventure,Casual,Indie,Strategy",2,1,1
574040,"Violent,Action,Indie",2,1,1
294000,"Action,Indie",109,96,13
1062050,"Action,Indie,Strategy",0,0,0
714300,"Adventure,Indie,Strategy",22,14,8
843700,"Action,Indie",0,0,0
327410,"Adventure,Indie,RPG",2426,2043,383
1197700,"Adventure,Casual,Indie",3,3,0
985020,"Free to Play,Massively Multiplayer,Simulation,Strategy",0,0,0
1031020,Adventure,59,50,9
992970,"Casual,Indie",2,2,0
1970970,"Action,Indie,Strategy,Early Access",1,1,0
748720,"Adventure,Casual,Indie,Simulation,Sports",3,2,1
1499720,"Adventure,RPG",9,4,5
2300,Action,3718,3507,211
1398690,"Casual,Indie",5,3,2
1737380,"Indie,Strategy",0,0,0
1791870,"Casual,Indie",5,5,0
654440,"Casual,Indie,Strategy",76,60,16
1088540,Adventure,4,3,1
900380,"Casual,Indie,Strategy",4,4,0
491470,"Indie,Simulation,Early Access",36,25,11
1655190,"Adventure,Casual",8,8,0
362780,Simulation,61,42,19
863970,"Action,Indie,Early Access",5,4,1
517240,"Adventure,Indie,RPG",7,3,4
1895300,"Free to Play,RPG",0,0,0
1146010,"Action,Casual,Simulation,Sports,Strategy,Early Access",47,21,26
603530,"Action,Indie",514,458,56
601380,"Action,Adventure,Indie,Early Access",32,6,26
1015240,"Indie,RPG,Strategy",4,2,2
1863750,"Casual,Indie,RPG,Strategy,Early Access",10,10,0
1917560,"Casual,Indie",23,21,2
845070,"Adventure,Free to Play",0,0,0
1774650,"Action,Adventure,Indie",4,2,2
1149510,"Adventure,Indie",11,9,2
577640,"Action,Casual,Indie,Early Access",1,0,1
1033780,"Adventure,Indie",24,20,4
1214980,"Adventure,Casual,Indie,Massively Multiplayer,Simulation,Strategy",17,15,2
305980,Action,66,42,24
1241440,"Action,Casual,Indie",1,1,0
391910,"Action,Adventure,Indie",5,1,4
535280,"Indie,Racing,Simulation,Strategy",27,26,1
1489630,"Action,Adventure,Simulation,Strategy",1385,1091,294
1040730,"Casual,Simulation",27,25,2
1267310,"Action,Adventure,Casual,Indie,Simulation",42,31,11
1277300,Strategy,0,0,0
340480,"Action,Casual,Indie",12,9,3
1967870,"Adventure,Free to Play,Indie",0,0,0
1624470,"Action,Adventure,Casual,Indie",0,0,0
529660,"Action,Adventure,Indie",375,320,55
361830,"Action,Indie",48,38,10
1445010,"Casual,Indie,Simulation,Early Access",21,12,9
383010,"Action,Casual,Indie,Early Access",3,1,2
452340,"Adventure,Indie",20,8,12
597760,"Adventure,Indie",1174,1119,55
1803490,"Casual,Indie,Strategy",4,4,0
758730,Adventure,99,84,15
1178690,"Casual,Indie,Strategy",1,0,1
814030,"Adventure,Casual",31,26,5
877590,"Action,Indie",2,0,2
405050,Casual,12,5,7
334270,"Indie,Simulation,Strategy",40,22,18
1610350,"Indie,RPG,Strategy",0,0,0
781670,"Casual,Free to Play,Indie",2,1,1
599140,"Adventure,Indie,RPG,Simulation",9827,8244,1583
1324410,"Indie,Racing,Simulation",18,13,5
1371170,Casual,5,2,3
1277290,"Free to Play,Indie",0,0,0
1720960,"Action,Indie,Racing",10,10,0
1721350,"Adventure,Casual,Early Access",51,24,27
776150,"Action,Simulation,Strategy",3,2,1
1057430,"Action,Adventure,Free to Play,Indie",3,3,0
248550,"Action,Adventure,Indie",279,259,20
301830,"Action,Adventure",44,37,7
787550,"Action,Early Access",8,3,5
1578410,"Action,Adventure,Indie,Simulation,Sports",3,2,1
981550,"Casual,Indie,Simulation,Strategy",21,14,7
102200,"Adventure,Indie,RPG",155,119,36
1115030,"Action,Casual,Indie",0,0,0
438140,Strategy,96,81,15
312400,Strategy,9,2,7
248860,"Indie,RPG,Strategy",3147,2820,327
1258800,"Action,Indie,Early Access",8,8,0
1262500,"Action,Adventure,Indie,RPG,Strategy",0,0,0
1596310,"Indie,Simulation",352,205,147
1024790,"Free to Play,Indie,Simulation",0,0,0
1923820,"Casual,Indie,Simulation,Strategy",6,6,0
1408260,"Action,Adventure,Casual,Indie",33,28,5
1998540,Action,0,0,0
1417020,"Action,Adventure,Indie,RPG",1,1,0
276460,"Adventure,Casual,Indie",7,3,4
439960,"Indie,Simulation,Strategy",10,6,4
1562930,Adventure,7,7,0
1801460,"Casual,Free to Play,Indie",0,0,0
673980,"Action,Adventure,Indie",25,24,1
969740,"Adventure,Indie",5,5,0
895470,Indie,23,18,5
1469690,"Racing,Early Access",65,61,4
34310,Action,2,1,1
1876660,"Education,Software Training,Game Development",0,0,0
1016650,"Casual,Indie,Simulation",1,1,0
1689270,"Action,Adventure,Indie",13,13,0
1094000,"Indie,Simulation",225,131,94
928410,"Action,Adventure,Indie",3,1,2
1466260,"Action,Adventure,Indie,RPG,Strategy",7,7,0
760410,"Action,Adventure,Indie,Simulation",161,134,27
2026540,"Action,Casual,Indie",0,0,0
477270,"Action,Indie,Simulation",521,420,101
712090,"Action,Casual,Indie,Strategy,Early Access",0,0,0
1473840,"Casual,Indie",17,17,0
822440,Indie,3,1,2
781280,"Action,Adventure,RPG",5,4,1
632900,RPG,42,34,8
1566610,"Action,Adventure,Indie",0,0,0
980750,"Casual,Simulation",2,2,0
1873960,"Casual,Indie,RPG,Strategy",7,5,2
385830,"Action,Adventure,Indie,RPG",23,14,9
1548640,"Simulation,Sports,Strategy,Early Access",0,0,0
1191280,"Adventure,Casual,Indie,Strategy",7,4,3
2009840,"Action,Adventure,Casual",2,2,0
248290,"Casual,Indie,Simulation,Strategy",178,115,63
1711160,"Casual,Indie,Strategy",0,0,0
436000,"Action,Adventure,Casual,Indie",60,46,14
1729160,"Action,Indie",18,18,0
936930,"Indie,Simulation,Strategy",10,4,6
1256360,Simulation,1,1,0
1910320,"Adventure,Indie",8,8,0
1665790,"Casual,Indie",2,2,0
1283850,"Adventure,Casual,Indie",3,3,0
770460,"Adventure,Free to Play,Indie",0,0,0
745960,"Adventure,Casual,Simulation",248,235,13
869080,"Violent,Adventure,Indie",1,1,0
982050,"Action,Adventure,Indie",1,1,0
1054650,"Casual,Indie",9,7,2
432410,"Action,Adventure,Indie,RPG",10,1,9
669350,"Action,Indie,Racing",7,5,2
1522560,"Adventure,Casual,Indie",88,85,3
684650,"Action,Indie,Strategy",3,2,1
401890,Action,82,52,30
1482750,"Action,Indie,Simulation,Early Access",119,108,11
2006560,"Adventure,Casual,Indie,Strategy",1,1,0
1483870,"Casual,Indie",218,172,46
1873230,"Indie,Simulation,Early Access",8,5,3
1914580,"Action,Early Access",598,454,144
453030,"Action,Indie,Strategy,Early Access",5,3,2
1036990,"Adventure,Casual",10,9,1
1818250,"Casual,Indie,Strategy",7,4,3
581360,"Adventure,Indie,Early Access",123,116,7
778460,"Action,Indie",8,6,2
594040,"Casual,Indie,Simulation,Strategy",147,83,64
1018010,"Action,Adventure,Racing,RPG,Simulation,Sports",561,458,103
1164850,"Casual,Free to Play,Indie,Simulation",23,20,3
1000500,"Action,Casual,Indie,Massively Multiplayer",7,4,3
489000,"Free to Play,Indie,Massively Multiplayer,RPG,Strategy",2,0,2
585240,Adventure,39,35,4
1942540,Casual,11,11,0
690860,"Action,Casual,Indie",0,0,0
1058640,"Action,Free to Play,Indie",0,0,0
506160,"Design & Illustration,Utilities,Video Production",6,3,3
1433950,"Casual,Indie,Racing,Sports",98,86,12
1653790,"Action,Adventure,Massively Multiplayer,Strategy",5,0,5
727310,"Action,Free to Play,Indie",0,0,0
1170640,"Adventure,Casual,Indie",0,0,0
1938670,Indie,9,9,0
1630490,Simulation,10,8,2
490920,"Simulation,Early Access",740,670,70
1374590,"Indie,RPG,Strategy",0,0,0
1777560,"Casual,Indie",0,0,0
800560,"Adventure,Indie,RPG",13,8,5
217690,"Adventure,Indie",555,321,234
9500,"Action,Adventure,Indie",127,83,44
1054180,"Action,Casual,Indie",2,2,0
635880,"Casual,Indie",33,25,8
1894310,Indie,1,0,1
664440,"Adventure,Indie,Simulation",0,0,0
792560,"Action,Adventure,Indie",11,10,1
1264980,"Action,Adventure,Casual,Indie",0,0,0
1433090,"Adventure,Indie,RPG",1,0,1
1103730,"Action,Adventure,Indie",62,50,12
733500,"Casual,Indie,Strategy",2,2,0
1572970,Indie,2,2,0
422510,"Action,Indie",457,436,21
752080,"Action,Casual,Indie",2,2,0
536920,"Action,Adventure,Casual,Indie",1,1,0
1904580,RPG,16,13,3
1631780,"Adventure,Indie,RPG,Simulation,Strategy",8,8,0
1173370,"Action,Casual,Free to Play,Indie,Sports,Early Access",6,6,0
1238180,"Casual,Simulation",6,4,2
967060,"Animation & Modeling,Design & Illustration,Utilities",1,1,0
1236330,"Indie,Simulation",1,0,1
1155930,Adventure,1,1,0
247080,"Action,Indie,RPG",10512,10109,403
1909380,"Action,Adventure,Casual,Indie,RPG,Simulation",74,68,6
1376940,"Casual,Indie",4,3,1
704480,"Casual,Indie,Simulation,Strategy",21,19,2
700200,"Simulation,Strategy",29,19,10
973850,"Action,Indie",21,18,3
725780,"Action,Adventure,Casual,Free to Play,Indie,Racing,Simulation,Sports,Strategy",72,45,27
1851630,"Indie,Early Access",1,0,1
228180,"Audio Production,Education,Software Training,Utilities,Video Production,Web Publishing",1348,1091,257
366230,Sports,29,24,5
1017060,"Design & Illustration,Utilities",70,44,26
957890,Indie,7,6,1
507380,"Casual,Indie",17,11,6
1285230,"Indie,Racing,Simulation,Sports,Early Access",49,43,6
1450000,Strategy,1,1,0
1544850,"Casual,Indie",0,0,0
620340,"Casual,Indie,Strategy",8,8,0
1635630,"Action,Indie",2,2,0
1155420,"Action,Adventure,Casual,Indie,Racing,Simulation,Sports",14,11,3
1063950,"Action,Casual,Free to Play,Indie",0,0,0
746990,"Indie,Early Access",8,1,7
1613080,"Action,Adventure,Indie,Early Access",6,5,1
1378660,"Casual,Indie",2,2,0
1247290,"Animation & Modeling,Design & Illustration,Education,Software Training,Utilities,Game Development,Early Access",41,33,8
945460,Action,113,100,13
1594490,"Action,Adventure,Casual,Indie",1,1,0
551780,Education,7,2,5
1797790,"Casual,Indie",1,1,0
1273080,"Casual,Indie,Simulation",55,55,0
580870,"Action,Adventure,Casual,Indie",9,6,3
1663260,"Adventure,Free to Play,Indie",0,0,0
779590,"Action,Adventure,Indie,Simulation",321,289,32
1725660,"Action,Adventure",0,0,0
670930,"Action,Adventure,Casual,Indie",17,12,5
1941180,"Action,Adventure,Free to Play",1,1,0
725680,"Casual,Indie",13,7,6
961560,"Action,Indie",2,1,1
1579250,"Indie,RPG,Strategy",0,0,0
3300,Casual,301,288,13
983260,"Action,Casual,Indie",0,0,0
463220,"Action,Adventure,Indie",161,116,45
1386730,"Casual,Indie,Simulation,Sports",73,66,7
588080,Strategy,5,3,2
1432710,"Action,Adventure,Free to Play,Massively Multiplayer,RPG",0,0,0
374830,"Indie,Strategy",34,34,0
846490,Strategy,2,2,0
804990,"Adventure,Casual",2,2,0
985040,"Action,Casual,Indie",31,25,6
1058110,Simulation,18,9,9
1610900,"Adventure,Free to Play,RPG,Simulation,Early Access",0,0,0
1253050,"Action,Adventure,Indie,Simulation,Strategy,Early Access",2,2,0
1049220,"Action,Adventure,Indie,RPG,Early Access",53,35,18
1127730,"Action,Casual,Indie",3,3,0
570420,"Action,Simulation",129,83,46
1704760,"Casual,Free to Play,RPG",0,0,0
630130,"Action,Casual,Indie,Early Access",0,0,0
312300,"Indie,RPG",115,102,13
1545290,RPG,10,9,1
1008260,"Adventure,Casual,Indie,RPG",2,1,1
1606980,"Action,RPG",5,2,3
977830,"Casual,Free to Play,Indie,Strategy,Early Access",0,0,0
1088090,"Indie,Massively Multiplayer,RPG,Simulation,Early Access",1969,1456,513
504790,Design & Illustration,31,27,4
1003960,"Adventure,Indie",0,0,0
1637100,"Action,Casual,Indie,Strategy",6,5,1
1822270,"Casual,Strategy",0,0,0
1217090,"Action,Adventure,Free to Play,Indie",0,0,0
1599390,"Casual,Strategy",5,5,0
1398790,Simulation,11,9,2
435480,Racing,119,76,43
1488420,Casual,0,0,0
476000,Indie,5,5,0
1113560,"Action,Adventure,RPG",7487,6814,673
451840,"Action,Indie,Strategy",591,491,100
1060510,"Indie,RPG",0,0,0
716900,Adventure,0,0,0
1585700,"Adventure,Casual,Indie",56,54,2
1535880,"Action,Adventure,Casual,Indie",2,2,0
314660,"Action,Adventure,Indie",1388,1189,199
652570,"Casual,Indie",33,30,3
1043870,"Action,Casual,Indie",9,9,0
748040,"Action,Strategy",90,86,4
273240,"Action,Indie",118,79,39
1283240,"Casual,Indie,RPG,Strategy,Early Access",0,0,0
458030,"Strategy,Early Access",6,4,2
1332970,Casual,52,52,0
361250,"Action,Indie,Simulation,Early Access",0,0,0
1257430,"Casual,Indie",33,27,6
1068620,Education,0,0,0
1142760,"Action,Casual,Indie,Racing,Simulation",1,0,1
1274710,"Indie,RPG,Simulation",12,9,3
1002670,RPG,4,3,1
271550,"Casual,Indie,Strategy",31,29,2
404100,"Action,Indie",29,24,5
871950,"Action,Adventure,Indie,Simulation",141,121,20
1105660,"Adventure,Casual,Indie,RPG,Strategy",30,22,8
1662850,Casual,110,104,6
776740,"Adventure,Casual,Indie",0,0,0
959510,"Casual,Sports",4,4,0
370050,"Casual,Indie,Strategy",16,16,0
1161580,Simulation,10666,9578,1088
1531250,"Indie,RPG,Strategy",62,52,10
1854120,Adventure,11,11,0
1299980,Utilities,9,5,4
983330,"Adventure,Casual,Indie,Strategy",0,0,0
490990,"Action,Adventure,Casual,Indie,Massively Multiplayer,Racing,Sports,Early Access",43,15,28
1691560,"Action,Indie",0,0,0
200410,"Action,Indie,Simulation",50,29,21
905650,"Free to Play,Strategy",0,0,0
1837000,"Adventure,Indie",1,1,0
16100,"Casual,Simulation",73,59,14
1505470,"Action,Adventure",7,7,0
226740,"Adventure,Casual,Indie,RPG,Simulation",689,532,157
1559370,"Action,Strategy",2,2,0
496300,"Indie,Simulation,Strategy",3296,2863,433
372540,"Action,Free to Play",9,4,5
1577260,Adventure,10,10,0
1635600,Action,6,4,2
242960,Action,451,281,170
1101800,"Adventure,Indie",19,18,1
584850,"Casual,Free to Play,Indie",7,6,1
1468470,Strategy,0,0,0
652550,"Action,Adventure,RPG",1,0,1
753960,"Action,Adventure,Indie,RPG",5,2,3
1033720,"Casual,Indie,RPG,Simulation",5,0,5
1158480,"Casual,Indie",1,1,0
689270,"Casual,Indie,Sports,Strategy",2,0,2
919400,"Action,Indie",2,2,0
1786730,"Action,Indie",0,0,0
351320,"Adventure,Indie,Strategy",17,15,2
2027180,"Action,Indie",1,1,0
110400,"Indie,Racing",41,37,4
751730,"Indie,Simulation,Sports",21,16,5
1543040,"Casual,Indie",1,0,1
1559390,RPG,136,122,14
323060,"Indie,RPG,Strategy",1123,817,306
981050,"Action,Indie",2,1,1
595550,"Violent,Action,Adventure,Casual,Indie",39,25,14
1449510,"Adventure,Indie",130,128,2
1202220,Casual,2,2,0
1264770,"Action,Indie",14,14,0
683730,"Action,Indie",4,3,1
505660,"Action,Indie",14,14,0
1027610,"Action,Casual,Indie",3,3,0
424750,"Casual,Indie",6,5,1
581980,"Casual,Indie,Simulation,Strategy",23,7,16
338890,"Action,Indie,Racing",16,12,4
1002,Indie,33,24,9
589270,"Adventure,Casual,Indie",4,4,0
2072400,"Casual,Indie",2,1,1
1564280,"Action,Indie,RPG,Early Access",2,2,0
1145270,"Action,Casual,Free to Play,Indie",0,0,0
1600140,"Casual,Indie",8,6,2
253940,RPG,293,238,55
274900,"Action,Casual,Indie",2896,2615,281
1295390,"Action,Casual,Indie",41,37,4
1676150,"Action,Adventure,Indie,RPG",4,4,0
1916690,"Adventure,Casual,Simulation",1,1,0
1482890,"Action,Adventure,Casual,Indie,Early Access",0,0,0
589200,"Adventure,Indie",242,230,12
543900,"Action,Adventure,Strategy",1944,1248,696
1543980,Casual,18,18,0
1700010,"Adventure,Casual,Free to Play,Indie,RPG,Simulation,Strategy",0,0,0
839430,"Action,Adventure,Indie",1,1,0
1176710,"Action,Adventure,Indie,Simulation,Strategy",832,675,157
1104340,"Action,Casual,Indie",81,66,15
707000,"Casual,Indie",4,1,3
1828770,"Casual,Indie,Simulation",3,3,0
839640,Adventure,0,0,0
1153670,"Casual,Indie",18,17,1
486890,"Action,Casual,Indie,Racing",1,1,0
775620,"Action,Free to Play,Indie,Early Access",14,7,7
388270,"Casual,Simulation,Sports,Strategy",26,22,4
876890,"Casual,Indie",1,1,0
1347250,"Action,Free to Play",0,0,0
1063190,"Indie,RPG",2,2,0
558110,"Adventure,Indie",151,113,38
1301620,"Adventure,Casual,Indie",26,21,5
961210,"Adventure,Indie,Simulation",0,0,0
1991010,Casual,2,2,0
446910,Indie,52,51,1
1948920,"Adventure,Casual,Indie,RPG",4,4,0
419700,"Action,Casual,Indie",18,12,6
316790,Adventure,2810,2498,312
383070,"Action,Indie,Strategy",26,12,14
1188690,"Action,Casual,Indie,Racing",1,1,0
1424270,Action,2,2,0
1517160,"Action,Adventure,Indie,RPG,Early Access",0,0,0
1105050,"Design & Illustration,Utilities,Early Access",0,0,0
1073610,"Adventure,Casual,Indie,RPG,Early Access",5,5,0
1975420,"Casual,RPG,Sports,Strategy,Early Access",3,3,0
966330,"Adventure,Casual",1222,988,234
269590,"Indie,RPG,Strategy,Early Access",56,18,38
586660,"Adventure,Casual,Indie",29,28,1
1925230,"Casual,Indie",2,2,0
1225600,RPG,18,13,5
1689480,"Simulation,Early Access",2,2,0
1948100,"Adventure,Casual,Indie,Simulation",15,13,2
1780530,"Casual,Indie",0,0,0
1252120,"Action,Adventure,Casual,Indie,Strategy",0,0,0
475050,"Casual,Indie",5,2,3
938360,"Action,Casual,Indie",1,1,0
492090,Simulation,24,18,6
1026080,"Adventure,Indie",4,2,2
80340,"Adventure,Indie",316,293,23
1208030,Indie,18,14,4
407980,"Casual,Indie",155,123,32
1600880,"Action,Adventure",1,0,1
1236900,"Indie,RPG,Simulation,Early Access",38,35,3
1781980,"Action,Casual,Indie",1,1,0
1104930,"Action,Casual,Indie",0,0,0
1706060,Indie,0,0,0
1920270,"Action,Adventure,Casual,Indie,Simulation,Sports",7,7,0
551620,"Adventure,Indie,RPG,Simulation,Strategy,Early Access",159,148,11
1835930,"Action,Casual,Free to Play,Indie,Massively Multiplayer,RPG,Strategy,Early Access",0,0,0
1085080,"Action,Casual,Indie",0,0,0
738760,"Adventure,Indie,Simulation",12,8,4
11610,"Action,Free to Play,Massively Multiplayer,RPG",27,12,15
1219480,"Action,Adventure,Casual,Massively Multiplayer,Early Access",52,31,21
254820,Strategy,75,64,11
2013030,"Action,Indie,Strategy",0,0,0
552610,"Action,Adventure,Indie",8,8,0
1971100,"Action,Adventure,Casual,Indie",2,1,1
1023550,"Action,Adventure,Indie,RPG,Strategy",76,74,2
571660,"Action,Indie",4,4,0
1424780,"Action,Adventure,Casual,Indie,Simulation",14,9,5
2003590,Simulation,1,1,0
707040,"Action,Indie,Early Access",1,0,1
1668930,"Adventure,Casual,Indie",1,0,1
342620,"Action,Casual,Indie",88,66,22
403700,Action,233,198,35
1702540,"Adventure,Casual",7,6,1
528230,"Action,Indie",6419,6142,277
1105730,"Casual,Indie",9,7,2
1841910,"Adventure,Casual,Indie,Racing,Sports",0,0,0
647280,"Action,Adventure,Indie",14,5,9
1273710,"Action,Casual,Free to Play,Massively Multiplayer,Early Access",0,0,0
522220,"Action,Adventure,Indie",10,6,4
1818270,Adventure,0,0,0
1172060,"Action,Indie,RPG",31,20,11
881970,"Casual,Indie",0,0,0
582050,"Action,Indie,Early Access",13,7,6
1200120,"Action,Casual,Indie,Simulation,Strategy",0,0,0
1149290,"Action,Adventure,Casual,Indie",11,10,1
910630,Indie,299,291,8
284000,"Adventure,Casual",33,29,4
317840,"Action,Casual",12,9,3
1453460,"Action,Adventure,Indie",6,5,1
1542120,"Action,Casual,Indie",8,5,3
661380,"Action,Indie,Strategy",2,2,0
1211730,"Action,Indie",1,0,1
1247930,"Casual,Indie,Simulation",3,1,2
1202930,"Action,Indie,Sports",4,3,1
1004030,"Action,Indie",5,4,1
1608010,"Adventure,Indie",2,1,1
1670200,"Adventure,Strategy",0,0,0
744890,"Casual,RPG,Simulation,Strategy",1,0,1
1505690,"Action,Adventure,RPG,Early Access",0,0,0
1010420,"Action,Casual,Indie,Massively Multiplayer",1,1,0
972420,"Adventure,Casual,Indie",2,2,0
1431100,"Action,Casual,Racing",12,10,2
1813140,"Action,Adventure,Indie",11,5,6
916370,"Casual,Indie",1,1,0
848500,Action,0,0,0
1227910,"Casual,Indie,RPG",20,15,5
1565650,Casual,2,0,2
300060,"Adventure,Indie",558,297,261
1764970,"Adventure,Casual,Indie",1,1,0
925690,"Action,Adventure,Indie",5,3,2
398100,"Casual,Indie",354,286,68
1953170,"Action,Indie,Racing,RPG",5,2,3
557030,"Adventure,Casual,Indie",25,12,13
1179340,"Action,Casual,Indie",1,1,0
843180,"Action,Adventure,Indie",37,35,2
224860,"Indie,Strategy",205,67,138
1026910,"Action,Casual,Indie",2,2,0
1207130,"Action,Casual,Indie",2,2,0
1861290,"Action,Indie,RPG",130,124,6
1201200,"Action,Adventure,Casual,Racing,Simulation,Strategy",2,2,0
815300,"Strategy,Early Access",1,1,0
458490,"Adventure,Indie,Simulation",14,8,6
630550,"Action,Adventure,Casual,Indie,RPG,Simulation",88,71,17
360520,"Action,Casual,Indie",11,9,2
1558090,"Adventure,Indie,Strategy",0,0,0
1548280,"Indie,Strategy",5,4,1
826230,"Action,Adventure,Casual,Indie,Simulation",0,0,0
1320400,"Adventure,Indie",2,2,0
844050,"Action,Indie,Racing,RPG,Simulation",34,27,7
1591440,"Casual,Indie,RPG,Simulation,Strategy",1,1,0
1357640,Sports,1,0,1
725540,Strategy,0,0,0
220740,"Adventure,Indie",565,475,90
1313310,"Action,Indie,Sports",27,23,4
668320,"Action,Indie",137,104,33
1826910,"Indie,Simulation,Strategy",59,53,6
565670,"Action,Sports,Early Access",9,5,4
567780,"Action,Casual,Indie,Simulation",21,13,8
1754380,"Action,Adventure,Indie",1,1,0
1331860,"Action,Adventure,Indie",1,1,0
981310,"Adventure,Casual,Free to Play,Indie,RPG,Simulation",0,0,0
880510,"Adventure,Casual,RPG,Strategy",351,304,47
903310,"Casual,Indie,Simulation,Strategy",3,0,3
961000,"Casual,Indie",2,2,0
1437770,"Action,Casual,Sports",47,33,14
582030,"Action,Indie,RPG,Strategy",1,1,0
875800,"RPG,Strategy",127,96,31
862480,"Adventure,Indie",279,255,24
1774450,"Action,Adventure,Casual,Indie,RPG,Simulation",2,1,1
355060,"Racing,Simulation,Sports",187,99,88
1036780,Casual,2,1,1
1304400,"Action,Adventure,Indie",61,58,3
1117970,"Adventure,Casual,RPG,Strategy",1,1,0
1059090,"Action,Indie",2,2,0
936820,"Action,Indie",2,1,1
1975450,"Casual,Indie,Simulation",7,7,0
1826570,"Adventure,Casual,Indie",59,47,12
1724700,"Action,Casual,Indie",0,0,0
1008690,"Action,Adventure,Indie",1,1,0
1120640,"Action,Adventure,Indie",1,1,0
776540,"Casual,Indie",21,9,12
992040,"Action,Adventure,Casual,Indie,Strategy",6,5,1
1824170,"Casual,Free to Play",0,0,0
648390,"Adventure,Casual,Free to Play,Indie",0,0,0
1343260,"Adventure,Indie",21,20,1
1262890,"Action,Indie,Early Access",6,5,1
1280060,"Action,Adventure,Casual,Indie,Early Access",5,5,0
2058920,Adventure,1,0,1
10090,Action,27127,24999,2128
342300,"Action,Indie",252,233,19
1881200,"Indie,Racing,Simulation,Sports,Early Access",87,75,12
296280,"Indie,Simulation,Strategy",39,16,23
405530,Indie,4,4,0
875610,"Action,Adventure,Free to Play,Indie",0,0,0
1973450,"Action,Adventure,Indie,RPG",0,0,0
748670,"Adventure,Casual,Indie,Simulation,Sports",4,0,4
1079420,"Indie,Racing,Simulation",1,0,1
586890,"Casual,Indie,Sports,Early Access",1,0,1
512680,"Action,Casual,Indie",8,8,0
1630800,Casual,5,5,0
695950,"Adventure,Casual",3,3,0
790970,"Action,Casual,Indie,Sports,Strategy",0,0,0
938480,"Adventure,Casual,Indie,Simulation,Strategy",10,9,1
1308560,"Action,Adventure,Indie,RPG",4,0,4
681350,"Action,Adventure,Casual,Indie,RPG,Simulation,Strategy",2,1,1
539400,"Action,Adventure,Indie",97,86,11
731190,"Action,Indie",3,1,2
1144550,"Casual,Indie",4,2,2
668520,Action,4,3,1
1063970,"Action,Indie,Simulation",0,0,0
385400,"Action,Casual,Indie,Simulation",65,21,44
1500810,"Adventure,Casual,Indie",0,0,0
738260,"Action,Adventure,Indie",3,1,2
671840,"Adventure,Casual,Indie,Racing,RPG,Simulation,Sports,Strategy",12,10,2
1425380,"Action,Casual,Indie",32,32,0
1770380,"Action,Adventure,Casual,Simulation",47,37,10
1824840,"Adventure,Casual,Free to Play,Indie,RPG",0,0,0
2021050,"Casual,Strategy",14,14,0
746220,"Adventure,Indie",3,3,0
451130,"Action,Adventure,Free to Play,Massively Multiplayer,RPG",2,1,1
871120,"Action,Free to Play,Indie",0,0,0
1696200,"Action,Indie",8,8,0
693790,Early Access,10,5,5
1562230,"Indie,RPG",27,24,3
561510,"Action,Indie",4,3,1
354650,"Adventure,Indie",235,201,34
1815020,Action,2,1,1
1936360,"Action,Indie,Early Access",29,28,1
443110,"Action,Adventure,Casual,Free to Play,Indie,Massively Multiplayer,Racing,Simulation,Strategy",4,4,0
661550,Adventure,1,1,0
667220,"Adventure,Casual,Indie",7,4,3
696370,"Action,Adventure,Casual,Indie,Massively Multiplayer,RPG,Simulation,Early Access",574,445,129
910750,"Action,Casual,Indie,Early Access",0,0,0
2069630,"Casual,Indie,Strategy",0,0,0
1301370,"Action,Indie",6,6,0
551370,"Animation & Modeling,Design & Illustration,Education,Early Access",91,65,26
1131920,"Adventure,Indie,RPG",76,74,2
1279370,Action,9,9,0
657450,"Action,Indie,Simulation,Sports,Early Access",0,0,0
1456020,"Casual,Indie",19,19,0
1673360,"Action,Indie,RPG",5,5,0
1104670,"Casual,Indie",0,0,0
1171140,"Action,Free to Play",0,0,0
669990,"Action,Indie,Sports,Early Access",1,1,0
512220,"Action,Adventure,Indie",364,315,49
524910,Casual,546,506,40
1022610,RPG,9,9,0
1083810,"Action,Adventure,Casual,Indie",25,22,3
894460,"Casual,Indie,Simulation",79,75,4
1627230,Action,3,3,0
744460,"Action,Adventure,RPG,Sports,Early Access",13,6,7
57680,"Action,Adventure",224,156,68
336130,"Adventure,Indie,RPG",392,355,37
884420,"Adventure,Indie,RPG",17,15,2
755290,"Utilities,Video Production",2,0,2
1089570,Sports,0,0,0
2026070,"Action,Indie,Simulation",1,1,0
1578890,"Casual,Indie,Strategy,Early Access",8,8,0
1577670,"Casual,Indie",0,0,0
1035180,Audio Production,1,0,1
344840,"Indie,Simulation,Strategy",185,70,115
665490,"Free to Play,Indie",0,0,0
688910,"Action,Casual,Indie,Racing,Early Access",0,0,0
423440,"Indie,RPG",39,38,1
777180,"Utilities,Early Access",8,4,4
1414240,"Adventure,Casual,RPG,Simulation,Strategy",5,4,1
511810,Strategy,1,0,1
1293430,Action,3,2,1
1172430,"Action,Adventure,Indie,Simulation,Strategy",45,21,24
968470,"Casual,Indie,Simulation,Strategy",9,9,0
1020490,"Casual,Indie",5,4,1
563490,"Action,Strategy,Early Access",13,2,11
2059760,"Action,Indie,Massively Multiplayer,Early Access",10,7,3
1252100,"Action,Indie",9,8,1
591580,"Adventure,Casual",6,3,3
1569120,"Casual,Indie",2,2,0
373810,"Casual,Simulation,Sports",14,8,6
483950,"Design & Illustration,Web Publishing,Game Development",120,104,16
818620,"Action,Indie,Early Access",1,1,0
808080,"Action,Casual,Indie,Racing,Simulation,Sports",235,208,27
1844560,"Adventure,Indie",0,0,0
1319290,"Adventure,Casual,Indie,RPG",9,5,4
985400,"Adventure,Indie,RPG",19,11,8
342180,"Action,Adventure,Indie",4553,3607,946
1892550,"Casual,Indie,Strategy",2,1,1
1634090,Racing,3,2,1
1171070,"Action,Casual,Indie",5,3,2
494430,"Action,Adventure,Indie,RPG",923,767,156
596950,"Casual,Indie,Simulation",62,50,12
577120,"Casual,Indie",2,1,1
409720,"Action,RPG",7271,5018,2253
566490,"Indie,Strategy",34,33,1
369030,"Action,Casual,Free to Play,Indie",2,1,1
652180,"Adventure,Casual,Indie,Simulation",2,0,2
1462550,Casual,27,17,10
617980,"Adventure,Indie",10,7,3
1290160,"Action,Adventure,Indie,Simulation",9,4,5
747280,"Action,Indie",0,0,0
767960,"Indie,Strategy",3,1,2
986820,"Adventure,Casual",37,35,2
407230,"Action,Adventure,Indie,RPG",229,145,84
1146700,"Action,Indie,Strategy",5,2,3
1810700,"Action,Casual,Indie,Early Access",11,8,3
1115780,"Adventure,Indie",156,127,29
521650,Strategy,3,1,2
1628790,"Adventure,Indie,RPG,Early Access",0,0,0
1301260,"Casual,Indie,Simulation",1,1,0
1115620,"Casual,Indie,Early Access",2,2,0
604140,"Adventure,Casual,Indie",16,10,6
1030760,"Action,Indie,Early Access",1,0,1
388430,"Action,Indie",40,31,9
696590,"Sexual Content,Nudity,Casual,Indie,RPG",73,60,13
1896170,"Indie,Early Access",0,0,0
371390,"Action,Indie",1,1,0
1588110,"Action,Indie",0,0,0
703840,"Action,Adventure,Indie,Simulation",255,222,33
1006140,"Indie,RPG,Strategy,Early Access",10,10,0
1025780,"Action,Adventure",0,0,0
1299730,Adventure,0,0,0
1332210,"Free to Play,Indie,RPG",0,0,0
1668650,"Action,Adventure,Indie",7,5,2
1630590,Simulation,64,61,3
1946990,"Casual,Indie",14,14,0
256460,"Indie,RPG",470,417,53
451340,"Indie,Simulation",5549,3807,1742
1520500,"Casual,Indie,Simulation",308,262,46
1048040,"Action,Adventure,Casual,Free to Play,Indie",0,0,0
995910,"Adventure,Casual",5,3,2
1527710,Strategy,2,0,2
1468380,Adventure,19,18,1
443460,"Adventure,Casual,Indie,Simulation",21,18,3
1054290,"Action,Adventure,Indie",9,3,6
592390,"Action,Indie",35,20,15
1311460,"Action,Indie",3,2,1
1411200,"Casual,Free to Play,Indie,Simulation,Strategy",0,0,0
1152990,"Indie,Simulation,Strategy",1,1,0
1329470,Casual,9,6,3
230860,"Action,Adventure,Indie,Strategy",383,349,34
1798520,Casual,1,1,0
1209080,"Indie,Strategy",2,1,1
241680,Utilities,2,1,1
975020,RPG,20,11,9
1018680,"Audio Production,Software Training,Utilities,Video Production,Web Publishing",105,87,18
439720,"Indie,Simulation,Strategy",80,47,33
775800,"Violent,Gore,Action,Adventure,Indie",5,3,2
950310,"Action,Adventure,Indie",6,6,0
946210,"Action,Adventure,Casual,Indie,RPG,Strategy",4,0,4
1380430,"Action,Casual,Free to Play,Indie",0,0,0
628900,"Indie,Strategy",123,70,53
339540,"Action,Indie,RPG,Early Access",19,7,12
813920,"Action,Indie",0,0,0
821390,"Adventure,Indie,RPG",35,23,12
1274540,"Action,Free to Play,Indie,Early Access",0,0,0
756290,"Action,Adventure,Early Access",2,0,2
681260,"Action,Indie",1,0,1
333930,"Action,Free to Play",862,709,153
514500,"Simulation,Strategy",414,281,133
1712680,"Sports,Strategy",1,1,0
1414550,"Action,Indie,Racing,Simulation",1,1,0
670460,Video Production,11,6,5
1649870,"Action,Adventure,Casual,Indie,RPG,Simulation",6,3,3
1692170,"Action,Adventure,Casual,Indie,Early Access",1,1,0
985740,"Adventure,Casual,Indie,RPG,Simulation",0,0,0
1409780,"Casual,Indie,Simulation,Strategy",1,0,1
524350,"Action,Indie,Early Access",1,1,0
1983180,"Casual,RPG",2,1,1
1523400,"Action,Adventure",81,69,12
665450,"Design & Illustration,Photo Editing,Video Production",4,2,2
1122830,"Action,Adventure,Casual,Indie",4,4,0
709710,"Adventure,Indie",46,34,12
200370,"Casual,Strategy",261,160,101
766600,"Action,Simulation,Early Access",12,5,7
448050,"Action,Casual",14,11,3
937570,"Action,Indie",33,32,1
1638910,"Action,Adventure,Casual",1,0,1
1883420,"Indie,RPG",0,0,0
501060,"Action,Adventure",6,0,6
1433970,"Indie,Simulation",5,0,5
1906880,"Action,Casual,Free to Play,Indie,RPG",0,0,0
1150140,"Action,Casual,Indie",0,0,0
653050,"Indie,Simulation,Strategy",6,3,3
1208910,Education,2,0,2
861210,"Casual,Indie",0,0,0
1257800,"Action,Free to Play,Indie,Early Access",0,0,0
954360,"Casual,Indie",0,0,0
725910,"Casual,Indie",0,0,0
1091570,"Adventure,Casual,Indie,Racing,Simulation,Sports",11,9,2
887710,"Action,Adventure,Casual,Indie",3,2,1
657480,"Action,Adventure,Indie,Early Access",37,28,9
980690,"Action,Indie",4,3,1
1108190,"Action,Adventure,Casual,Indie,Strategy",11,8,3
514050,"Action,Strategy",7,7,0
572720,Adventure,47,25,22
7800,Action,572,528,44
1481730,"Action,Casual,Indie,Early Access",0,0,0
1302550,"Action,Indie,Early Access",3,3,0
381880,"Action,Adventure,Indie",49,40,9
624890,"Action,Adventure,Indie,RPG,Early Access",30,21,9
1163690,"Casual,Free to Play,Indie,Strategy,Early Access",0,0,0
485440,"Indie,Strategy",64,28,36
362410,"Adventure,Indie",84,51,33
320040,"Adventure,Indie,RPG",1445,1137,308
1336020,Simulation,3,3,0
1014590,"Action,Adventure,Casual,Indie,Racing,Early Access",14,4,10
291650,RPG,8505,7358,1147
523050,"Animation & Modeling,Design & Illustration,Early Access",9,9,0
1629710,"Adventure,Casual,Free to Play,Indie",0,0,0
838310,Action,1578,1461,117
723880,"Action,Adventure,Indie",2,1,1
1152330,"Adventure,Casual,Indie",1,1,0
1207820,"Indie,RPG",0,0,0
797060,"Casual,Indie,Simulation",0,0,0
1250070,"Design & Illustration,Utilities",4,3,1
521860,"Action,Adventure",24,19,5
424780,"Free to Play,Massively Multiplayer,Simulation,Strategy",0,0,0
1045020,Adventure,0,0,0
1676060,"Adventure,Indie",1,1,0
289240,Strategy,8,5,3
314380,"Adventure,Indie,RPG",176,94,82
1152160,"Indie,RPG,Strategy",51,40,11
1530260,"Action,Indie",1,1,0
1547500,"Action,Casual,Indie,Simulation,Sports",4,1,3
1384620,"Action,Adventure,Free to Play,Indie,Early Access",0,0,0
1658400,"Action,Adventure,Simulation,Sports",2,1,1
943960,"Free to Play,Indie",0,0,0
1926160,"Action,Adventure,Casual",2,2,0
1019400,Indie,3,3,0
1464610,"Action,Adventure,Casual,Indie",14,11,3
1594900,"Adventure,Casual,Free to Play,Indie",0,0,0
1220990,"Adventure,Free to Play,Indie,RPG",0,0,0
71116,Action,6,6,0
543600,"Adventure,Casual,Indie",17,16,1
1514740,"Action,Casual,Indie,Racing",0,0,0
1902260,"Action,Adventure,Casual,Indie,Simulation,Strategy",7,3,4
2012540,"Adventure,Casual,Indie,Simulation",57,50,7
1436870,"Casual,Free to Play,Indie,Simulation",0,0,0
856240,Indie,1,1,0
1920800,"Casual,Indie,Simulation",8,8,0
1133570,"Casual,Free to Play,Simulation",0,0,0
713540,Indie,4,3,1
238430,"Action,Adventure,Indie",5219,3794,1425
839850,"Adventure,Indie,RPG",31,28,3
718180,"Action,Indie",50,34,16
1938430,"Action,Adventure",0,0,0
1726360,"Adventure,Casual,Indie",7,6,1
1504480,"Action,Adventure,Indie,RPG",1,0,1
748800,Racing,2,2,0
614850,"Action,Casual,Indie",1,0,1
323260,Casual,11,7,4
959170,Indie,0,0,0
1446660,"Adventure,Indie,Early Access",0,0,0
219200,"Action,Indie",172,143,29
1319270,"Casual,Indie",1,1,0
970850,Casual,9,8,1
1028380,"Casual,Indie",0,0,0
1623550,"Casual,Indie",0,0,0
1389740,"Action,Adventure,Casual,Free to Play,Indie",1,1,0
843420,Simulation,3,1,2
1035960,"Casual,Indie",0,0,0
592410,"Adventure,Casual,Indie,Simulation",24,14,10
1058730,"Action,Indie",0,0,0
1671510,"Casual,Indie,RPG,Simulation",21,16,5
1475080,Casual,10,10,0
1540840,"Casual,Indie",2,2,0
48240,Strategy,6233,3336,2897
282680,"Indie,Strategy",49,36,13
1141600,"Casual,Indie,Simulation",14,14,0
1103060,"Adventure,Casual,Indie,Early Access",0,0,0
1405780,"Adventure,Indie",0,0,0
919010,"Action,Free to Play,Indie,Strategy,Early Access",0,0,0
19980,"Action,Adventure",1123,871,252
926400,"Indie,Early Access",6,5,1
537740,"Simulation,Sports",18,11,7
626640,"Adventure,Casual",42,40,2
1511040,Indie,35,33,2
204390,"Action,Indie",73,63,10
528550,"Action,Indie,Early Access",661,491,170
326520,Casual,33,24,9
960170,"Action,Casual,Sports",2370,2068,302
1588880,"Casual,Indie",0,0,0
614880,Strategy,2,0,2
918700,"Action,Indie",6,6,0
1144330,"Casual,Indie,Simulation",16,14,2
1515290,"Casual,Free to Play,Indie",0,0,0
524200,"Adventure,Indie,RPG",15,11,4
991070,"Action,Casual,Indie,RPG,Simulation",39,30,9
553690,"Action,Casual,Indie",10,5,5
368590,Indie,162,101,61
1479980,Action,12,12,0
1777670,"Adventure,Indie,Simulation,Strategy",19,10,9
1394330,"Adventure,RPG,Simulation,Strategy",0,0,0
1724070,"Action,Indie",1,0,1
891050,"Action,Indie,Early Access",3,2,1
1837750,"Adventure,Indie,RPG,Strategy,Early Access",150,121,29
297060,"Action,Indie,Strategy",52,43,9
1502230,"Casual,Indie,RPG,Strategy",61,51,10
375170,"Action,Casual,Indie",12,11,1
1072870,"Action,Casual,Indie",7,7,0
910450,"Adventure,Strategy",118,65,53
1312210,"Casual,Strategy",0,0,0
545700,"Adventure,Indie,RPG",4,0,4
1409770,"Casual,Indie",176,162,14
465100,"Adventure,Casual,Indie",261,233,28
1918450,"Action,Adventure,Indie,RPG",58,45,13
1701690,"Casual,Indie",2,1,1
1665490,"Action,Massively Multiplayer,RPG,Simulation,Early Access",8,1,7
699470,"Action,Adventure,Indie,RPG,Early Access",1,0,1
1153200,"Adventure,Indie,RPG,Strategy",42,41,1
841340,Indie,8,4,4
455020,"Casual,Free to Play,Massively Multiplayer,Sports,Strategy",0,0,0
1629650,"Adventure,Indie",1,1,0
1278880,"Adventure,Casual,Indie",0,0,0
431290,"Action,Indie",6,4,2
1617640,"Action,Free to Play,Massively Multiplayer,RPG",0,0,0
449700,"Action,Adventure,Indie,Simulation,Early Access",6,5,1
1144670,"Action,Indie",0,0,0
1412260,"Action,Adventure,Indie,RPG",1,1,0
1098470,"Adventure,Indie",36,36,0
1011720,"Action,Indie,Strategy,Early Access",0,0,0
1865080,"Indie,Simulation,Strategy",2,1,1
1014620,"Adventure,Indie,RPG",4,3,1
1397710,Indie,3,3,0
1091380,Indie,7,7,0
1504660,"Action,Adventure,Casual,Free to Play,Indie,Racing,Simulation,Sports",0,0,0
411390,Adventure,1,0,1
607460,"Action,Early Access",0,0,0
740990,"Action,Casual,Indie",0,0,0
1811140,"Casual,Indie",14,14,0
1171410,"Action,Indie,Early Access",0,0,0
695630,RPG,29,15,14
466420,"Action,Adventure,Casual,Indie,RPG",16,9,7
347950,"Casual,Free to Play,Indie,Strategy",0,0,0
1463920,"Casual,Free to Play,Indie",3,3,0
1128910,"Free to Play,Simulation,Strategy",0,0,0
485760,"Casual,Free to Play,Indie,Strategy",0,0,0
947890,"Free to Play,Massively Multiplayer",0,0,0
824420,"Action,Casual,Free to Play,Indie,Early Access",0,0,0
1124960,"Action,Adventure,Indie",1,1,0
1370570,Action,0,0,0
1448940,"Action,Free to Play,Indie",0,0,0
498740,"Action,Indie,Sports",1,1,0
363330,"Adventure,Casual",192,170,22
1007810,"Adventure,Indie,RPG",17,15,2
555040,"Casual,Indie",0,0,0
326730,"Adventure,Indie,RPG",30,16,14
1033810,"Free to Play,RPG,Strategy",0,0,0
269370,"Action,Indie,RPG",150,110,40
1389710,Casual,0,0,0
1496510,"Adventure,Indie",0,0,0
553790,"Adventure,Indie",73,63,10
1107160,"Action,Casual,Indie",4,2,2
1088910,"Action,Indie,Early Access",1,1,0
792390,"Action,Adventure,Indie",0,0,0
571230,"Casual,Simulation",4,4,0
488660,"Casual,Indie,Simulation,Strategy",159,129,30
479310,"Casual,Indie",3,3,0
2005000,"Action,Casual,RPG",6,3,3
6270,Racing,76,32,44
1457520,RPG,6,4,2
1479340,"Adventure,Simulation,Strategy",27,13,14
754930,"Casual,Indie",7,5,2
576480,"Action,Indie",29,19,10
1979120,"Adventure,Indie",5,5,0
1031140,"Adventure,Free to Play,Strategy",5,5,0
1295790,"Adventure,Casual,Indie",78,65,13
939200,Casual,1,1,0
912390,"Action,Indie",7,7,0
1945670,"Adventure,Casual,Indie",3,2,1
1641890,"Action,Adventure,Indie",21,20,1
1222640,RPG,20,12,8
1267260,Adventure,9,9,0
1122930,"Action,Indie",0,0,0
41100,"Action,Indie",237,210,27
1859610,Indie,10,8,2
1381630,"Action,Casual,Indie",2,2,0
1211740,"Action,Adventure,Indie,RPG",14,12,2
1419160,"Action,Adventure",419,297,122
1906220,"Action,Free to Play,Indie,Massively Multiplayer",0,0,0
1114130,"Casual,Indie,Simulation",246,237,9
1579720,"Casual,Indie,Simulation",2,2,0
1773810,"Adventure,Indie",0,0,0
1732130,"Adventure,Casual",10,10,0
610250,"Action,Adventure,Indie",16,15,1
661200,"Action,Adventure,Indie",7,7,0
1371800,Action,6,6,0
1738100,Casual,18,16,2
1628440,"Adventure,Casual,Indie",13,13,0
37500,"Indie,Casual",25,18,7
595100,Action,55,40,15
610190,Action,179,138,41
839970,Casual,1,1,0
500690,"Indie,Strategy",22,21,1
1296880,"Adventure,Casual,Indie",3,3,0
1965660,"Casual,Indie",0,0,0
1294920,"Action,Adventure,Casual,Indie,Simulation",3,1,2
631980,"Action,Adventure,Indie,RPG",119,100,19
1181640,"Action,Adventure,Free to Play,Indie,RPG",0,0,0
1219890,"Action,Casual,Indie",1,0,1
719200,"Action,Indie,Massively Multiplayer,Strategy,Early Access",141,101,40
1687080,"Adventure,Casual,Indie",6,6,0
1361670,"Action,Casual,Indie,Simulation,Sports",46,41,5
260160,"Action,Adventure,Indie",339,254,85
566410,"Adventure,Casual,Indie",0,0,0
1554660,"Casual,Indie,Strategy",15,13,2
446620,Action,188,175,13
858960,"Action,Casual,Indie,Early Access",6,5,1
268670,"Action,Adventure,Indie,RPG,Early Access",143,48,95
597810,"Adventure,Casual,Indie,RPG,Strategy",12,9,3
1183720,Utilities,108,87,21
603420,"Action,Adventure,Casual,Indie",16,9,7
1674020,"Action,Adventure,RPG,Early Access",4,2,2
1991790,Casual,1,1,0
1663580,Casual,1,1,0
291480,"Action,Adventure,Free to Play,Massively Multiplayer,RPG,Simulation,Strategy",420,217,203
1569760,"Indie,Strategy",0,0,0
526870,"Adventure,Indie,Simulation,Strategy,Early Access",53609,52288,1321
605160,"Action,Casual,Indie",5,2,3
620330,"Action,Adventure,Casual,Indie,Racing,Simulation",4,4,0
637640,"Violent,Action,Adventure,Indie,RPG",3,1,2
1817670,"Action,Adventure,Indie,Massively Multiplayer,RPG,Strategy",2,1,1
864420,"Indie,RPG",0,0,0
1720050,"Action,Free to Play,Simulation,Strategy",0,0,0
1168660,"Casual,Indie,Racing,Simulation,Sports",186,152,34
457590,"Adventure,Casual,Free to Play,Massively Multiplayer,RPG",0,0,0
812360,RPG,4,4,0
436410,"Action,Indie,Massively Multiplayer,RPG,Early Access",6,1,5
1941890,"Adventure,Indie",4,4,0
1158310,"RPG,Simulation,Strategy",28659,26681,1978
513340,"Adventure,Indie",47,40,7
1036920,"Action,Adventure,Indie,Simulation",4,1,3
1301220,"Casual,Indie",0,0,0
1694560,"Adventure,Indie,RPG,Early Access",0,0,0
1408200,"Action,Adventure,Casual,Indie,Simulation",10,5,5
1340020,"Action,Massively Multiplayer,Racing,Simulation,Sports",7,4,3
549910,"Gore,Action,Adventure,Indie",29,19,10
563200,Strategy,121,107,14
1420680,"Casual,Indie,RPG,Strategy",4,3,1
875710,"Casual,Indie",0,0,0
792480,"Action,Casual,Free to Play,Indie,Early Access",0,0,0
1971170,"Action,Indie",0,0,0
216290,Indie,133,122,11
580410,"Casual,Free to Play,Simulation",12,6,6
1066900,Adventure,214,208,6
1111100,"Action,Casual,Indie",1,1,0
765560,"Indie,Simulation,Sports,Strategy",7,4,3
971530,"Action,Indie,RPG,Early Access",1,0,1
453820,"Action,Casual,Indie,Strategy",49,8,41
721080,"Action,Casual,Indie",5,2,3
651170,"Action,Casual,Indie",1,0,1
1994430,"Action,Adventure,Casual,Indie,RPG,Simulation,Sports,Strategy",0,0,0
690080,"Action,Indie",4,2,2
1384030,"Casual,Indie,Simulation",49,29,20
449450,"Action,Casual,Indie",17,13,4
675130,"Action,Adventure,Indie,Simulation,Early Access",5,2,3
571310,"Action,Adventure,Indie",1707,1631,76
1071800,"Action,Casual",0,0,0
2000280,"Action,Casual,Indie",11,11,0
586920,"Action,Indie,Strategy",12,7,5
1277500,"Action,Adventure,Indie,RPG",76,68,8
870450,"Adventure,Indie",3,0,3
1464850,"Action,Racing,Early Access",5,5,0
855770,"Casual,Indie,Early Access",1,1,0
1202630,"Adventure,Casual,Indie,RPG,Simulation",7,6,1
1936270,"Action,Adventure,Casual,Indie,Massively Multiplayer,Racing,RPG,Simulation,Sports,Early Access",11,6,5
1629770,"Adventure,Casual",3,3,0
987740,"Action,Indie",12,7,5
1211780,"Adventure,Indie",1,0,1
994170,"Action,Indie,RPG",0,0,0
1301250,"Action,Adventure,Indie",4,2,2
1497520,"Casual,Indie",0,0,0
1315200,"Action,RPG,Strategy",183,140,43
1070850,"Adventure,Indie",58,37,21
921800,"Adventure,Indie,RPG,Strategy",1309,1023,286
362020,"Adventure,Casual,Indie,RPG",9,7,2
1646410,Adventure,0,0,0
1479320,"Casual,Indie,Early Access",4,4,0
1294280,"Casual,Indie,Strategy",11,11,0
1237050,"Free to Play,Indie,Early Access",0,0,0
428910,"Action,Adventure,Casual,Indie,Early Access",3,2,1
1133760,"Adventure,RPG",791,450,341
3170,"RPG,Strategy",280,248,32
40400,"Indie,Strategy",810,703,107
876410,"Action,Indie",1,0,1
1966830,"Adventure,RPG,Simulation,Strategy",1,0,1
1853400,Casual,0,0,0
1825310,"Adventure,Indie",2,1,1
969480,"Action,Indie",21,21,0
258010,"Action,Indie,RPG",443,383,60
995790,"Adventure,Indie",6,4,2
789220,"Action,Adventure,Indie,RPG,Strategy,Early Access",10,3,7
1447640,"Action,Adventure,Indie",8,7,1
260309,Strategy,0,0,0
1527950,"Adventure,Indie,RPG,Strategy,Early Access",2824,2540,284
794930,"Utilities,Video Production",5,2,3
761660,"Action,Casual,Indie,Simulation",5,3,2
740250,"Free to Play,Indie,Massively Multiplayer,Animation & Modeling,Design & Illustration,Education,Software Training,Utilities,Web Publishing,Early Access",0,0,0
1595380,"Action,Adventure,Indie,Early Access",0,0,0
1808400,"Action,Free to Play",0,0,0
1494670,"Casual,Indie,Sports,Early Access",11,10,1
697250,"Action,Indie",16,8,8
521690,Strategy,2,2,0
652460,"Indie,Strategy",3,2,1
1605960,"Casual,Free to Play,Indie,Massively Multiplayer",0,0,0
1008970,"Adventure,Casual,Indie,RPG",2,1,1
825480,"Action,Adventure,Indie,RPG",4,4,0
2002480,"Casual,Indie,Racing,Simulation",0,0,0
1359800,"Action,Adventure,Indie",0,0,0
558440,"Action,Casual,Indie",3,3,0
1568180,"Adventure,Casual,Indie,Racing,Simulation",13,4,9
1119730,"Simulation,Early Access",3143,2719,424
358130,"Indie,RPG,Strategy",1115,961,154
1221620,"Indie,Strategy,Early Access",0,0,0
1742590,"Adventure,Casual,Indie",15,11,4
591920,"Casual,Simulation",6,4,2
1620700,"Action,Casual,Indie",3,2,1
991430,"Adventure,RPG,Strategy",12,12,0
873890,RPG,126,121,5
918690,"Action,Indie",3,3,0
1685260,"Adventure,Casual,Indie,RPG,Strategy",1,1,0
1414770,"Strategy,Early Access",30,24,6
823950,"Action,Adventure,Indie,RPG,Simulation,Early Access",827,498,329
717960,"Action,Casual,Indie",2,2,0
1492620,"Casual,Indie,Strategy",34,34,0
1563320,"Action,Casual,Indie,Strategy",15,13,2
1258650,Action,0,0,0
680550,"Action,Adventure,Indie",7,2,5
615550,"Action,Indie,RPG",5,4,1
1551120,"Action,Indie",1,1,0
1798320,"Action,Indie",0,0,0
384990,"Action,Indie,Simulation",61,50,11
330990,"Adventure,Casual",96,60,36
674120,"Gore,Adventure,Indie,Early Access",1,0,1
955380,"Adventure,Indie,RPG",8,1,7
912650,"Action,Indie",2,2,0
527360,"Indie,Early Access",1,0,1
682360,"Violent,Adventure,Indie",4,2,2
1457550,"Casual,Indie,Simulation",10,8,2
1299620,"Adventure,Indie,RPG",204,168,36
1438850,"Casual,Indie",15,14,1
591380,"Casual,Indie,Simulation,Strategy",295,255,40
1401070,"Casual,Indie",14,14,0
311250,"Action,Adventure,Indie",90,54,36
573280,"Adventure,Casual,Sports",0,0,0
387100,Indie,26,22,4
529580,Adventure,3,2,1
1956240,"Indie,Simulation,Early Access",2,2,0
572660,"Action,Free to Play,Indie,Strategy",5,2,3
1425260,"Adventure,Indie",3,2,1
650490,"Action,Indie",46,19,27
1852490,"Free to Play,Simulation,Early Access",0,0,0
1850790,Simulation,4,4,0
557850,"Casual,Indie",13,12,1
426190,"Action,Indie",43,30,13
605250,"Action,Adventure,Casual,Indie",21,20,1
1410640,Adventure,426,384,42
1349790,Casual,1,1,0
716600,"Indie,Racing,Sports",12,5,7
693700,"Indie,Simulation",129,111,18
1222230,"Simulation,Early Access",1,1,0
388620,"Adventure,Indie,Strategy",98,84,14
897880,"Casual,Indie",2,1,1
1340320,"Indie,RPG,Simulation",4,4,0
1743120,"Action,Casual,Free to Play,Indie,RPG,Early Access",0,0,0
262390,"Action,Adventure,Indie",533,448,85
1949640,"Adventure,Casual,Indie",0,0,0
1573500,"Action,Indie",1,0,1
327640,"Free to Play,Indie,Strategy,Early Access",5,2,3
688200,"Casual,Indie",1,0,1
1412040,"Action,Adventure,Indie",13,10,3
1700680,"Casual,Indie",1,1,0
1667110,RPG,1,1,0
884290,"Casual,Indie",4,2,2
1509460,"Casual,Indie,Racing",3,3,0
1787160,"Casual,Indie",24,23,1
859950,"Adventure,Casual,Indie",1,1,0
1828950,"Adventure,Indie,RPG",4,3,1
1609600,"Action,Adventure,Indie",1,1,0
1493660,"Casual,Indie,Strategy",0,0,0
1360850,"Action,Adventure,Indie,Massively Multiplayer,Simulation,Early Access",50,37,13
563380,"Adventure,Indie",2,2,0
370870,"Indie,Strategy",173,126,47
403410,Action,151,132,19
1259460,"Casual,Free to Play,Indie,Massively Multiplayer,Simulation,Sports,Strategy",0,0,0
1560880,"Action,Casual,Indie,Strategy,Early Access",1,0,1
1443330,"Casual,Indie,Racing,Sports",14,13,1
1799380,"Action,RPG",13,11,2
347630,"Action,Casual,Free to Play,Indie,Massively Multiplayer,RPG,Strategy",0,0,0
1161330,"RPG,Simulation,Early Access",1,1,0
449050,"Casual,Free to Play,Sports",2,1,1
1664990,Casual,1,0,1
1126470,"Casual,Indie",28,26,2
1011300,"Action,Casual,Indie",4,3,1
1177650,"Adventure,Indie,Strategy",0,0,0
1739530,"Free to Play,Indie,RPG",0,0,0
1024590,"Adventure,Casual,Indie,RPG,Simulation,Sports,Strategy",4,3,1
628140,Strategy,4,1,3
1576060,"Action,Casual,Strategy",56,48,8
984360,"Casual,Indie,Strategy",7,7,0
2057790,"Adventure,Casual,Indie",3,3,0
1352440,"RPG,Simulation,Strategy",0,0,0
1223210,"Action,Indie",2,1,1
1307370,"Adventure,Casual,Indie,RPG,Strategy",4,2,2
283310,RPG,40,28,12
1073130,"Action,Free to Play,Indie,Massively Multiplayer",1,0,1
1085630,"Action,Indie",37,32,5
1222390,"Casual,Indie",0,0,0
832140,"Action,Indie,RPG,Simulation",17,16,1
1086470,"Casual,Free to Play,Simulation",0,0,0
1177480,"Action,Indie,RPG,Early Access",0,0,0
367300,"Action,Indie",33,33,0
852780,"Free to Play,Massively Multiplayer,RPG,Strategy,Early Access",0,0,0
1386210,Casual,2,2,0
1077320,"Casual,Sports",3,1,2
1453130,"Action,Adventure,Indie,RPG,Simulation,Early Access",4,4,0
1606520,"Casual,Indie,Strategy",1,1,0
633360,"Action,Adventure,Indie",523,370,153
1935570,"Adventure,Free to Play,RPG",0,0,0
252110,"Action,Indie,Simulation",1488,1409,79
1729210,"Casual,Indie,Racing,Simulation,Sports",1,0,1
1944640,Indie,1,1,0
1346240,"Action,Casual,Indie,Strategy",23,21,2
1502380,"Simulation,Strategy",154,134,20
1497080,Strategy,7,7,0
1301720,"Adventure,Casual,Free to Play",2,0,2
1495690,"Adventure,Casual,Indie,Simulation",28,15,13
25990,"Strategy,Simulation",296,285,11
1921510,"Adventure,Casual,Indie",0,0,0
551150,"Adventure,Casual",11,11,0
907600,"Action,Indie",16,15,1
869370,"Action,Casual,Indie,RPG",2,2,0
509220,"Casual,Indie",676,619,57
1144060,"Action,Indie,Early Access",1,0,1
679620,"Adventure,Simulation",11,6,5
1612540,"Casual,Free to Play,Indie,Simulation,Early Access",0,0,0
1651000,"Action,Adventure,Casual,Indie",0,0,0
1470310,"Adventure,Casual,Indie,Simulation",31,26,5
914620,"Action,Adventure,Indie,Simulation,Early Access",4769,3790,979
1755030,"Adventure,Indie",55,51,4
1505010,"Casual,Indie",4,4,0
620,"Action,Adventure",113649,112444,1205
855160,"Casual,Simulation,Sports",2,0,2
806360,Indie,0,0,0
690820,"Action,Indie,RPG",2,0,2
1704060,"Casual,Indie,RPG,Simulation,Strategy",18,17,1
1177430,"Adventure,Free to Play,Indie",0,0,0
1003840,"Casual,Indie",1,1,0
1586290,"Action,Adventure,Indie",111,102,9
1334050,"Action,Indie,Strategy",0,0,0
1745640,"Action,Adventure,Casual,Indie",4,4,0
1095680,"Action,Indie",0,0,0
1178310,Indie,4,2,2
713180,"Adventure,Casual,Indie,RPG",31,28,3
1370850,"Casual,Indie,Racing,Simulation,Sports",6,4,2
379600,Casual,40,26,14
1635620,Casual,19,18,1
662260,"Adventure,Casual,Indie,Simulation",1,1,0
777620,Strategy,0,0,0
1855930,"Indie,Strategy,Early Access",2,2,0
1650250,"Action,Adventure,Indie,Early Access",41,38,3
1857010,"Action,Casual,Indie",1,1,0
1429670,"Adventure,Casual,Indie",0,0,0
1889500,"Adventure,Indie",1,0,1
1584750,"Action,Indie",39,30,9
1388860,"Adventure,Indie",19,15,4
1121550,"Adventure,Casual,Indie",19,15,4
875740,"Casual,Free to Play,Indie",0,0,0
824300,"Free to Play,Massively Multiplayer,RPG,Strategy",0,0,0
277390,"Action,Indie,Sports",114,101,13
1334530,"Casual,Indie,Simulation",0,0,0
939920,"Animation & Modeling,Design & Illustration,Utilities,Video Production",8,2,6
1901830,"Action,Adventure,Strategy",2,2,0
1237820,"Casual,Indie,Strategy",5,1,4
558660,"Adventure,Indie,Simulation",34,24,10
244030,Simulation,1081,567,514
1113750,"Casual,Indie,Strategy",12,4,8
776100,Adventure,2,0,2
961680,"Action,Casual,Indie,Massively Multiplayer",0,0,0
463210,"Action,Casual,Indie,Simulation",293,239,54
1724360,"Indie,Early Access",1,1,0
1708290,"Casual,Indie,RPG",0,0,0
525380,"Action,Adventure,Indie",138,90,48
906470,"Action,Indie,Early Access",15,13,2
585340,"Free to Play,Design & Illustration",1,1,0
7730,Strategy,80,47,33
1571160,"Adventure,Indie,RPG,Simulation,Strategy,Early Access",31,19,12
286140,"Adventure,Indie",149,109,40
857350,"Animation & Modeling,Design & Illustration",3,3,0
965470,Action,11,11,0
1086690,"Action,Adventure,Free to Play,Strategy",1,0,1
1656210,Adventure,2,2,0
1964880,"Casual,Indie,Simulation,Strategy,Early Access",0,0,0
491700,"Casual,Indie,Simulation",10,6,4
1386200,"Casual,Indie,Simulation",11,6,5
681580,Action,0,0,0
1292860,"Adventure,RPG",10,9,1
669660,"Adventure,Indie",65,43,22
1771930,"Indie,RPG,Early Access",1,1,0
317710,"Action,Indie",155,145,10
1850550,Indie,211,206,5
528770,Action,3,3,0
1447730,"Action,Adventure,Casual,Indie,Simulation,Early Access",1,0,1
981540,"Action,Indie,Sports",0,0,0
858180,"Casual,Indie",6,1,5
879480,"Adventure,Indie",0,0,0
1277520,"Action,Casual,Indie",0,0,0
1218850,"Free to Play,Indie",0,0,0
781810,"Casual,Indie",66,54,12
662320,"Violent,Gore,Action,Adventure,Casual,Free to Play,Massively Multiplayer",20,13,7
1785260,"Casual,Indie",1,1,0
1502110,"Action,Indie",14,11,3
1949930,"Adventure,Indie",3,2,1
1522660,"Action,Adventure,Casual,Free to Play,Indie,RPG,Simulation",0,0,0
740000,"Violent,Gore,Action,Adventure,Indie,RPG",1,0,1
543180,"Action,Indie",63,47,16
1559460,"Action,Adventure,RPG",7,7,0
760680,"Action,Indie,Racing,Simulation,Sports",5,3,2
1101000,"Adventure,Indie",4,2,2
517140,"Action,Indie",8,5,3
1341820,Adventure,169,144,25
2001670,"Action,Adventure,Casual,Indie",5,2,3
1001500,"Adventure,Indie,RPG",8,6,2
837380,"Utilities,Video Production",0,0,0
375520,"Action,Adventure,Indie",48,34,14
1455220,"Action,Adventure,RPG",59,47,12
1653890,"Adventure,Casual,Indie,RPG,Strategy",0,0,0
799830,"Action,Casual,Free to Play,Indie",0,0,0
1020520,Indie,0,0,0
1427680,Action,35,20,15
332950,"Action,Adventure,Free to Play,Indie",277,255,22
1615470,"Casual,Indie,Strategy",2,2,0
270010,"Action,Casual,Indie",246,218,28
70110,"Indie,Simulation",75,43,32
23400,"Simulation,Strategy",132,108,24
514480,"Casual,Strategy",6,4,2
416680,"Action,Indie,Strategy",846,783,63
924370,"Action,Adventure,Indie",9,3,6
1360870,"Action,Adventure,Casual",1,1,0
1101080,Indie,4,3,1
820710,"Casual,Indie",4,2,2
1289780,"Adventure,Casual,Indie",3,2,1
248730,"Action,Indie",178,139,39
1225910,"Action,Adventure,Casual,Indie,RPG",1,0,1
805480,"Action,Indie,Strategy",0,0,0
1153260,Adventure,7,5,2
6030,Action,2226,2029,197
1493720,"Casual,Indie",22,17,5
612150,"Action,Indie,Strategy",6,3,3
426170,"Action,Indie,RPG",19,12,7
1797140,"Casual,Indie",6,6,0
1215540,"Adventure,Casual,Indie,RPG",4,3,1
1017560,"Action,Casual,Indie,Massively Multiplayer,Strategy",7,6,1
877710,"Casual,Indie,Strategy",3,3,0
49330,Strategy,79,51,28
1944700,"Action,RPG,Early Access",0,0,0
1962540,Indie,10,8,2
773440,"Casual,Indie,Racing",24,18,6
1783370,"Adventure,Casual,Indie,Simulation",10,9,1
1937260,Sports,4,4,0
417480,"Action,Adventure,Casual",3,1,2
996550,"Adventure,Casual,Indie",11,11,0
1144620,"Free to Play,Indie",0,0,0
1710990,"Adventure,Casual,Free to Play,Indie",0,0,0
560770,"Action,Adventure,RPG,Strategy",2,2,0
1284740,RPG,0,0,0
956240,Simulation,1,1,0
646910,"Action,Massively Multiplayer,Racing",14904,12401,2503
300910,Action,13,3,10
1203430,"Action,Adventure,Indie",1,0,1
1847390,"Action,Adventure,Indie",0,0,0
1429890,"Casual,Simulation",0,0,0
1495140,Casual,4,3,1
1353680,"Simulation,Strategy",1,1,0
1026680,"Adventure,RPG",1454,975,479
1027530,"Action,Adventure,Indie",1,0,1
1464460,Utilities,0,0,0
1487360,"Adventure,Indie",15,15,0
689720,"Casual,Free to Play,Indie,Strategy",0,0,0
1582810,"Action,Casual,Indie",0,0,0
773660,"Action,Casual,Indie,Strategy",0,0,0
743920,"Casual,Indie,Racing,Sports",1,1,0
770170,Utilities,0,0,0
1444510,Strategy,2,1,1
692790,"Adventure,Indie",7,4,3
868010,Action,3,3,0
366640,"Action,Adventure,Indie,RPG",124,81,43
1746540,"Casual,RPG",0,0,0
1029690,"Action,Adventure",2558,2016,542
1187600,Indie,35,30,5
1402900,"Adventure,RPG",20,20,0
526430,"Adventure,Free to Play,Indie,RPG",0,0,0
1850610,"Adventure,Casual,Indie,Strategy,Early Access",1,1,0
963770,"Adventure,Casual,Indie",0,0,0
1424610,"Casual,RPG",0,0,0
1570290,"Adventure,Casual,Indie,RPG,Strategy",6,4,2
1163730,"Action,Racing,Simulation",7,6,1
363940,"Action,Indie",16,5,11
1733060,Casual,173,173,0
9480,Action,5960,4571,1389
1221050,"Animation & Modeling,Design & Illustration,Utilities,Early Access",9,5,4
1624780,"Action,Adventure,Indie,RPG",0,0,0
686290,"Action,Adventure,Casual,Indie,Sports,Strategy",0,0,0
1951970,"Adventure,Casual,Indie",5,4,1
1383490,"Action,Casual,Free to Play,Indie,Early Access",0,0,0
363020,"Animation & Modeling,Utilities",32,10,22
1457330,"Action,Casual,Indie,Racing",5,5,0
1515320,"Adventure,Indie,RPG,Simulation,Early Access",31,23,8
2017920,"Adventure,Casual,RPG,Simulation,Early Access",0,0,0
458970,"Free to Play,Indie,Strategy",0,0,0
2051820,"Action,Adventure,Indie",2,2,0
1650390,"Adventure,Casual,Indie,RPG,Simulation",2,1,1
974010,"Adventure,Free to Play,Indie,RPG",0,0,0
1058370,"Adventure,Free to Play,Indie",0,0,0
1952560,"Action,Casual",1,1,0
228960,"Indie,Strategy",182,164,18
1735010,Indie,2,2,0
1340810,"Adventure,Casual,Free to Play,Indie",0,0,0
1885080,"Action,Indie,Simulation,Strategy",1,1,0
212030,"Action,Indie",294,233,61
1666090,Indie,2,2,0
1900820,RPG,1,0,1
677730,"Adventure,Casual,Indie,RPG",11,7,4
889100,"Action,Indie",2,2,0
460810,Action,2859,2555,304
1607820,"Action,Indie",2,2,0
670020,"Action,Casual,Simulation",1,1,0
964420,Simulation,2,1,1
6510,"Action,Adventure",510,393,117
1499750,"Action,Indie,Massively Multiplayer,Early Access",6,1,5
612020,"Casual,Free to Play,Indie,Strategy",0,0,0
41014,"Action,Indie",136,120,16
1097270,Indie,3,3,0
1938200,"Casual,Indie,Simulation",10,8,2
2026580,"Action,Adventure,Simulation",1,0,1
873840,"Casual,Simulation,Strategy,Early Access",268,182,86
600550,"Action,Adventure,Casual,Indie",16,4,12
1337810,"Free to Play,Indie,Strategy,Early Access",0,0,0
773740,"Action,Adventure,Indie",78,75,3
1030240,"Adventure,Free to Play,Simulation",0,0,0
1668020,"Casual,Indie",9,8,1
1191440,"Casual,Indie,Simulation",2,1,1
1665570,"Casual,Indie,Simulation,Early Access",4,4,0
1733400,Action,0,0,0
1224710,"Adventure,Casual,Indie,RPG,Strategy,Early Access",0,0,0
1012650,"Action,Casual,Indie,Strategy,Early Access",0,0,0
1914010,"Casual,Indie",4,3,1
546820,"Casual,Indie,Simulation",11,5,6
57620,Strategy,180,98,82
479100,"Indie,Simulation,Strategy",83,42,41
408170,"Action,Indie",9,9,0
759160,"Adventure,Casual,Indie,RPG",13,6,7
1221460,"Casual,Indie,RPG,Simulation,Strategy",12,3,9
989050,Early Access,17,10,7
97130,Strategy,114,102,12
1058980,"Adventure,Casual,Indie,Simulation,Sports",14,9,5
406310,"Casual,Indie",30,16,14
666340,"Indie,Simulation,Strategy",20,17,3
1313870,Strategy,0,0,0
665930,"Action,Indie",6,4,2
1272110,"Simulation,Strategy",26,20,6
1851440,"Action,Adventure,Casual,Indie,Massively Multiplayer,Racing,RPG,Simulation,Sports,Strategy",0,0,0
536230,"Action,Indie,Strategy",2,2,0
872630,"Action,Simulation",8,1,7
876130,"Casual,Indie,Early Access",3,2,1
1424700,Indie,4,0,4
1233720,"Casual,Indie,RPG,Simulation",39,33,6
350380,"Adventure,Casual,Simulation",39,6,33
1341500,"Adventure,Casual,Indie",2,2,0
895820,"Casual,Indie,Simulation",5,3,2
1637970,"Casual,Indie,Strategy",13,10,3
1777350,"Casual,Indie,Simulation,Early Access",2,2,0
520590,"Adventure,Casual",0,0,0
655770,"Adventure,Indie,Simulation",256,250,6
569390,"Action,Indie",3,0,3
541160,"Action,Indie",9,9,0
1016420,"Action,Indie,RPG",7,5,2
411340,Accounting,1,1,0
1667290,"Casual,Indie",0,0,0
978640,Indie,14,13,1
802130,"Action,Indie,Strategy",3,3,0
1031920,Simulation,28,20,8
1244260,"Adventure,Casual,Indie",33,32,1
908070,"Indie,Strategy",218,198,20
679410,"Action,Indie",7,7,0
485770,"Indie,Early Access",0,0,0
948650,"Adventure,Casual,Indie,RPG,Strategy",4,2,2
702310,"Casual,Indie",2,1,1
882670,"Casual,Indie,RPG,Simulation,Strategy",4,2,2
1227680,"Action,Adventure,Indie",1,1,0
623590,Accounting,0,0,0
920490,Utilities,51,45,6
843990,"Action,Indie,Early Access",6,4,2
47730,RPG,49,48,1
799840,"Casual,Simulation,Strategy",19,9,10
1009590,Simulation,1,1,0
1289960,"Action,Indie",6,6,0
779870,"Action,Indie,Simulation",0,0,0
843360,"Action,Indie,RPG",12,5,7
1470930,"Action,Adventure,Indie",4,4,0
424040,"Action,Indie",15,12,3
765210,"Adventure,Indie,Simulation",80,61,19
1929550,"Action,Adventure,Casual,Indie,Simulation,Early Access",0,0,0
1758810,Casual,3,2,1
1017630,"Action,Indie",4,4,0
1566510,"Casual,Indie",0,0,0
1776500,"Casual,Simulation",0,0,0
1552020,Casual,0,0,0
1920950,"Casual,Indie",0,0,0
1880250,Simulation,0,0,0
1894320,"Casual,Simulation,Strategy",30,23,7
834030,"Action,Casual,RPG,Sports",0,0,0
908400,"Violent,Gore,Action,Adventure,Indie,RPG",1,1,0
1786800,Action,3,0,3
1302780,"Indie,Strategy",44,39,5
1577620,Simulation,171,154,17
708280,"Action,Adventure,Casual,Strategy",1,1,0
343180,Casual,8,5,3
1152280,"Action,Indie,Simulation",0,0,0
11130,Adventure,70,10,60
704840,"Action,Indie",59,54,5
1418630,"Action,Adventure,Indie",1947,1504,443
513230,"Adventure,Indie",206,77,129
1808910,"Adventure,Casual,Indie,RPG,Early Access",0,0,0
1446830,"Indie,Simulation,Strategy",0,0,0
942370,"Casual,Simulation,Sports",2,1,1
371530,"Action,Indie,RPG",13,12,1
1130660,"Action,Casual,Indie",0,0,0
1750000,"Casual,Indie",0,0,0
246920,"Action,Indie",72,60,12
1741260,"Adventure,Casual,Indie,Strategy",1,0,1
1699170,"Adventure,Casual",3,3,0
662380,"Action,Adventure,Indie",7,2,5
1632350,"Animation & Modeling,Utilities,Video Production",0,0,0
301840,"Action,Indie",381,314,67
494170,"Adventure,Casual,Indie",25,19,6
398480,"Casual,Indie",6,2,4
1909650,"Action,Casual,Free to Play,Indie,Early Access",0,0,0
452000,"Action,Simulation",13,6,7
384480,"Action,Adventure,Casual,Indie",40,35,5
2065820,"Action,Adventure",2,2,0
1619080,"Action,Casual,Indie",4,3,1
1371860,Racing,0,0,0
431610,"Action,Adventure,Indie",3,2,1
431540,"Adventure,Casual,Free to Play,Indie",16,13,3
1345140,"Indie,Simulation,Early Access",2,1,1
1249980,"RPG,Simulation",0,0,0
1460830,Free to Play,0,0,0
71161,RPG,3,3,0
659,"Action,Adventure",0,0,0
868660,"Action,Casual,Indie,Sports",6,5,1
362940,"Adventure,Indie",18,15,3
944420,RPG,2,0,2
1432020,Adventure,1,1,0
1036980,"Adventure,Casual",55,39,16
1755880,"Adventure,Indie,Simulation",55,41,14
1568440,"Action,Simulation,Strategy",0,0,0
590800,"Casual,Simulation",1,1,0
820880,"Casual,Indie,Simulation",21,13,8
1600320,"Action,Adventure,Indie,Early Access",0,0,0
952270,Indie,0,0,0
1709070,"Casual,Indie,Simulation",8,8,0
1121420,"Action,RPG,Strategy",575,534,41
269610,"Action,Adventure,Early Access,Indie,Strategy",71,42,29
834150,"Adventure,Indie",16,13,3
516570,"Indie,Simulation,Strategy",11,11,0
1746920,"Animation & Modeling,Design & Illustration,Education,Photo Editing,Software Training,Utilities,Video Production,Web Publishing,Game Development",3,2,1
1109550,"Simulation,Sports",2,1,1
1227160,"Action,Adventure,Free to Play,RPG,Early Access",49,29,20
1307780,"Adventure,Indie,RPG",0,0,0
843120,"Casual,Indie,Simulation",7,7,0
1537010,"Adventure,Casual,Indie,Simulation",0,0,0
1923180,"Action,Adventure,Casual,Indie",3,3,0
852900,"Action,Adventure,Indie",26,25,1
1227690,"Action,Indie",986,937,49
517190,"Action,Indie",1,1,0
1449370,"Adventure,Free to Play,RPG",0,0,0
1424070,Casual,15,15,0
1038670,"Adventure,Casual,Indie",4,0,4
1922360,"Adventure,Casual,Indie,Simulation",0,0,0
1199140,"Casual,Indie",25,25,0
1634740,Free to Play,0,0,0
952700,"Action,Adventure,Casual,Free to Play,Indie,Simulation,Strategy",0,0,0
808270,"Action,Casual,Indie",2,0,2
370750,"Indie,RPG,Strategy,Early Access",0,0,0
1345610,Early Access,8,7,1
853000,Indie,1,1,0
1077530,"Casual,Indie,Simulation,Early Access",118,94,24
2073820,Strategy,0,0,0
351340,"Adventure,Indie",255,182,73
322430,"Action,Adventure,Casual,Indie,Simulation,Strategy",6,1,5
809080,"Violent,Action,Adventure,Casual,Indie,RPG",7,1,6
1437520,"Adventure,Indie",3,3,0
1240040,"Casual,Indie,Strategy",3,3,0
1671710,"Casual,Sports,Strategy",6,6,0
960140,"Casual,Indie,Simulation",4,3,1
1749710,"Adventure,RPG",1,1,0
747160,Indie,11,11,0
321290,Simulation,458,389,69
1633740,"Adventure,Casual,Indie,RPG",5,3,2
916320,"Action,Indie",8,8,0
1594860,Adventure,0,0,0
907390,"Casual,Indie",0,0,0
704670,"Adventure,Indie",1,1,0
1231190,"Action,Adventure,Indie",1,0,1
1301390,"Indie,Simulation,Strategy",263,207,56
1347540,"Action,Indie,Strategy",17,10,7
564960,RPG,50,31,19
2018220,Indie,11,10,1
983040,Action,0,0,0
1222730,"Action,Simulation",16067,11653,4414
421180,"Action,Indie",3,1,2
1426160,"Adventure,Indie,RPG",5,5,0
1984610,"Action,Indie,RPG,Strategy,Early Access",42,41,1
758050,"Indie,Simulation",12,4,8
1583060,"Casual,Indie,Simulation,Strategy",1,0,1
1299820,Action,0,0,0
701040,"Action,Indie",32,32,0
1319570,"Action,Indie",10,5,5
301750,"Action,Adventure,Casual,Indie,Simulation,Strategy",19,10,9
1760700,Casual,0,0,0
1152670,"Action,Casual,Indie",6,6,0
1310350,"Casual,Free to Play,Indie,Racing",0,0,0
888630,"Action,Adventure,Casual,Indie",59,49,10
765520,"Adventure,Indie",2,2,0
1935100,"Action,Indie,Early Access",4,4,0
763930,"Adventure,Indie,RPG",73,70,3
1591860,"Casual,Indie,RPG,Simulation",3,2,1
711700,"Action,Casual,Indie,Massively Multiplayer",0,0,0
703250,"Action,Indie",1,1,0
709940,"Adventure,Casual,Indie,Strategy",6,6,0
438270,"Adventure,Indie,RPG",1231,1136,95
1417320,"Action,Indie,Strategy",9,7,2
923120,"Adventure,Casual,Indie,RPG",1,0,1
2025080,"Casual,Indie",2,1,1
649640,"Indie,Sports",398,322,76
1430810,"Action,Adventure",4,1,3
355500,"Animation & Modeling,Design & Illustration,Education,Software Training,Utilities,Early Access",1,1,0
1305380,"Adventure,Casual,Racing,Sports",10,7,3
61500,"RPG,Strategy",427,324,103
1011980,"Action,Adventure,Indie",0,0,0
1540220,Casual,123,120,3
1724180,"Action,Adventure,Indie",1,1,0
1309980,Indie,2,2,0
1614680,"Free to Play,Indie,Strategy",0,0,0
1557710,Casual,6,4,2
297450,"Action,Indie",58,26,32
1918100,"Action,Casual,Indie,Strategy,Early Access",2,2,0
600630,"Action,Adventure,Indie,RPG",27,12,15
37990,Casual,7,7,0
1214060,Casual,13,13,0
1620800,Indie,0,0,0
1282120,"Adventure,Indie",0,0,0
400650,Education,4,2,2
938340,Indie,0,0,0
796140,"Action,Indie",0,0,0
599080,"Action,Indie,Simulation",1475,1192,283
1451440,"Action,Early Access",0,0,0
1441630,"Action,Adventure,Indie",0,0,0
1567870,"Action,Casual,Strategy",0,0,0
46770,"Indie,Simulation,Strategy",206,169,37
796590,"Simulation,Strategy",19,10,9
911170,"Casual,Indie",1,0,1
1524110,"Adventure,Casual,Free to Play,Indie,Early Access",0,0,0
1966780,Casual,11,7,4
1314010,"Action,Adventure,Indie,Strategy",0,0,0
452120,"Adventure,Indie",23,19,4
438460,"Action,Casual,Indie",28,25,3
1174300,"Adventure,Free to Play,Indie",0,0,0
1367170,"RPG,Simulation",2,1,1
1010840,"Casual,Indie,Racing,Simulation,Sports,Strategy,Early Access",8,4,4
598690,"Action,Adventure,Casual,Indie,Early Access",71,46,25
1453850,"Casual,Racing,Simulation,Sports,Strategy",63,40,23
672290,"Adventure,Casual,Indie",9,6,3
1908570,"Indie,RPG",1,1,0
792500,"Action,Adventure,Indie,Early Access",5,2,3
1384110,"Casual,Indie,Strategy",11,11,0
1392130,"Casual,Indie",6,6,0
323280,Casual,36,26,10
942010,"Adventure,Indie",2,1,1
748460,"Indie,Racing,Simulation",60,51,9
728150,"Indie,Racing",7,3,4
1341160,"Action,Indie,Massively Multiplayer,Simulation,Sports,Strategy",31,21,10
1758480,"Action,Adventure,Indie,Strategy",1,1,0
692310,"Action,Casual,Indie,Sports",1,0,1
1017360,"Action,Casual,Indie,Simulation,Sports,Strategy",0,0,0
997430,"Adventure,Indie",7,6,1
1478320,"Action,Adventure,Casual,Indie",13,12,1
1886830,"Adventure,RPG",2,2,0
650860,"Adventure,Casual,Indie",40,22,18
1608820,"Indie,Sports",1,1,0
1686970,"Casual,Indie,RPG",0,0,0
1697600,Casual,6,6,0
1860700,"Casual,Indie,Racing,Simulation",11,8,3
542720,"Action,Casual",1,1,0
965000,"Action,Adventure,Casual,Indie,Racing,Simulation,Sports,Early Access",3,1,2
812170,"Action,Adventure,Casual,Indie,Strategy",2,2,0
1029210,"Action,Indie,Early Access",671,635,36
419460,"Adventure,Indie",877,779,98
726100,"Casual,Indie",0,0,0
520810,"Action,Casual,RPG,Simulation",3,0,3
1710600,"Casual,Indie",0,0,0
1262380,"Casual,Indie,Strategy",0,0,0
1223660,"Action,Adventure,Indie,Massively Multiplayer,Simulation,Early Access",3,1,2
367780,"Action,Indie",21,19,2
1518750,"Massively Multiplayer,Simulation,Strategy",0,0,0
1829640,"Adventure,Casual,Indie",0,0,0
794860,"Racing,Simulation,Sports",288,272,16
1642820,"Casual,Indie,Strategy",40,23,17
1764240,"Casual,Indie",5,5,0
437020,"Action,Indie",49,46,3
1234930,"Adventure,Indie",1,1,0
1155830,Indie,30,23,7
878580,"Action,Indie",87,65,22
981790,Casual,8,1,7
1469000,"Action,Adventure,Casual,Indie,Strategy",7,6,1
1830210,"Action,Adventure,Indie",15,12,3
658620,"Adventure,Casual",471,439,32
440550,"Action,Indie",139,124,15
979790,Indie,0,0,0
968460,"Action,Adventure,Strategy",6,4,2
1044690,"Action,Adventure,RPG,Early Access",0,0,0
281560,Adventure,11,6,5
857240,"Violent,Action,Indie,Massively Multiplayer,RPG,Strategy,Early Access",4,0,4
1095450,"Casual,Free to Play,Indie",0,0,0
962060,"Action,Casual,Indie,Strategy",1,1,0
240440,"Action,Adventure,Indie",618,565,53
561190,Indie,30,27,3
767170,"Casual,Indie",1,0,1
1586920,"Adventure,Indie",7,3,4
1482670,"Adventure,Indie,Racing,Simulation,Sports,Early Access",2,1,1
1023150,"Action,Adventure,Indie",3,3,0
663410,"Action,Casual,Indie",7,3,4
1500250,"Adventure,Casual,Indie,RPG",0,0,0
225600,"Action,Indie",1889,1322,567
346010,"Indie,Simulation",19357,18467,890
1025390,"Casual,Simulation",0,0,0
551550,"Action,Indie",13,6,7
1692290,"Action,Adventure,Indie,Early Access",3,3,0
463170,"Adventure,RPG,Simulation,Strategy",119,68,51
999180,"Adventure,Casual,Indie,RPG,Simulation",0,0,0
392370,"Adventure,Casual,Indie",5,4,1
1459960,"Action,Indie,Early Access",56,32,24
794850,"Action,Adventure,Indie",5,4,1
1578060,"Action,Casual,Indie",16,16,0
405290,"Action,Adventure,Indie,RPG",761,723,38
1651020,"Action,Casual,Indie",5,5,0
1010670,RPG,144,134,10
363520,"Action,Adventure,Indie,RPG",67,36,31
1295860,"Casual,Indie,Simulation",2,0,2
584080,"Action,Sports",0,0,0
765470,"Indie,Strategy",4,2,2
1161910,Action,9,8,1
364800,"Action,Adventure,Simulation",30,29,1
1795310,"Adventure,Casual,Indie",5,4,1
1672630,"Action,Casual",3,2,1
723540,"Gore,Action,Adventure,Indie",1,0,1
1320520,"Adventure,Casual,Simulation",2,2,0
1613220,"Action,Casual,Indie,Racing,Simulation,Sports",2,2,0
990630,"Adventure,Indie",1041,1012,29
2026170,Indie,3,3,0
1854340,Action,1,1,0
1263840,"Action,Adventure,Casual,Indie,Simulation,Sports,Strategy",12,8,4
1704540,"Indie,Simulation,Strategy,Early Access",0,0,0
871550,"Action,Casual,Free to Play,Indie,Racing",0,0,0
1103520,"Action,Adventure,Casual,Indie,RPG",6,5,1
1321760,"Adventure,Casual,Indie,RPG,Simulation",1,1,0
1422610,"Casual,Indie",77,59,18
1106140,"Indie,Racing,Sports,Early Access",171,142,29
18049,"Action,Indie,RPG",0,0,0
1472600,"Action,Adventure,Indie",21,19,2
1369870,"Action,Adventure,Indie",2,1,1
215670,"Adventure,Indie",854,596,258
1187520,"Free to Play,Strategy,Early Access",0,0,0
317920,"Casual,Indie,Strategy",2,0,2
1693380,"Action,Free to Play,Indie",0,0,0
1374400,"Action,Indie,Racing",6,6,0
1592550,"Adventure,Casual,Indie,RPG",6,6,0
625430,"Casual,Free to Play,Indie,Simulation",9,3,6
255710,"Simulation,Strategy",73321,68403,4918
1038820,"Adventure,Indie,RPG",2,1,1
1674060,"Action,Adventure,Casual,Indie,Simulation",68,61,7
893960,"Action,Casual,Indie,Simulation",4,1,3
393330,"Education,Software Training",9,7,2
373820,"Casual,Simulation,Sports",6,4,2
24460,"RPG,Strategy",23,8,15
1557550,"Adventure,Casual,Indie",1,0,1
354600,"Simulation,Strategy",26,22,4
3990,Strategy,186,174,12
396680,"Indie,RPG,Simulation",46,30,16
325300,"Action,Casual,Indie,Early Access",5,5,0
1349170,"Adventure,Indie",1,1,0
621300,Utilities,4,4,0
698620,Racing,13,10,3
1508650,Casual,2,2,0
1500060,"Simulation,Early Access",3,3,0
1574720,"Free to Play,Strategy",0,0,0
1926630,"Adventure,Casual,Indie,Simulation,Sports",4,3,1
689850,Utilities,0,0,0
349780,"Adventure,Casual,Indie,Simulation",2,2,0
1425050,"Action,Casual,Indie",2,1,1
655480,Strategy,208,201,7
785890,"Casual,Indie,Strategy",226,215,11
814620,"Action,Simulation,Strategy",3,3,0
931260,"Action,Casual,Free to Play,Indie,Strategy,Early Access",3,2,1
899020,Indie,3,2,1
861080,"Action,Adventure,Indie,RPG",4,2,2
362130,"Adventure,Casual,Indie,RPG",30,22,8
1759440,"Action,Casual,Free to Play,Indie,Early Access",0,0,0
1644190,Strategy,2,2,0
61510,"RPG,Strategy",129,102,27
38430,Action,206,157,49
718710,"Simulation,Strategy",1,1,0
1219860,"Action,Indie",11,8,3
1035280,Indie,0,0,0
938070,"Casual,Indie,Strategy",8,8,0
1539680,"Adventure,Indie,RPG",0,0,0
1421140,"Casual,Indie",12,6,6
598350,"Action,Adventure,Casual,Indie,Strategy",21,18,3
862800,"Action,Indie,Simulation,Early Access",1218,1053,165
582010,Action,78820,71929,6891
1848220,"Adventure,Indie",10,10,0
1412370,"Casual,Free to Play,Massively Multiplayer,RPG",0,0,0
454520,"Action,Indie",5,2,3
1011260,"Action,Adventure,Indie,Early Access",2,2,0
1973090,"Indie,Simulation,Strategy",2,2,0
312530,"Action,Indie",9814,9529,285
887950,"Adventure,Casual",2,2,0
2007850,"Casual,Indie",6,6,0
1839660,"Action,Casual,Free to Play,Strategy",0,0,0
1099090,"Action,Adventure,Indie",3,2,1
1852890,"Action,Adventure,Indie,RPG",11,10,1
1521020,Simulation,2,1,1
1064460,"Adventure,Indie",904,867,37
610660,"Indie,Racing,Simulation",27,19,8
689290,"Casual,Indie,Racing",14,13,1
1483090,"Action,Adventure,Casual,Indie,RPG,Simulation",3,1,2
1506100,"Adventure,Indie",6,3,3
1860440,"Action,Adventure,Indie,RPG,Strategy",0,0,0
414470,"Action,Adventure,Indie",20,14,6
569360,"Action,Indie",16,15,1
721380,"Casual,Indie,Strategy",6,6,0
895980,"Action,Adventure,Indie,RPG",0,0,0
1349120,Casual,28,23,5
505020,"Action,Indie,Massively Multiplayer,RPG,Early Access",6,4,2
721350,"Adventure,Indie",1,1,0
3720,Strategy,2168,2057,111
207420,"Action,Adventure,Indie",354,271,83
858590,"Action,Indie,Early Access",393,247,146
381340,"Casual,Indie",7,5,2
303530,"Indie,Simulation",19,12,7
1013100,"Adventure,Casual,Indie",5,5,0
1056580,"Adventure,Free to Play",0,0,0
1390350,"Action,Adventure,Indie",4248,4140,108
1637230,"Action,Adventure,RPG",46,24,22
1857970,"Action,Adventure,Casual,Free to Play,Strategy,Early Access",0,0,0
1092190,"Simulation,Sports",4,1,3
965890,"Adventure,Indie",0,0,0
474050,"Casual,Indie",8,5,3
1644580,"Casual,Indie,Simulation",4,2,2
222480,"Action,Adventure",2196,1844,352
1699830,"Casual,Free to Play,Indie,Strategy",0,0,0
1549180,Action,3271,2319,952
1469960,"Action,Adventure,Indie",8,8,0
444670,"Action,Indie,Racing",61,53,8
883830,Casual,6,5,1
733670,"Violent,Action,Indie",4,2,2
1119740,Action,2,2,0
1398510,"Action,Adventure,Casual,Indie",1,0,1
638650,RPG,570,477,93
1690340,"Action,Indie,RPG,Strategy,Early Access",2,2,0
1278210,"Action,Indie,Strategy",38,37,1
1538680,"Casual,Indie",20,20,0
485820,Indie,40,19,21
852310,"Action,Indie",0,0,0
875830,"Adventure,Indie",21,16,5
753980,"Adventure,Indie,RPG",0,0,0
70500,"Action,Adventure,Casual,Indie",27,24,3
1095790,"Casual,Indie,RPG,Simulation",1,1,0
572430,"Action,Adventure,Indie,Simulation,Strategy",405,291,114
527950,"Action,Indie,Massively Multiplayer,RPG,Early Access",10,4,6
394430,"Action,Indie",17,15,2
966560,"Action,Adventure",57,34,23
1679330,"Action,Casual,RPG,Strategy,Early Access",1,1,0
589380,"Action,Indie",6,4,2
240360,"Action,Adventure,Casual",38,27,11
910200,Casual,4,3,1
61600,"Indie,Casual",183,173,10
1650590,Adventure,59,56,3
1523990,"Action,Adventure,Casual,Indie,RPG",74,31,43
487370,"Casual,Indie",57,43,14
1295420,"Action,Indie,Early Access",0,0,0
1486120,"Casual,Free to Play",0,0,0
1048830,"Action,Adventure,Casual,Free to Play,Massively Multiplayer,Racing,RPG,Simulation",0,0,0
653920,Action,1,1,0
1752690,"Adventure,Casual,Free to Play,Indie,Simulation,Early Access",0,0,0
909460,Video Production,1,1,0
330020,"Action,Adventure,Indie,RPG",4772,4342,430
1712030,"Action,Indie",1,1,0
605100,"Action,Indie,Racing",16,7,9
870030,"Action,Casual,Indie",1,1,0
1245380,"Adventure,Casual,Simulation,Sports",7,5,2
752240,"Indie,Early Access",0,0,0
946800,"Adventure,Casual,Indie",28,16,12
358840,"Action,Indie",7,3,4
1525390,"Action,Indie,RPG,Strategy",0,0,0
1821430,"Action,Casual,Indie",0,0,0
750270,"Action,Indie,Simulation",0,0,0
1925310,"Adventure,Casual,Indie",3,3,0
1938460,"Adventure,Casual,Indie,Simulation",3,2,1
1908870,"Indie,Simulation",0,0,0
447310,"Casual,Indie,Simulation",47,35,12
1314140,"Casual,Simulation",164,125,39
1560960,"Adventure,Indie",0,0,0
1902050,"Action,Adventure,Indie,Simulation",8,4,4
1942860,"Action,Casual,Indie",0,0,0
1211540,"Action,Adventure,Indie",18,17,1
1141100,"Indie,RPG",50,44,6
1317310,Indie,9,8,1
1497820,"Adventure,Casual,Indie,Strategy",10,10,0
802900,"Adventure,Indie",13,8,5
1706890,"Casual,Indie,RPG,Strategy",1,1,0
774161,Adventure,12,7,5
1739420,"Indie,Sports,Strategy",0,0,0
424830,"Action,Indie",2,1,1
422650,"Action,Adventure,Indie,RPG,Strategy",17,8,9
1608110,Casual,14,9,5
1496350,"Casual,Indie",5,3,2
836330,"Casual,Indie,Simulation",27,21,6
34470,Strategy,0,0,0
734890,"Adventure,Casual,Indie",2,2,0
1044170,"Action,Casual,Indie",17,2,15
348650,"Action,Indie",13,1,12
1449750,"Action,Free to Play,Indie,RPG",0,0,0
545930,Simulation,15,4,11
1853810,"Action,Adventure,Casual,Strategy",3,2,1
7000,"Action,Adventure",1417,1232,185
432990,"Action,Indie",5,5,0
1849380,Simulation,4,3,1
1362890,"Casual,Indie,Strategy",0,0,0
1047120,"Casual,Indie",10,10,0
304930,"Action,Adventure,Casual,Free to Play,Indie",2946,2668,278
1165090,Casual,3,3,0
1049420,"Casual,Free to Play,Indie,RPG,Simulation",0,0,0
1624910,Casual,0,0,0
777360,"Action,Casual,Indie,Early Access",0,0,0
1038430,Adventure,1,1,0
487030,"Adventure,Indie,Strategy",17,13,4
920500,"Action,Adventure,Casual",0,0,0
1794740,"Action,Adventure,Indie,Simulation",3,2,1
293760,"Indie,Racing,Simulation,Strategy,Early Access",5654,5223,431
496610,"Casual,Indie",4,2,2
1156570,"Action,Adventure,Indie",0,0,0
1927920,"Casual,Indie,Simulation,Early Access",22,6,16
1538600,"Action,Adventure,Indie",4,3,1
815100,"Action,Indie",0,0,0
373360,"Action,Adventure,Indie",31,21,10
1158420,"Casual,Indie,Simulation,Strategy",394,320,74
638310,Education,3,2,1
1835690,"Action,Free to Play",0,0,0
1358030,"Action,Casual,Early Access",15,15,0
1659300,"Action,Casual,Indie,Early Access",3,3,0
1043370,Action,0,0,0
1488440,"Indie,Early Access",0,0,0
379960,Casual,82,56,26
857860,"Adventure,Indie,Early Access",8,7,1
1148270,Adventure,1,1,0
1138970,"Action,Indie,RPG",39,34,5
905380,"Adventure,Casual,Indie,RPG,Strategy,Early Access",1,1,0
1813730,"Action,Adventure,Early Access",0,0,0
1370310,"Action,Adventure,Indie,RPG",0,0,0
1571330,"Action,Indie",3,3,0
767560,"Action,Free to Play",0,0,0
421170,"Action,Indie,RPG",1008,757,251
897270,"Casual,RPG",0,0,0
1171110,"Adventure,Casual,Indie,RPG",0,0,0
1021370,"Adventure,Indie,RPG",4,4,0
1594810,"Casual,Indie",2,1,1
1091320,"Adventure,Free to Play,Indie",0,0,0
1754480,"Action,Free to Play,Indie,Strategy,Early Access",0,0,0
905880,"Action,Adventure,Casual,Indie,RPG,Strategy",6,5,1
447850,"Adventure,Casual,Indie",28,13,15
1565090,"Indie,RPG,Strategy",4,4,0
697950,"Action,Casual,Indie,Simulation,Strategy",8,6,2
926580,Strategy,296,230,66
449220,"Action,Casual,Indie",31,27,4
459160,"Free to Play,Massively Multiplayer,RPG",4,3,1
344180,"Action,Early Access",40,28,12
1437860,"Action,RPG,Simulation,Strategy",2,1,1
1512660,Adventure,0,0,0
983610,Indie,1,0,1
809240,"Adventure,Casual,Indie,Strategy",25,20,5
1985500,"Adventure,Casual,Free to Play,Indie",0,0,0
885970,Strategy,5145,3853,1292
1305130,"Adventure,Indie",5,5,0
1904330,"Adventure,Indie,RPG",18,13,5
1016250,Indie,18,13,5
1648230,"Casual,Indie,Strategy",9,8,1
289780,"Free to Play,Massively Multiplayer,RPG",3,2,1
1396500,"Action,Adventure,Indie,Strategy,Early Access",0,0,0
867920,"Action,Adventure,Casual,Indie,RPG",1,1,0
858440,"Action,Adventure,Indie",3,2,1
818360,"Adventure,Indie,RPG",1,1,0
845650,"Action,Adventure,Indie,Racing,Strategy",1,1,0
614090,Action,5,4,1
1459850,Indie,2,2,0
1707410,"Action,Adventure,Indie,Early Access",3,3,0
504490,Action,7,3,4
656210,"Casual,Indie,Strategy",42,28,14
1677630,"Action,Casual,Indie",2,2,0
835720,"Violent,Gore,Action",0,0,0
1012460,"Adventure,Indie",40,18,22
356530,"Adventure,Indie",138,123,15
1800980,"Action,Adventure,Casual,Indie",3,3,0
575770,"Action,Adventure,Indie,RPG",4,1,3
496360,"Racing,Simulation,Sports",3,0,3
897410,"Indie,RPG,Simulation,Sports,Strategy",294,179,115
1789460,"Indie,Early Access",0,0,0
1490620,Action,1,1,0
813440,"Action,Free to Play,Indie,Simulation,Sports",0,0,0
1292070,"Casual,Indie",4,3,1
526470,"Adventure,Indie",0,0,0
1194690,"Animation & Modeling,Design & Illustration,Education,Software Training,Utilities,Web Publishing,Game Development,Early Access",7,1,6
234940,"Adventure,Casual,Indie",281,227,54
1344430,"Action,Adventure,Indie,RPG",4,4,0
1380890,"Action,Casual,Indie,RPG,Early Access",0,0,0
274230,"Action,Indie",848,583,265
667530,"Action,Casual,Free to Play,Indie,Simulation,Sports,Early Access",0,0,0
1875810,"Action,Adventure,Casual,Indie,Strategy,Early Access",18,13,5
1113340,Adventure,2,1,1
802550,"Action,Casual,Indie,Strategy",0,0,0
971690,"Action,Casual,Indie",70,65,5
885590,Indie,0,0,0
1921200,Indie,3,2,1
1135860,"Action,Adventure,Indie,RPG,Simulation,Strategy",3,2,1
1449010,"Casual,Indie",0,0,0
908740,"Action,Adventure,Massively Multiplayer,RPG,Early Access",87,48,39
791290,"Casual,Indie,Early Access",2,2,0
972910,Indie,15,12,3
1136830,"Action,Indie,Racing",4,2,2
602930,"Casual,Indie",15,6,9
1353710,Utilities,3,3,0
696710,"Adventure,Casual,Indie",6,6,0
1028410,"Action,Indie",1,0,1
1480650,"Action,Adventure,Casual,Indie,Strategy",10,7,3
656530,"Indie,Simulation,Sports,Strategy,Early Access",94,11,83
336730,"Adventure,Indie",9,4,5
989550,Action,113,88,25
1622600,"Adventure,Indie,Simulation",2,1,1
352170,"Action,Indie,Racing,Simulation",21,8,13
1912170,"Action,Casual,Free to Play,Indie,Strategy",0,0,0
1050520,Indie,8,8,0
1794760,"Indie,Strategy,Early Access",11,9,2
1822770,"Indie,Early Access",4,3,1
1399620,"Action,Adventure",1,1,0
1494920,"Adventure,Free to Play,Indie,RPG",0,0,0
497440,"Action,Adventure,Casual",79,34,45
788730,Casual,1,1,0
870180,"Casual,Indie,Strategy",7,4,3
1481080,Adventure,666,640,26
458830,"Indie,Simulation,Sports,Strategy,Early Access",150,89,61
1482680,"Indie,Early Access",7,2,5
1862790,"Adventure,Casual,Indie,Simulation",3,2,1
1089110,"Action,Adventure,Casual,Indie",12,11,1
1716940,"RPG,Strategy,Early Access",120,85,35
419130,"Action,Indie,RPG",53,44,9
886950,"Action,Adventure,Casual,Simulation",8,6,2
972740,Adventure,167,131,36
1609310,"Action,Adventure,Casual,Indie",15,6,9
706880,"Casual,Indie,Strategy",18,13,5
762900,"Action,Indie,Racing,Early Access",6,2,4
1824390,"Casual,Indie",10,10,0
1222750,"Casual,Indie,Early Access",31,28,3
1408110,Indie,14,12,2
925120,"Casual,Indie",0,0,0
1194230,"Action,Adventure,Casual,Indie,RPG,Strategy",0,0,0
354160,Racing,130,72,58
1776170,"Action,Indie,Simulation,Sports,Early Access",9,9,0
229520,"Casual,Indie,Strategy",188,120,68
1384630,"Action,Adventure,Indie,RPG",297,225,72
1259310,"Action,Indie",4,4,0
872380,"Casual,Indie,Simulation,Strategy",11,10,1
1526490,"Casual,Indie,RPG",47,20,27
742540,"Casual,Indie",9,8,1
1373710,"Action,Adventure,Indie",1,0,1
1486190,"Casual,Indie,RPG,Early Access",0,0,0
1397000,Action,5,5,0
328740,"Action,Adventure,Indie,RPG,Early Access",15,5,10
1364610,"Adventure,Indie,Strategy",1,0,1
1988210,"Casual,Indie",0,0,0
1364280,Adventure,1,1,0
1925700,Action,2,2,0
1515750,"Action,Indie",0,0,0
1846340,Simulation,2,2,0
735850,"Casual,Free to Play,Indie,Simulation",0,0,0
1761790,"Casual,Indie,Simulation",2,2,0
718680,"Casual,Indie",4,3,1
700460,"Action,Adventure,Casual,Indie",1,1,0
465000,"Action,Indie,RPG",37,24,13
585310,"Action,Casual,Indie,Strategy,Early Access",2,1,1
798290,"Racing,Simulation,Sports",237,180,57
37370,Casual,5,4,1
1473170,"Action,Casual,Indie",3,2,1
741670,"Action,Indie,Simulation,Strategy",479,397,82
532980,"Adventure,Indie",28,28,0
925290,"Action,Indie",0,0,0
1170910,Indie,0,0,0
729300,Indie,29,29,0
983050,"Design & Illustration,Utilities",13,12,1
1758550,"Adventure,Casual,Strategy",0,0,0
458470,"Adventure,Casual",197,187,10
407060,"Casual,Free to Play,Massively Multiplayer,Simulation",15,12,3
428630,Indie,76,22,54
1214850,Indie,19,18,1
1229200,"Casual,Indie",0,0,0
1597110,"Action,Adventure,Indie",0,0,0
702300,Casual,3,3,0
658610,"RPG,Strategy",1,0,1
324730,"Adventure,Indie,RPG",20,15,5
390660,"Action,Indie",142,106,36
38170,Casual,22,21,1
1264970,"Indie,Strategy,Early Access",153,141,12
733770,"Action,Racing",15,4,11
1203930,"Indie,Simulation,Strategy,Early Access",594,479,115
977590,"Adventure,Indie,RPG",4,1,3
1847830,"Action,Casual,Indie",0,0,0
1299810,"Action,Indie",17,17,0
1586300,"Action,Adventure,Indie",12,9,3
652330,"Action,Adventure,Free to Play,Indie,Early Access",0,0,0
962650,"Adventure,Casual,Indie,RPG",0,0,0
1595090,Strategy,5,3,2
2008870,"Adventure,Free to Play,Indie",0,0,0
1286860,"Action,Adventure,Indie,Simulation,Early Access",0,0,0
1473830,"Adventure,Casual,Strategy",0,0,0
848150,"Action,Adventure,Indie,Early Access",2,0,2
1723930,"Action,Adventure,Casual,Indie,RPG,Simulation,Early Access",11,9,2
1125770,"Indie,Simulation",1,0,1
672010,"Action,Adventure,Indie,Early Access",1,1,0
1871090,"Action,Adventure,Indie",6,6,0
1181910,"Adventure,Casual",8,8,0
434090,"Casual,Simulation,Strategy",19,5,14
1241910,"Indie,Simulation,Strategy",58,37,21
970610,"Action,Casual,Free to Play,Massively Multiplayer,Strategy,Early Access",0,0,0
525740,"Action,Adventure,Casual",16,14,2
847230,"Indie,RPG",5,4,1
790820,"Action,RPG,Strategy",1940,1735,205
418300,"Action,Adventure,Indie",175,143,32
1094580,"Free to Play,Indie",0,0,0
1814780,"Adventure,Casual,Free to Play,Simulation",0,0,0
533740,"Casual,Indie",1,0,1
1772340,Indie,1,1,0
874380,"Casual,Indie,Strategy",15,4,11
1488080,"Casual,Indie,RPG",5,4,1
1781580,"Action,Casual,Indie,Early Access",1,1,0
1548630,Casual,1,1,0
1658880,"Adventure,Indie,Early Access",1,1,0
342890,"Casual,Strategy",38,20,18
1465050,"Adventure,Casual,Simulation",27,24,3
387130,"Action,Indie,Early Access",4,1,3
1392430,Simulation,3,2,1
1929630,Adventure,0,0,0
937020,"Adventure,Casual,Indie,RPG,Strategy",1,1,0
1413600,Indie,2,2,0
1629190,"Action,Adventure,Indie",5,4,1
829560,Indie,17,16,1
792000,"Casual,Indie,Strategy",3,2,1
898810,"Casual,Indie",0,0,0
1157780,"Action,Indie,Simulation",3,3,0
548360,"Casual,Racing",9,6,3
1328850,"Action,Casual,Indie",0,0,0
200150,"Casual,Strategy",227,115,112
396930,"Action,Adventure,Indie,Strategy",8,4,4
42680,Action,4509,3899,610
1339330,"Casual,Free to Play",0,0,0
898830,"Action,Indie,RPG",4,4,0
350810,"Action,Casual,Indie,Simulation,Strategy",70,57,13
565030,"Casual,Free to Play,Indie,Racing,Simulation,Early Access",18,16,2
658470,"Action,Casual,Indie,Massively Multiplayer,Strategy",53,37,16
603250,"Action,Adventure,Casual,Indie,Strategy",7,4,3
1203500,"Action,Adventure,Casual,Indie",5,4,1
874040,"Adventure,Indie",79,62,17
502380,"Action,Adventure,Casual,Indie,Strategy",5,0,5
1122180,"Action,Adventure,Indie",28,20,8
1464730,Indie,22,20,2
63800,"Adventure,Indie,RPG,Strategy",215,128,87
1623380,"Action,Casual",3,3,0
727540,"Action,Adventure,Casual,Indie",2,2,0
1194910,"Adventure,Casual,Indie,Early Access",3,3,0
255960,"Adventure,Simulation",71,64,7
1250510,"Casual,Indie",0,0,0
1447580,"Action,Adventure,Casual,Indie",9,8,1
968870,"Adventure,Indie",234,169,65
1530650,"Action,Adventure,Casual,Indie,RPG,Simulation",91,74,17
1482880,Indie,1,1,0
1151440,"Adventure,RPG,Simulation,Strategy",243,238,5
1827180,"Free to Play,Massively Multiplayer,RPG",0,0,0
1158500,Strategy,13,7,6
756590,RPG,99,89,10
444410,"Action,Adventure,Casual,Indie,Simulation",19,10,9
1094400,"Action,Indie",13,12,1
617850,"Action,Adventure,Indie,RPG,Simulation,Strategy,Early Access",115,68,47
1357840,Adventure,15,11,4
1973740,"Action,Adventure,RPG",0,0,0
851490,"Action,Adventure,Casual,Indie",0,0,0
625730,"Indie,Simulation,Strategy",19,12,7
299170,Adventure,31,12,19
1409760,"Action,Adventure,Indie,Early Access",1,1,0
802870,Adventure,301,289,12
391640,"Casual,Indie,Simulation",16,9,7
466270,Indie,25,23,2
745450,"Casual,Indie,Simulation",0,0,0
975660,"Action,Casual,Indie,Strategy",15,8,7
895400,"Action,Adventure,Indie,Massively Multiplayer,Early Access",11581,9222,2359
494020,Indie,2,1,1
482450,Action,311,278,33
804780,Simulation,5,4,1
856570,"Indie,RPG,Early Access",23,23,0
1611890,"Action,Casual,Indie,Racing",1,0,1
258890,"Action,Adventure,Casual,Indie",286,228,58
1285580,"Action,Adventure,Casual,Indie,Strategy",2,2,0
925280,"Action,Casual,Indie",1,1,0
971480,"Adventure,Casual,Indie,Simulation",24,21,3
237470,Strategy,96,54,42
433340,"Action,Adventure,Indie,Simulation",46268,45380,888
1047220,"Adventure,Casual,Indie",587,576,11
1196970,"Action,Adventure,Indie",5,4,1
650350,"Indie,Simulation,Early Access",141,76,65
442210,"Action,Indie,Racing",100,90,10
1546550,Action,0,0,0
1821530,"Action,Adventure,Casual,Indie,RPG,Strategy",1,1,0
436220,"Action,Indie",119,111,8
1764960,"Action,Adventure",7,4,3
1805590,"Adventure,Casual,Indie",13,8,5
586600,"Adventure,Indie,RPG",11,2,9
1134070,Indie,0,0,0
1848160,Indie,12,8,4
1985950,"Action,Indie",1,0,1
1281530,"Casual,Indie,Simulation",23,21,2
1822500,"Action,Casual,Indie",0,0,0
1721520,"Action,Adventure,Casual",0,0,0
1799060,Casual,0,0,0
828270,"Casual,Indie,Strategy,Early Access",4,3,1
1072050,"Action,Indie",1,0,1
709370,"Violent,Action,Indie,Simulation",1,1,0
289520,"RPG,Strategy",324,202,122
1843550,"Action,Adventure,Indie",14,6,8
499580,"Action,Indie",0,0,0
1560130,"Action,Adventure,Casual",7,7,0
292800,"Adventure,Casual",234,229,5
440950,"Action,Adventure,Indie,RPG,Simulation",12,6,6
1310650,"Adventure,Indie",5,4,1
485610,Sports,499,437,62
979530,"Adventure,Indie,Simulation",6,5,1
1226610,Strategy,1,1,0
2012170,"Action,Adventure,Indie,RPG,Strategy",0,0,0
932480,"Casual,Indie,Simulation,Audio Production,Education,Software Training,Utilities,Game Development",8,7,1
985530,"Action,Casual,Indie,Simulation,Sports",8,4,4
744980,"Free to Play,Massively Multiplayer,Sports,Early Access",0,0,0
358070,"Indie,Simulation",128,116,12
1777280,"Casual,Indie,RPG,Strategy,Early Access",7,7,0
1501500,"Casual,Indie",0,0,0
404410,"Action,Adventure,Free to Play,RPG,Simulation",70,65,5
979480,"Adventure,Indie",41,35,6
687260,Adventure,495,438,57
972200,"Adventure,Casual,Indie,RPG",0,0,0
1345350,"Casual,Indie,Strategy",15,15,0
1150670,Strategy,0,0,0
1124710,"Action,Indie",6,5,1
1560750,Indie,1,1,0
1927090,Simulation,4,2,2
792800,"Action,Adventure,Casual,Indie",4,3,1
1372530,"Indie,Simulation,Strategy,Early Access",575,499,76
956540,"Action,Casual,Free to Play,Indie",0,0,0
651610,"Action,Indie",0,0,0
318100,"Action,Casual,Free to Play,Indie,Massively Multiplayer,Strategy",463,237,226
575950,"Action,Indie",177,112,65
1487470,Adventure,0,0,0
791960,"Action,Casual,Indie",6,6,0
769160,"Action,Casual,Indie,Simulation,Early Access",1,1,0
560730,"Adventure,Casual",22,11,11
2063010,"Adventure,Casual,Indie,Simulation",0,0,0
1824010,"Casual,Indie,Strategy",10,10,0
568330,Indie,3,1,2
1213390,"Action,Adventure,Indie,RPG,Simulation,Strategy",27,14,13
400350,"Action,Simulation,Strategy",32,23,9
1559750,"Adventure,Simulation",7,4,3
675530,"Action,Adventure,Casual,Indie",1,1,0
1378840,Simulation,1,1,0
1509400,"Indie,Racing,Simulation",3,2,1
1380820,Indie,2,2,0
1930110,Casual,0,0,0
1689870,"Adventure,Casual",83,83,0
1572100,"Casual,Indie",2,2,0
1522120,"Action,Adventure,Casual,Indie",0,0,0
1447570,"Action,Casual,Indie",5,4,1
1971820,Casual,4,2,2
1934330,"Action,Adventure,Casual,Indie,Early Access",4,4,0
871290,"Casual,Simulation",4,3,1
1167140,"Adventure,Indie,RPG,Simulation,Strategy",274,227,47
296830,"Action,Adventure,Indie,Simulation",684,412,272
696460,"Casual,Indie,Racing",27,21,6
495990,"Adventure,Casual,Indie",34,27,7
531860,"Casual,Indie",2,1,1
1820030,"Free to Play,Racing,Early Access",0,0,0
1158280,"Action,Casual,Indie,Simulation,Strategy",57,49,8
1300600,"Action,Indie",67,66,1
1126340,"Indie,Early Access",5,4,1
1384480,"Casual,Indie",1,1,0
1351200,"Action,Indie",0,0,0
496550,"Action,Casual,Indie,Massively Multiplayer",217,93,124
998330,"Casual,Simulation,Animation & Modeling,Design & Illustration,Utilities",19,13,6
1196440,"Casual,Indie",28,28,0
1628010,"Adventure,Free to Play,Massively Multiplayer,RPG,Early Access",0,0,0
1942480,"Adventure,Casual",1,1,0
1428680,"Action,Adventure,Casual,Free to Play,Indie",1,0,1
1478180,"Adventure,Casual,RPG,Strategy",18,18,0
509390,"Action,Casual,Indie",11,5,6
688750,"Adventure,Casual,Indie,RPG,Strategy,Early Access",1,0,1
1032830,"Action,Adventure,Indie",53,47,6
905560,"Casual,Indie",0,0,0
1686500,"Design & Illustration,Utilities,Game Development",8,0,8
1974020,"Casual,Strategy,Early Access",0,0,0
1469700,"Casual,Indie",4,4,0
527260,"Action,Adventure,Indie",6,5,1
246940,"Indie,Strategy",258,58,200
360040,"Casual,Indie,RPG",8,5,3
1259380,"Simulation,Strategy",84,74,10
504100,"Action,Casual,Indie,Simulation",17,9,8
1406110,"Action,Adventure,Indie,RPG",3,3,0
1763230,"Action,Adventure,Casual,Free to Play,RPG",0,0,0
1585830,Action,31,28,3
1590500,"Adventure,RPG,Early Access",0,0,0
1405270,"Action,Adventure,Indie",3,3,0
889150,"Casual,Indie",1,1,0
1423340,"Action,Adventure,Indie",3,0,3
941020,"Action,Adventure,Indie,Simulation,Sports,Early Access",50,42,8
930860,Indie,1,0,1
46270,"RPG,Strategy",101,67,34
811910,"Action,Casual,Indie",13,12,1
282880,"Casual,Indie,Strategy,Early Access",56,32,24
968550,"Casual,Simulation,Strategy",54,46,8
350770,"Action,Indie",88,51,37
372560,Adventure,3,2,1
673240,"Action,Adventure",39,29,10
1418440,"Action,Adventure,RPG",3,1,2
1571660,"Adventure,Casual,Indie",5,4,1
864810,"Action,Adventure,Casual,Indie,Simulation",8,4,4
720600,Casual,5,4,1
1162670,"Indie,Simulation,Strategy",23,11,12
1454110,"Action,Adventure,Casual,Indie",1,0,1
1890480,"Action,Adventure,Indie",0,0,0
981960,"Casual,Indie",19,13,6
387370,"Indie,Simulation,Strategy",255,173,82
417840,"Adventure,Casual",7,0,7
211440,Indie,156,134,22
867790,"Action,Indie,Simulation",2,2,0
340810,"Action,Adventure,Casual,Free to Play,Indie,Massively Multiplayer,RPG,Early Access",7,5,2
1656820,Action,10,7,3
1271030,Action,0,0,0
1476870,"Action,Indie,Simulation,Strategy,Early Access",1,1,0
1437160,"Action,Casual,Indie",2,2,0
492410,"Action,Indie",17,13,4
1509350,"Casual,Indie,Simulation",35,30,5
427660,"Adventure,Indie",110,77,33
748150,"Adventure,Casual,Simulation",12,10,2
25500,"Indie,Simulation,Sports",80,36,44
740570,"Casual,Indie",27,20,7
461360,"Action,Adventure,Indie,RPG,Strategy",20,15,5
776780,"RPG,Strategy",5,4,1
1446450,Casual,12,7,5
1843920,"Casual,Indie,Simulation,Strategy",3,2,1
1086160,"Action,Casual,Indie",35,31,4
918000,"Adventure,Indie,RPG,Strategy",0,0,0
1569090,"Simulation,Strategy",297,275,22
1376040,Indie,8,5,3
1892240,Adventure,2,2,0
1069740,"Action,Adventure,Indie,Early Access",2631,2437,194
1538650,Casual,2,2,0
1186040,"Action,Indie",577,412,165
1315710,Indie,5,5,0
339820,"RPG,Early Access",3,0,3
10240,Adventure,15,9,6
1066230,"Adventure,Free to Play,Indie",0,0,0
917600,"Adventure,Casual,Indie,RPG,Simulation,Early Access",4,1,3
1046770,"Animation & Modeling,Design & Illustration,Utilities,Game Development",34,28,6
1206570,"Action,Adventure,Indie,RPG",4,3,1
555130,"Casual,Indie",2,0,2
1972670,"Casual,Indie",0,0,0
552670,"Adventure,Casual",2,1,1
1020610,"Action,Adventure,Indie",1,0,1
836580,"Action,Adventure,Early Access",17,6,11
1707690,"Action,Adventure,Casual,Indie",1,1,0
997030,"Action,Indie",11,9,2
1052870,"Casual,Indie,Simulation,Sports,Strategy",7,7,0
1479090,"Adventure,Casual,Indie",1,1,0
623460,"Adventure,Casual",2,1,1
1694820,"Indie,RPG",5,3,2
690150,"Action,Adventure,Indie",28,23,5
814510,"Casual,Indie",1,1,0
789710,Indie,0,0,0
1866970,"Action,Adventure,Indie",1,1,0
1752610,"Adventure,Indie,Simulation",14,14,0
768580,"Action,Indie,Racing,Sports",7,6,1
1889660,"Action,Adventure,Free to Play,Indie,Early Access",0,0,0
1792280,"Action,Adventure,Indie",3,3,0
1739970,"Adventure,Casual,Free to Play,Massively Multiplayer,RPG,Strategy",0,0,0
789620,"Action,Adventure,Casual,Free to Play,Indie,RPG",0,0,0
1745750,"Adventure,Indie",0,0,0
958200,"Action,Casual,Indie",2,2,0
1032580,"Adventure,Indie",6,6,0
1515450,"Adventure,Casual",6,1,5
1984390,Action,9,2,7
517130,Indie,392,340,52
846690,"Adventure,Casual",36,32,4
823360,"Casual,Indie",8,6,2
1159890,"Action,Adventure,Racing,Sports",1,1,0
1375540,"Action,Adventure,Casual,Indie",0,0,0
457710,"Action,Racing",134,32,102
1492570,"Action,Casual,Indie,Racing",4,3,1
1387150,"Adventure,Casual",7,6,1
906370,"Action,Indie",5,5,0
279640,"Indie,Strategy",37,28,9
1933740,RPG,98,92,6
1759840,Casual,0,0,0
2004800,Adventure,0,0,0
1749840,"Adventure,Casual,Indie,RPG",0,0,0
1743580,"Adventure,Indie",5,4,1
1141840,"Casual,Indie,Simulation",2,2,0
546900,"Action,Strategy",53,24,29
686380,"Violent,Gore,Action,Adventure,Indie",5,1,4
1851380,"Action,Adventure,Free to Play,Indie,Simulation",0,0,0
1380310,"Adventure,Casual,Free to Play,Indie",0,0,0
970810,Casual,3,2,1
1616870,"Action,Indie",2,1,1
1028300,"Action,Adventure,Indie",19,19,0
660940,"Action,Adventure,Indie",1,0,1
891360,"Action,Massively Multiplayer",159,120,39
852720,"Action,Casual,Indie",11,7,4
1544360,"Adventure,Casual,Indie",1380,1116,264
368360,"Adventure,Casual,Indie,Simulation,Strategy",3152,2518,634
1339360,"Adventure,Indie",4,2,2
368180,"Action,Casual,Indie,Racing,Simulation",97,75,22
1289300,"Free to Play,Strategy",0,0,0
1049680,"Action,Casual,Indie",1,0,1
1594010,"Action,Adventure,Indie",19,15,4
875300,"Free to Play,Indie,RPG",0,0,0
1190400,"Action,Adventure",271,230,41
654070,Adventure,11,6,5
1746230,"Action,Strategy",0,0,0
588050,"Casual,RPG,Simulation",2,1,1
817820,"Adventure,Indie",5,5,0
860890,"Indie,Simulation,Strategy",1964,1807,157
1595630,"Adventure,Casual,Indie,Simulation",1,0,1
553150,"Adventure,Casual,Indie",7,2,5
1570160,Casual,17,17,0
508950,"Action,Adventure,Indie",6,5,1
1637370,Adventure,58,55,3
392260,"Indie,RPG",83,63,20
1052560,"Adventure,Casual,Indie",1,0,1
1639690,"Indie,RPG",2,1,1
1331310,"Adventure,Indie",1,1,0
632070,"Adventure,Indie",512,399,113
1604300,"Action,Indie",48,47,1
1292410,"Indie,RPG",10,10,0
884550,"Violent,Gore,Action,Free to Play,Indie,Early Access",0,0,0
1054460,"Action,Indie,Early Access",0,0,0
433630,"Casual,Indie,Early Access",37,27,10
1968270,Action,1,1,0
407530,"Action,Adventure,Indie,Massively Multiplayer,RPG,Strategy",1453,1016,437
1746830,"Casual,Indie",1,1,0
1844100,"Casual,Free to Play,Indie",0,0,0
1668530,"Action,RPG",5,5,0
985680,"Indie,Strategy",0,0,0
1137750,"Action,Adventure,Casual,Indie,RPG,Simulation,Early Access",142,115,27
888740,"Violent,Action,Indie,Simulation",3,2,1
1276090,"Adventure,Casual,Indie,Simulation,Strategy,Early Access",1,0,1
365480,"RPG,Strategy",43,28,15
1027720,Indie,3,3,0
1219140,Video Production,0,0,0
908420,"Violent,Action,Adventure,Indie",1,1,0
261030,Adventure,10867,10368,499
1163170,Utilities,4,4,0
627670,"Action,Indie",11,11,0
1194890,"Action,Indie,RPG,Strategy",0,0,0
1153510,Utilities,0,0,0
12500,Casual,556,475,81
1075430,"Adventure,Casual,Free to Play,Indie",0,0,0
435040,"Adventure,Casual,Strategy",17,15,2
391390,"Violent,Gore,Action,Adventure,Indie",11,9,2
1646480,"Casual,Free to Play,Indie,Simulation",0,0,0
212200,"Action,Adventure,Casual,Free to Play,Massively Multiplayer,RPG,Simulation",36,20,16
912370,"Casual,Indie,Sports",48,35,13
274250,"Indie,Sports",275,222,53
1604370,"Adventure,Casual,Indie,Strategy",1,0,1
1974320,"Casual,Indie",9,9,0
947080,"Adventure,Simulation",0,0,0
1350030,"Action,Adventure,Casual,Indie,RPG",0,0,0
1714440,"Action,Adventure,Indie,Strategy",27,24,3
531640,"Casual,Free to Play,Massively Multiplayer,Strategy",146,119,27
292840,Casual,28,25,3
787970,"Casual,Indie,Simulation",32,27,5
770790,"Action,Casual,Indie",0,0,0
401280,"Action,Adventure,Indie",17,16,1
619430,"Indie,Strategy,Early Access",82,31,51
851790,"Indie,Simulation,Strategy",16,12,4
1348510,"Action,Adventure,Casual,Indie,RPG,Strategy",0,0,0
610680,"Action,Casual,Simulation",57,29,28
867730,"Casual,Indie,Racing",11,4,7
1832030,"Casual,Simulation",3,3,0
1728320,"Action,Adventure,Indie,Strategy",5,3,2
1331400,Action,0,0,0
1137110,"Action,Indie",10,9,1
1393780,Utilities,10,10,0
519020,"Indie,Strategy",3,2,1
969530,RPG,4,4,0
949000,"Action,Casual,Free to Play,Indie,Early Access",0,0,0
1978090,Action,0,0,0
1413540,"Adventure,Free to Play,Indie,Strategy",0,0,0
621050,"Action,Casual,Indie",20,6,14
1596980,Indie,16,14,2
729580,"Casual,Free to Play,Indie,Simulation,Sports",7,7,0
856110,"Action,Indie",8,7,1
739410,"Action,Indie",10,4,6
1316060,"Action,Adventure,Indie",2,0,2
564210,"Action,Indie,Massively Multiplayer",14,8,6
831250,"Casual,Indie,Sports,Strategy",6,2,4
627950,RPG,17,6,11
1304550,"Casual,Indie",455,422,33
262590,"Action,Adventure,Strategy",103,87,16
651490,"Adventure,Casual,Indie",77,58,19
645820,Indie,36,26,10
606800,"Casual,Indie,Simulation,Strategy",2554,2052,502
1360130,"Indie,Simulation,Strategy",0,0,0
1192910,"Casual,Indie",5,5,0
1214360,"Adventure,Casual,Free to Play,Indie,Racing",0,0,0
556280,"Action,Casual,Indie",73,50,23
1672240,"Adventure,Casual",2,2,0
1905430,Action,8,8,0
362620,"Indie,Simulation,Strategy,Early Access",4004,3783,221
1723820,"Action,Indie,Simulation,Strategy",3,2,1
974200,"Adventure,Casual,Free to Play,Indie,RPG,Simulation,Strategy",0,0,0
1011110,Game Development,0,0,0
1522070,"Action,Adventure",4,4,0
485650,"Casual,Free to Play,Indie",5,2,3
713160,"Action,Adventure,Indie",49,46,3
682960,"Violent,Gore,Indie",0,0,0
694230,"Casual,Indie",0,0,0
1980570,"Action,Indie",2,0,2
889170,"Action,Indie",22,17,5
1251970,"Indie,Simulation,Sports,Strategy",70,59,11
805840,Indie,2,2,0
252550,"Adventure,Casual,Indie",323,272,51
692360,Casual,30,23,7
964700,"Casual,Indie,Simulation",8,7,1
879160,"Action,Free to Play,Massively Multiplayer",1476,987,489
737050,"Adventure,Indie,RPG",36,34,2
450600,"Casual,Simulation",21,11,10
1267920,"Action,Indie,RPG,Strategy",0,0,0
1077230,Indie,0,0,0
1338770,Action,1950,1660,290
1831100,"Casual,Indie",3,2,1
1549160,"Adventure,Casual",12,10,2
652150,"Violent,Gore,Action,Adventure,Casual,Indie,Simulation,Strategy,Video Production",62,60,2
2001280,Indie,17,14,3
1912760,"Casual,Indie",0,0,0
55230,Action,17096,16189,907
48950,Strategy,256,226,30
351080,"Simulation,Strategy",44,30,14
1839570,"Adventure,Indie",21,9,12
1514000,"Casual,Indie",5,5,0
1513390,"Indie,RPG,Strategy",0,0,0
1746340,"Action,Strategy",0,0,0
386140,"Action,Adventure,Indie,RPG",21,17,4
1138850,"Action,Adventure,Indie,Simulation",783,750,33
1425410,"Free to Play,RPG,Strategy,Early Access",0,0,0
437710,"Adventure,Casual,Indie",3,3,0
1694260,"Simulation,Strategy,Early Access",29,28,1
398710,"Action,Casual,Indie",1579,1457,122
1592810,"Casual,Indie,Racing",1,1,0
37260,Adventure,62,58,4
1474120,"Action,Adventure,Indie",23,23,0
1431380,"Action,Adventure,Casual,Indie,Early Access",2,2,0
1750690,Action,0,0,0
1873420,"Casual,Indie",0,0,0
1196940,"Casual,Simulation",8,7,1
1282650,"Adventure,Casual,Indie,RPG",25,24,1
1167570,"Action,Casual,Free to Play,Racing",0,0,0
1772820,"Action,Adventure,Casual,Free to Play,Indie",0,0,0
427700,"Action,RPG",115,109,6
1288070,Indie,9,9,0
694550,"Casual,Free to Play,Indie,Simulation",0,0,0
577390,"Free to Play,Simulation",0,0,0
1314300,"Action,Adventure,Casual,Indie,Simulation",43,36,7
1130560,"Action,Adventure,Casual,Indie,RPG,Simulation,Early Access",54,40,14
1628130,Adventure,124,91,33
927050,"Adventure,Indie",0,0,0
1299420,Indie,8,8,0
1179420,"Simulation,Sports",9,5,4
1284510,"Action,Adventure,Casual,Indie,Racing,RPG,Simulation,Sports,Strategy",7,4,3
996770,"Action,Casual,Indie,Simulation",457,379,78
358370,Action,32,29,3
966870,"Free to Play,Simulation",9,7,2
213176,"Action,Adventure,Free to Play,Massively Multiplayer,RPG",0,0,0
287720,"Adventure,Casual",71,46,25
583190,"Indie,Strategy",19,18,1
1206140,"Action,Adventure,Indie",2,0,2
1105240,"Adventure,Casual,Free to Play,Indie,Strategy",0,0,0
1796570,"Action,Indie",0,0,0
760650,"Adventure,Indie,RPG,Simulation,Strategy",787,504,283
1118000,Indie,9,8,1
332810,"Adventure,Casual",6,5,1
1481020,"Action,Adventure,Casual",4,4,0
1805490,"Casual,Indie,Strategy",0,0,0
1167320,"Action,Adventure,Indie,RPG,Strategy",185,144,41
324610,"Adventure,Indie",17,3,14
1452220,"Casual,Indie",10,9,1
1126990,"Simulation,Sports",123,91,32
809040,"Action,Casual,Indie",0,0,0
754810,"Free to Play,Simulation",1,1,0
913260,"Casual,Indie",4,2,2
1002580,"Adventure,Casual,Indie",1,1,0
1786470,"Action,Indie,Early Access",0,0,0
603630,"Casual,Simulation,Sports,Early Access",0,0,0
1481160,"Adventure,Indie",1,1,0
1847970,"Action,Adventure,Free to Play,Indie",0,0,0
458920,"Casual,Simulation",161,85,76
1198020,"Action,Adventure,Casual,Indie,RPG,Strategy,Early Access",1,0,1
937870,Action,21,13,8
633600,"Adventure,Indie,RPG",27,26,1
1717130,"Adventure,Casual,Indie,RPG,Simulation,Sports,Strategy",1,0,1
1031560,"Casual,Indie",0,0,0
1703140,"Casual,Indie",15,14,1
1556870,"Casual,Indie,Sports",225,182,43
1140530,Action,3,2,1
1814670,"Action,Adventure,RPG",10,8,2
1221980,Education,0,0,0
234330,"Casual,Free to Play,RPG",14,7,7
1654310,"Action,Adventure,Indie,Strategy",1,1,0
764050,"Action,Adventure,Free to Play,Indie,Massively Multiplayer,Simulation,Strategy",544,434,110
508450,Racing,237,124,113
1287800,Action,0,0,0
1024720,"Adventure,Indie,RPG",1,0,1
1806840,"Adventure,Casual,Free to Play,Indie",0,0,0
909430,"Casual,Free to Play",0,0,0
772460,"Adventure,Casual,Free to Play,Indie,RPG",0,0,0
251130,"Indie,RPG,Strategy",1280,1187,93
1720650,Casual,0,0,0
928990,"Action,Adventure,Indie,RPG",110,84,26
765240,"Action,Casual,Indie,Strategy",0,0,0
221260,"Adventure,Casual,Indie",4036,3856,180
882460,"Action,Casual,Indie,Strategy",4,1,3
802200,"Action,Free to Play,Indie",0,0,0
735500,"Action,Adventure,Indie",18,8,10
538560,"Adventure,Casual,Indie,Simulation,Strategy",12,0,12
1287530,"Indie,Simulation,Strategy,Early Access",210,176,34
1616050,RPG,1,1,0
312010,"Action,Adventure,Indie",162,146,16
769690,"Indie,Simulation",28,19,9
1742350,"Casual,Indie,Simulation",0,0,0
1567800,Adventure,4,4,0
581130,"Adventure,RPG,Simulation,Strategy",0,0,0
862850,"Action,Indie,RPG",3,1,2
978780,"Casual,RPG,Simulation",2330,2220,110
1184320,"Casual,Free to Play",0,0,0
744630,"Adventure,Casual,Simulation,Strategy",1,0,1
1301860,"Action,Adventure,Indie,Simulation",5,4,1
1067250,Indie,2,0,2
1486520,"Casual,Indie",4,3,1
798560,"Adventure,Indie,Simulation",10,3,7
1423060,"Action,Casual,Indie",18,16,2
1944250,"Adventure,Casual",2,2,0
1740670,"Animation & Modeling,Design & Illustration,Utilities,Video Production",3,2,1
1418100,"Free to Play,Massively Multiplayer,RPG",2486,1703,783
1515730,"Casual,Indie",2,2,0
1600900,"Casual,Indie",13,12,1
1522080,"Action,Indie",72,64,8
765060,"Action,Indie",13,12,1
1085390,"Adventure,Indie,Racing,RPG,Simulation,Sports,Early Access",5,1,4
1522850,"Adventure,Casual,Indie,Strategy",9,8,1
1424660,Casual,103,101,2
1102680,Indie,12,7,5
650700,"Adventure,Casual,Free to Play,Indie",0,0,0
1564470,"Casual,Indie",0,0,0
622910,"Adventure,Indie,RPG",0,0,0
592100,"Indie,Strategy",25,18,7
1855270,"Casual,Indie,Simulation",30,17,13
1662800,Action,0,0,0
1123140,Casual,45,30,15
925900,"Casual,Indie,Strategy",2,1,1
1683580,"Action,Adventure,Indie",8,8,0
1580380,"Action,Adventure,Casual,Indie,Racing,Simulation",3,3,0
1683100,"Action,Adventure,Indie",64,53,11
1390190,"Indie,Simulation",353,334,19
1591050,"Action,Adventure,Indie",13,12,1
290530,"Action,Indie",258,205,53
1291330,"Adventure,Casual,Indie,Simulation",46,39,7
344480,Indie,129,126,3
364970,"Animation & Modeling,Design & Illustration,Education,Software Training,Utilities",24,16,8
1223910,"Simulation,Sports",52,23,29
42700,Action,8779,7937,842
1380850,"Adventure,Casual,Simulation",4,1,3
1530440,"Action,Adventure,Indie,Simulation,Strategy",4,3,1
395760,"Design & Illustration,Utilities",53,41,12
273790,Simulation,5,2,3
1532510,"Adventure,Indie,RPG",189,186,3
1680260,Casual,1,1,0
1187130,"Indie,RPG",8,5,3
1212760,"Indie,Simulation,Early Access",0,0,0
892990,"Casual,Indie,Simulation",39,39,0
25010,Action,184,161,23
1345810,"Casual,Indie",1,0,1
1711940,"Action,Casual,Indie,Strategy",2,1,1
1701950,"Action,Casual,Simulation",3,2,1
958210,"Animation & Modeling,Design & Illustration",26,18,8
544970,"Adventure,Indie",298,283,15
1425330,"Adventure,Casual,Indie",0,0,0
879420,"Action,Adventure,Indie",1207,795,412
1143610,"Action,Adventure,Casual,Free to Play,RPG",0,0,0
1449690,Adventure,1860,1814,46
489050,"Action,Adventure,Indie,Simulation",5,1,4
1399760,"Action,Indie",1,1,0
1185680,"Adventure,Casual,Indie",14,5,9
752800,"Adventure,Indie,RPG",17,16,1
339690,"Action,Indie",3,3,0
257220,Adventure,63,47,16
869470,"Action,Adventure,Casual,Indie",6,6,0
359510,"Adventure,Indie",961,927,34
1009900,"Action,Adventure,Indie,Early Access",2,1,1
330660,"Action,Indie,Simulation",13,9,4
914090,"Casual,Indie,RPG",5,3,2
1462810,"Racing,Simulation,Sports",367,274,93
1584540,Casual,14,14,0
297920,"Simulation,Strategy",232,175,57
1736900,"Casual,Indie,Sports,Strategy",15,9,6
1491190,"Adventure,Casual,Indie,RPG",6,6,0
724430,"Action,Indie,Simulation",33,13,20
1096570,Adventure,734,592,142
12340,Adventure,53,29,24
496160,"Action,Racing",0,0,0
758560,"Violent,Gore,Action,Indie,Early Access",14,14,0
820910,"Casual,Indie,Strategy",64,58,6
984870,"Action,Casual,Indie",1,1,0
1286600,"Casual,Indie",6,5,1
1365390,Indie,27,22,5
340520,"Action,Indie",296,265,31
1968660,Casual,0,0,0
386870,"Adventure,Casual,Indie",49,31,18
1485870,"Adventure,Free to Play,Indie",0,0,0
1499400,Action,2,2,0
1600470,"Adventure,Indie",1,1,0
948740,Adventure,2537,2358,179
754760,"Casual,Indie",0,0,0
806950,"Action,Indie,Simulation,Strategy",333,205,128
442120,Simulation,633,591,42
1516050,"Design & Illustration,Photo Editing,Utilities,Game Development",47,44,3
1587200,"Casual,Free to Play,Indie",0,0,0
909100,"Casual,Free to Play,Indie,Simulation",1,1,0
1311650,"Action,Adventure,Indie,RPG,Early Access",4,2,2
1084930,"Action,Indie",9,9,0
432370,Indie,65,47,18
979910,"Casual,Indie,Sports",7,3,4
1379160,"Casual,Indie,Strategy",0,0,0
1898210,"Adventure,Casual,Free to Play,RPG",0,0,0
1169770,"Action,Adventure,Indie",2,1,1
319560,"Indie,Strategy",209,156,53
906110,Action,43,43,0
2800,Strategy,171,135,36
1618230,"Casual,Simulation",17,14,3
507010,"Action,Adventure,Indie,Simulation",1733,1344,389
1127460,"Indie,Massively Multiplayer",720,269,451
931120,"Casual,Indie",3,1,2
1304300,"Casual,Indie",1,1,0
278100,Action,166,144,22
313400,"Action,Indie",150,145,5
989650,"Casual,Indie,Strategy",4,0,4
897640,"Action,Adventure,Indie",26,20,6
1195230,"Adventure,Casual",26,25,1
421870,"Casual,Indie",10,8,2
1503040,"Indie,Simulation",78,53,25
12450,Adventure,20,12,8
933840,"Indie,Racing,Simulation,Sports",3,1,2
535380,"Action,Casual,Indie",19,17,2
1580890,"Adventure,Indie,RPG",1,0,1
1018270,"Indie,Simulation,Strategy",26,12,14
536470,Indie,20,17,3
1481600,"Action,Casual,Indie,Racing,Sports",2,2,0
1237060,"Free to Play,Indie",0,0,0
731930,"Casual,Simulation",9,7,2
1514660,"Casual,Free to Play,Indie,Sports",0,0,0
1124010,"Action,Casual,Free to Play,Indie,Early Access",0,0,0
515690,"Adventure,Indie,RPG",21,9,12
569210,"Sexual Content,Nudity,Adventure",8,5,3
225260,"Action,Adventure,Strategy",4742,4429,313
756360,"Violent,Gore,Indie,Massively Multiplayer,Early Access",43,25,18
1330830,"Casual,Indie,Simulation,Strategy",11,4,7
369270,"Action,Casual,Indie,Simulation,Sports,Early Access",17,15,2
916010,"Action,Adventure,Casual,Indie,RPG",2,2,0
578310,"Action,Free to Play,Indie,Massively Multiplayer",125,89,36
1397180,"Adventure,Indie,RPG,Early Access",0,0,0
258520,"Adventure,Indie",3897,3380,517
857570,"Indie,RPG,Simulation,Strategy",3,0,3
1363600,"Action,Adventure,Indie",10,8,2
1259300,Simulation,0,0,0
1633010,"Action,Indie,Strategy,Early Access",3,1,2
1571360,"Action,Casual,Indie",1,1,0
1263530,Casual,2,0,2
774501,"Simulation,Sports",2,2,0
629690,"Action,Adventure,Indie,RPG",443,386,57
209190,"Action,Indie",328,289,39
653850,"Action,Adventure,Casual,Indie,RPG",0,0,0
1231880,"Action,Adventure,Indie",655,609,46
1226470,"Action,Free to Play,Massively Multiplayer,RPG,Strategy,Early Access",60,29,31
974870,"Action,Adventure,Indie",24,22,2
1204580,"Adventure,Indie",4,4,0
498370,"Casual,Indie,Sports",2,0,2
813450,"Action,Indie",30,27,3
995660,Utilities,16,7,9
764470,"Action,Adventure,Indie",6,4,2
549760,"Action,Casual,Indie,Strategy",18,13,5
761620,"Adventure,Indie,Simulation,Strategy",651,545,106
1267960,"Adventure,Casual,Indie,Simulation",0,0,0
1959660,"Action,Adventure,Indie,Early Access",0,0,0
582810,"Action,Indie,Simulation",85,52,33
1865050,"Adventure,Indie",12,12,0
1190690,"Action,RPG",0,0,0
3820,Action,209,136,73
950300,"Action,Adventure",55,46,9
1411150,"Action,Casual,Indie",0,0,0
200020,Action,59,22,37
1398220,"Action,Indie,Strategy,Early Access",1,1,0
1150550,Casual,18,17,1
751640,"Action,Adventure,Indie",39,36,3
254320,"Indie,Simulation,Strategy",1534,1371,163
878020,Indie,39,33,6
1975890,"Adventure,Casual,Indie,RPG,Early Access",3,3,0
668790,"Action,Casual,Indie,Massively Multiplayer",3,2,1
712770,"Action,Free to Play,Indie",0,0,0
1506410,"Casual,Free to Play,Simulation",0,0,0
1141020,"Adventure,Casual,Free to Play,Indie",0,0,0
1548600,"Action,Adventure,Simulation",25,17,8
1104660,"Action,Adventure,Indie",981,892,89
464450,Action,292,276,16
1368850,"Casual,Strategy",35,23,12
948100,"Action,Indie",6,5,1
1970530,Indie,18,10,8
1116580,Indie,219,201,18
1153170,"Action,Indie",0,0,0
618010,"Indie,Simulation,Sports",17,16,1
1801370,"Adventure,Casual,Indie,Simulation,Early Access",1,1,0
1927380,"Action,Adventure,Indie",13,12,1
1889760,"Adventure,Casual",0,0,0
1779130,"Action,Adventure,Casual,Free to Play,Racing",0,0,0
251370,"Action,Indie",307,293,14
1372010,"Action,Indie",4,4,0
1776730,"Indie,Simulation,Strategy",3,0,3
1881340,"Action,Free to Play",0,0,0
1567200,"Action,Massively Multiplayer,Simulation",42,32,10
684680,"Action,Casual,Indie",59,50,9
720020,"Action,Adventure,Indie",1,1,0
319300,Casual,20,13,7
1027690,"Casual,Indie,Early Access",1,0,1
892640,Action,2,2,0
1928600,"Casual,Indie",2,0,2
1508260,"Indie,RPG",22,17,5
378260,"Action,Indie,Strategy",66,47,19
894420,"Action,Adventure,Indie",20,19,1
1995220,"Casual,Indie,Simulation,Early Access",1,1,0
456760,"Action,RPG",18,15,3
1267400,"Adventure,Indie",23,20,3
676570,"Action,Casual,Indie,Sports",1,0,1
1679740,"Adventure,Casual,Indie,Simulation",19,14,5
1382020,"Action,Adventure,Indie",0,0,0
598480,"Adventure,Indie",17,6,11
738480,"Adventure,Indie",0,0,0
1501900,"Casual,Free to Play",0,0,0
1104050,"Casual,Indie,Simulation",10,2,8
1336130,"Casual,Indie",3,1,2
1675910,"Casual,Education",4,1,3
1050240,Casual,14,9,5
661740,"Action,Adventure,Indie",51,37,14
652810,"Action,Indie",26,25,1
487630,Indie,15,8,7
35600,"Adventure,Casual,Strategy",62,29,33
2067730,"Action,Adventure,Indie,RPG,Simulation,Early Access",12,6,6
1419110,Simulation,8,6,2
1940490,"Action,Casual,Indie",1,1,0
1518300,"Action,Adventure,Indie",14,10,4
316600,"Action,Indie",198,186,12
304390,Action,36361,25083,11278
891870,"Casual,Simulation",10,7,3
1001450,"Adventure,Indie",0,0,0
794640,"Indie,Early Access",3,2,1
1519660,"Action,Indie",9,6,3
1679870,"Adventure,Casual",18,16,2
1606770,"Indie,Strategy",5,4,1
1644600,"Casual,Indie,Simulation,Early Access",4,3,1
1556610,Casual,17,14,3
1789210,"Action,Adventure,Casual,Indie,Simulation,Strategy,Early Access",1,1,0
395570,"Action,Adventure,Casual,Indie,Massively Multiplayer,RPG,Strategy",228,139,89
492200,"Indie,Sports",3,3,0
897150,"Action,Indie,Racing",0,0,0
1310990,"Adventure,Indie",19,19,0
1413300,"Casual,Indie",5,4,1
1394040,"Adventure,Casual,Indie,Early Access",0,0,0
329790,"Free to Play,Strategy",2,2,0
686170,"Action,Casual",0,0,0
39190,RPG,1612,1265,347
1568490,"Action,Adventure,Indie,RPG",0,0,0
434860,RPG,4,3,1
1357610,"Casual,Indie,Simulation,Strategy",191,148,43
1024950,"Action,Indie,Simulation,Early Access",15,12,3
1623410,"Action,Adventure,Casual,Indie,Simulation",0,0,0
227260,Utilities,589,511,78
213610,Action,9112,8071,1041
1156680,"Action,Casual,Indie,Racing,Simulation",5,3,2
936170,"Casual,Indie,Strategy",5,5,0
1501830,"Action,Casual,Strategy,Early Access",1,1,0
1433210,Indie,5,5,0
1238360,"Adventure,Casual,Indie",22,19,3
1678550,"Adventure,Indie,Simulation",0,0,0
338830,"Indie,RPG,Strategy",26,12,14
24800,Strategy,923,792,131
1281130,"Casual,Indie,Strategy",0,0,0
1029560,"Action,Indie",10,10,0
405830,"Action,Adventure",1181,1103,78
1506600,"Casual,Free to Play,Indie",1,0,1
696020,"Adventure,Casual",3,3,0
1653030,RPG,3,2,1
807840,"Casual,Indie",0,0,0
1137040,"Action,Casual,Indie,Simulation,Early Access",3,3,0
2005780,"Casual,Free to Play,Indie,Strategy,Early Access",0,0,0
1259480,Education,1,1,0
1571750,"Action,Casual,Indie,Early Access",1,1,0
1158450,"Action,Casual,Indie",0,0,0
460190,"Action,Casual,Indie",8,8,0
1990900,"Casual,Indie,Strategy",4,3,1
1648560,"Adventure,RPG",11,10,1
1071950,"Action,Adventure,Indie",0,0,0
546870,"Strategy,Early Access",5,3,2
1286170,"Action,Adventure,Indie,RPG,Strategy",2,1,1
736470,"Action,Adventure",12,10,2
395480,"Action,Adventure,Casual,Indie,Early Access",1,1,0
1448610,"Action,Indie",114,100,14
1644280,"Adventure,Indie",8,8,0
1385100,"Adventure,Indie,Simulation,Strategy",251,212,39
731300,Action,0,0,0
406830,Software Training,1,1,0
744940,"Violent,Adventure,Indie",18,6,12
427780,"Adventure,Casual,Indie,Strategy",18,8,10
273110,"Action,Casual,Free to Play,Massively Multiplayer",173,101,72
566940,Casual,8,7,1
520840,Utilities,15,7,8
350330,"Casual,Indie",0,0,0
347830,RPG,1239,1110,129
1764030,"Casual,Indie",2,2,0
820310,"Action,Adventure,Casual,Indie,RPG,Strategy",5,1,4
1147280,"Action,Indie",5,4,1
525610,"Casual,Indie,Simulation,Early Access",132,72,60
765290,"Action,Indie",0,0,0
1775850,Action,1,1,0
448240,"Action,Casual,Indie,Simulation",303,172,131
1602880,"Action,Adventure,Casual,Indie,RPG",6,3,3
1524810,"Casual,Free to Play,Indie,Racing",0,0,0
26500,"Indie,Casual",198,177,21
923230,"Adventure,Indie",8,6,2
1690500,"Action,Casual,Indie",3,3,0
1230980,"Action,Adventure,Free to Play,Massively Multiplayer,RPG",0,0,0
1264740,"Adventure,Free to Play,Indie",0,0,0
1057990,"Action,Casual,Free to Play,Indie,Simulation,Sports",0,0,0
534190,"Action,Adventure,Free to Play,Indie",7,6,1
1495060,Casual,0,0,0
591930,"Indie,Strategy,Early Access",21,13,8
1161490,"Racing,Simulation,Sports",933,842,91
297290,"Adventure,Casual,Indie",68,56,12
394990,"Action,Indie",1,0,1
401760,"Indie,Strategy",99,67,32
450740,"Action,Indie",17,7,10
1271910,"Action,Adventure,Casual,Indie,Early Access",2,2,0
1529100,"Action,Adventure,Casual,Indie",3,0,3
1515800,"Action,Indie",4,4,0
1239780,"Casual,Indie",0,0,0
1198510,"Action,Indie",152,147,5
1368970,"Free to Play,Indie,Simulation",0,0,0
690710,"Action,Indie",11,10,1
1449070,"Adventure,Indie,RPG,Strategy,Early Access",9,9,0
1983450,"Action,Adventure,Indie",0,0,0
476020,"Adventure,Indie",50,31,19
527160,Simulation,133,79,54
613190,"Action,Adventure,Indie,RPG",340,276,64
1979160,"Action,Free to Play",0,0,0
927250,"Action,Adventure,Casual,Indie,RPG",422,381,41
1709460,"Action,Casual,Indie,Strategy",19,18,1
1078510,"Adventure,Casual,RPG",118,105,13
1671390,"Adventure,Indie,Simulation",9,9,0
1633830,"Adventure,Indie",15,10,5
543300,"Adventure,Casual",2,1,1
912990,Casual,0,0,0
1150040,"Action,Casual,Free to Play,Indie",0,0,0
461380,"Adventure,Casual,Indie,RPG",23,11,12
307930,"Casual,Indie,Simulation,Strategy",38,19,19
1393220,"Indie,Simulation,Strategy",3,0,3
569810,"Adventure,Indie",98,86,12
1857040,"Action,Adventure,Casual,Indie",1,1,0
850880,"Action,Casual,Indie,Sports",2,2,0
391540,"Indie,RPG",99453,96005,3448
1188290,"Action,Adventure,Indie,Simulation",1,0,1
879090,"Action,Adventure,Indie,RPG",2,1,1
1397790,"Action,Adventure,Indie,Early Access",303,290,13
316660,"Action,Casual,Indie,Strategy",19,18,1
1049090,Adventure,5,4,1
1900720,"Indie,Strategy,Early Access",2,2,0
415150,"Action,Casual,Strategy",62,51,11
1912190,"Action,Adventure,Casual,Indie,RPG,Simulation",3,1,2
1664580,"Action,Indie,RPG,Early Access",0,0,0
581920,Sports,6,2,4
977290,"Casual,Indie",1,1,0
1247910,"Action,Adventure,Indie,RPG,Strategy",7,5,2
447540,"Action,Indie",2,0,2
359350,"Adventure,Indie,Racing",238,214,24
2002700,"Indie,Strategy",1,1,0
1466190,"Action,Casual,Indie,RPG",14,7,7
1699130,"Adventure,Indie",5,3,2
535460,"Casual,Indie,Simulation",47,44,3
790410,"Adventure,Casual,RPG",164,106,58
907520,Design & Illustration,0,0,0
934710,"Casual,Free to Play,Indie,RPG,Strategy,Accounting,Animation & Modeling,Audio Production,Design & Illustration,Education,Photo Editing,Software Training,Utilities,Video Production,Web Publishing,Game Development",0,0,0
1844280,"Casual,Indie",5,5,0
1371750,"Simulation,Strategy",115,107,8
1631350,"Action,Adventure,Indie",23,23,0
1477020,"Casual,Indie,Simulation,Sports",42,28,14
975600,"Casual,Indie,RPG",5,4,1
1148150,"Adventure,Indie,Simulation",687,595,92
405640,Indie,5883,5583,300
1261490,Strategy,1,1,0
211420,"Action,RPG",32162,28639,3523
1141860,"Action,Adventure,Indie,RPG,Strategy,Early Access",1,1,0
1825340,"Action,Free to Play,Indie",0,0,0
601110,"Adventure,Casual,Indie",3,1,2
971280,"Action,Adventure,Casual,Indie,Strategy",2,2,0
680190,"Action,Casual,Indie",4,4,0
1758200,"Action,Free to Play,Indie",0,0,0
1743940,"Adventure,Casual,Indie",2,2,0
1077630,"Indie,Simulation,Sports,Strategy",27,19,8
447040,"Action,Adventure",15931,13102,2829
1609100,"Indie,RPG",0,0,0
1019590,"Action,Indie",63,61,2
836700,"Casual,Simulation",5,3,2
1452410,"Action,Adventure,Free to Play,Indie",0,0,0
2006440,"Action,Indie",6,5,1
1408310,"Casual,Indie,Simulation,Strategy",1,1,0
1069640,"Action,Indie,RPG,Simulation",1852,1376,476
1638220,RPG,25,23,2
473780,Indie,9,8,1
1266980,"Action,Casual,Free to Play,Indie,Racing",0,0,0
280930,"Action,Casual,Indie,Strategy",66,60,6
779140,"Action,Indie,RPG",5,4,1
513000,"Action,Adventure,Free to Play,Indie,Massively Multiplayer",39,19,20
1527920,"Action,Indie",7,5,2
868520,"Action,Adventure",1413,1364,49
458500,Casual,2,1,1
727900,"Adventure,Simulation,Strategy",4,3,1
1445120,"Casual,Indie,Strategy",14,6,8
1462860,"Casual,Indie",11,10,1
262790,"Action,Indie,RPG",380,320,60
962370,"Adventure,Casual,Indie",1,1,0
1621690,"Adventure,Casual,Indie,RPG,Early Access",5788,5503,285
538900,Indie,2,2,0
1062550,"Action,Adventure,Indie,Simulation,Strategy,Early Access",5,5,0
951930,Indie,0,0,0
1581700,"Adventure,Casual,Indie",0,0,0
1586330,"Action,Indie,RPG",4,1,3
552200,"Action,Casual,Indie",8,8,0
512120,"Action,Adventure,Indie,Early Access",15,9,6
1166840,"Adventure,Indie,RPG",56,53,3
1052670,"Casual,Indie,Simulation,Strategy",3,3,0
1964380,"Adventure,Casual,Indie",0,0,0
779330,"Indie,Simulation,Strategy",136,87,49
501450,"Adventure,Casual,Indie,Early Access",6,5,1
1213140,"Adventure,Indie,Simulation",2,2,0
1720600,Casual,8,8,0
1219820,"Action,Casual,Indie,Strategy,Early Access",1,1,0
1981290,"Casual,Indie",1,1,0
363510,"Action,Adventure,Casual,Indie,RPG,Simulation",41,13,28
1460250,"Action,Indie",83,66,17
814610,Action,16,12,4
355130,"Racing,Simulation,Sports",192,145,47
1073370,"Casual,Indie",3,2,1
740260,"Adventure,Casual,Indie",23,19,4
899340,"Indie,Simulation",10,10,0
739650,"Action,Adventure,Indie",445,347,98
1202650,"Casual,Indie",19,13,6
1578860,"Casual,Indie,RPG",33,31,2
388970,"Action,Indie",78,61,17
1236050,"Casual,Indie",0,0,0
1043480,"Action,Indie",0,0,0
1382790,"Action,Adventure,Indie",7,7,0
1688240,"Action,Indie",8,7,1
514580,"Action,Casual,Indie",42,40,2
1620070,"Action,Adventure,Indie,RPG",0,0,0
517460,"Action,Adventure,Indie,Strategy",13,6,7
835660,"Action,Casual,Indie",1,0,1
1686380,"Casual,Strategy",9,9,0
1985360,Casual,7,6,1
1685790,"Action,Indie",0,0,0
664650,"Indie,Sports",26,17,9
450190,"Indie,Strategy",46,31,15
440730,"Action,Adventure,Indie,Simulation",375,213,162
1463430,"Adventure,Indie,RPG",0,0,0
1284080,Strategy,31,26,5
357190,Action,2181,1998,183
1448160,Indie,0,0,0
1965670,Adventure,3,3,0
1215030,"Action,Adventure,Casual,Indie,Massively Multiplayer",0,0,0
1112760,"Action,Adventure,Indie",2,2,0
1300200,Indie,4,4,0
894610,"Casual,Indie,Strategy",2,1,1
413680,"Action,Adventure,Indie",60,42,18
1502540,"Adventure,Casual",0,0,0
1588300,"Indie,Strategy",0,0,0
1080950,"Action,RPG,Strategy",1,1,0
1377160,"Action,Adventure,Indie,RPG,Early Access",0,0,0
878420,"Action,Indie",43,33,10
283330,Action,12,8,4
1571970,"Casual,Sports",0,0,0
874060,"Adventure,Indie",8,7,1
314290,"Action,Indie",7,4,3
747190,"Adventure,Indie,RPG",58,41,17
525780,"Action,Adventure,Free to Play,Indie",6,5,1
429260,"Action,Casual",6,6,0
1727840,Indie,2,2,0
384190,"Action,Adventure,Casual,Indie,Simulation",7832,7285,547
1156480,"Adventure,Indie,Strategy",1,1,0
666330,"Action,Casual,Indie",278,231,47
1377890,Casual,2,2,0
430280,"Casual,Indie,Strategy",2,0,2
744430,"Sexual Content,Nudity,Action,Casual,Indie",30,24,6
978790,"Action,Free to Play,Indie",6,6,0
1706930,"Adventure,Casual,Free to Play,Indie",0,0,0
1963750,"Casual,Indie,Simulation",1,0,1
995450,"Action,Adventure,Indie,RPG,Early Access",15,10,5
1001240,Simulation,17,7,10
1601220,"Indie,Racing,Sports",2,0,2
1556140,"Education,Utilities",0,0,0
763950,"Adventure,Indie,RPG",6,2,4
1994220,"Action,Casual,Free to Play",0,0,0
1169920,"Casual,Indie,Strategy",0,0,0
947360,Education,2,2,0
270550,"Action,Casual,Indie,Strategy",3875,3369,506
1102410,Simulation,2,1,1
677780,"Action,Adventure,Simulation",0,0,0
923810,"Adventure,Casual,Simulation",114,104,10
313130,Indie,46,26,20
821520,"Action,Casual,Indie,Simulation,Strategy",12,8,4
1410080,Casual,11,9,2
1003730,"Indie,Simulation,Strategy",47,39,8
343120,"Action,Casual,Indie,Racing,Simulation,Sports",37,21,16
1892700,"Indie,RPG",17,10,7
1274820,"Action,Indie",30,24,6
1365400,Simulation,5,2,3
733340,Adventure,189,176,13
1932470,"Action,Indie",2,2,0
1393370,"Action,Simulation,Strategy",311,248,63
794950,"Indie,RPG",1,1,0
1169490,"Adventure,Free to Play,Indie",0,0,0
510320,"Simulation,Strategy",17,13,4
1764740,"Action,Casual,Indie",0,0,0
378270,"Action,Indie",144,96,48
361320,"Simulation,Strategy",154,132,22
1029860,Casual,18,17,1
979300,"Indie,Massively Multiplayer,RPG,Simulation,Strategy,Early Access",2,1,1
583470,"Action,Adventure,Indie",1431,1325,106
1619790,"Action,Indie,Simulation,Early Access",91,63,28
438040,"Adventure,Casual,Free to Play,Indie,Massively Multiplayer,RPG,Strategy",49,33,16
1449060,"Action,Indie,Racing,Sports,Early Access",1,0,1
109200,"Casual,Indie",73,59,14
1336170,"Action,Adventure,Casual,Indie,Simulation",4,4,0
1762560,"Action,Indie",3,3,0
1200420,Indie,10,10,0
870110,"Adventure,Casual,Indie,RPG,Simulation,Strategy",5,2,3
411690,"Adventure,Casual,Indie",21,14,7
1617570,"Adventure,RPG",0,0,0
1463130,"Action,Casual",7,7,0
245370,Strategy,261,101,160
1446930,"Adventure,Casual,Indie,RPG,Simulation,Strategy,Early Access",14,11,3
40350,Adventure,164,146,18
1847860,Casual,6,6,0
629820,"Action,Adventure,Indie,RPG",3468,3165,303
1034610,"Action,Adventure,Indie",1,1,0
763300,"Action,Adventure,Casual,Indie,Racing,Simulation,Sports,Strategy",11,2,9
1137910,"Action,Adventure,Free to Play,Indie,Simulation",0,0,0
762490,"Action,Indie",63,44,19
947430,"Simulation,Strategy",1,1,0
585040,Indie,36,24,12
1225820,"Adventure,Casual,Indie,RPG",16,12,4
1918880,"RPG,Early Access",13,13,0
1453230,"Adventure,Indie,Simulation",8,6,2
411740,"Action,Adventure,Indie",9,4,5
1889770,"Action,Indie",14,12,2
257710,"Casual,Free to Play,Indie",4,4,0
280360,"Adventure,Indie,RPG,Simulation,Strategy",291,149,142
1479020,"Adventure,Casual,Indie,Simulation",4,3,1
1782050,Casual,6,5,1
1758360,"Action,Adventure,Casual,Free to Play,RPG",0,0,0
1741220,Indie,1,0,1
1089330,Adventure,7,1,6
1381650,Simulation,244,210,34
502350,"Racing,Simulation,Sports",0,0,0
945820,"Adventure,Casual,Indie",1,0,1
931310,"Indie,Simulation",127,81,46
33520,"Simulation,Strategy",355,315,40
302810,"Action,Adventure,Indie,RPG,Early Access",13,11,2
708990,"Free to Play,Indie,RPG,Early Access",0,0,0
1338930,"Action,Casual,Indie",0,0,0
1915700,"Adventure,Casual",1,1,0
1550400,"Action,Adventure,Indie,Early Access",0,0,0
1591350,"Adventure,Casual,RPG",0,0,0
751740,"Action,Adventure,Indie,Simulation",4,1,3
413420,Adventure,9918,9579,339
311310,"Action,Adventure,Indie,Massively Multiplayer,Racing,RPG,Simulation,Strategy",4677,2652,2025
856420,"Casual,Indie",0,0,0
13250,Action,727,680,47
1626480,"Action,Adventure,Indie",2,2,0
946050,"Casual,Free to Play,Indie,RPG",0,0,0
1145460,"Casual,Indie,RPG,Simulation",6,3,3
1372560,Sports,2,2,0
1361750,"Action,Indie,Strategy,Early Access",13,9,4
668890,"Casual,Indie,Simulation",27,14,13
517320,"Action,Adventure,Indie",1,1,0
1738490,"Casual,Simulation",7,6,1
1019790,"Action,Indie",2,1,1
827520,"Action,Racing",3,3,0
1783000,"Indie,Simulation",17,9,8
1447210,"Action,Early Access",3,1,2
1127970,"Adventure,Indie",37,28,9
494040,"Casual,Indie,Simulation,Early Access",4,3,1
398030,"Action,Adventure,Indie",102,94,8
1114700,"Action,Adventure,Indie",2,1,1
1545240,Action,0,0,0
1064320,"Adventure,Indie,RPG,Early Access",8,8,0
899540,"Adventure,Casual,Indie,RPG,Strategy",32,18,14
1005730,"Casual,Simulation,Early Access",12,11,1
999200,"Action,Free to Play,Indie",1,1,0
1382190,"Action,Adventure,Strategy",18,14,4
384030,"Action,Adventure,Free to Play,Massively Multiplayer,RPG",11,5,6
831680,"Casual,Indie",3,3,0
1778120,Indie,0,0,0
1800520,"Action,Adventure,Casual,Free to Play,Indie,RPG",0,0,0
255300,"Adventure,Indie",360,298,62
545600,"Indie,RPG,Strategy",223,182,41
1414570,"Action,Adventure,Indie",0,0,0
1416220,"Action,Indie",0,0,0
376750,Action,32,12,20
1151120,"Action,Indie,RPG",72,57,15
2005750,"Action,Adventure,Indie",1,1,0
473950,"Adventure,Indie",2052,1971,81
703090,"Free to Play,Indie,Massively Multiplayer,Strategy",0,0,0
652760,"Action,Adventure,Indie",6,6,0
613020,"Action,Adventure,Indie",3,3,0
209000,"Action,Adventure",11266,9672,1594
909220,"Casual,Sports",13,11,2
1904590,"Action,Indie,RPG",10,10,0
1507700,"Indie,Audio Production,Utilities",2,0,2
301640,Action,4250,3674,576
1508680,"Casual,RPG,Simulation,Strategy",172,159,13
941800,"Simulation,Early Access",2,1,1
396860,"Casual,Indie",156,135,21
1424570,"Casual,Indie",0,0,0
758100,"Indie,Simulation,Strategy",54,28,26
371890,"Action,Indie",3,2,1
63200,"Action,Strategy,Indie,Sports",645,521,124
998300,"Action,Casual,Massively Multiplayer",0,0,0
635830,"Adventure,Indie,RPG",5,2,3
1919220,"Casual,Indie,Strategy,Early Access",0,0,0
1170060,"Action,Indie",488,469,19
1168050,Casual,3,3,0
947580,Indie,0,0,0
1148550,"Action,Indie",8,6,2
418180,"Action,Indie,RPG",683,451,232
1058380,"Adventure,Casual,Indie,Simulation,Strategy",80,63,17
254880,Strategy,108,96,12
1307480,"Action,Adventure,Casual,Indie,RPG,Simulation,Strategy",14,3,11
1261700,Casual,50,49,1
935180,"Casual,Indie",6,3,3
1676440,Action,0,0,0
827900,"Action,Casual,Indie",1,1,0
566430,"Indie,RPG,Strategy,Early Access",14,6,8
905350,"Casual,Indie",4,4,0
1306620,"Action,Adventure,Casual,Indie,Simulation,Strategy",164,143,21
1389260,"Action,Free to Play",0,0,0
1750810,"Casual,Indie,Strategy",4,3,1
501640,Photo Editing,6,4,2
1791510,"Adventure,Casual,Indie,Strategy",0,0,0
868960,"Violent,Action,Casual,Indie,Simulation",1,0,1
1477980,"Adventure,Indie,RPG,Simulation,Strategy",6,5,1
310060,"Adventure,Indie,RPG,Simulation,Strategy",967,826,141
1523150,"Casual,Free to Play,RPG",0,0,0
1264520,"Adventure,Indie,Early Access",376,374,2
1617370,"Adventure,Casual",6,5,1
860510,Adventure,8031,7666,365
929600,"Casual,Indie",13,10,3
1671060,"Action,Casual,Indie",0,0,0
208730,"Action,RPG",728,500,228
513610,"Action,Casual,Indie",11,9,2
1000650,"Action,Adventure,Indie",0,0,0
950890,"Adventure,Indie,RPG",4,4,0
933200,"Casual,Indie,Simulation,Strategy",26,18,8
1884960,"Audio Production,Education,Software Training,Utilities",1,1,0
1928300,"Action,Adventure,Casual,Indie,RPG,Early Access",0,0,0
1562260,"Adventure,Indie,Simulation,Early Access",248,172,76
1884470,"Casual,Indie,Simulation",2,0,2
1462570,"Action,Adventure,Indie",770,711,59
1808360,"Adventure,Casual,Indie",0,0,0
1399180,"Action,Adventure,Casual,Indie",2,2,0
1628400,Simulation,1,0,1
1699530,"Action,Indie,Early Access",11,1,10
1279620,"Casual,Indie,Strategy",4,4,0
1555290,"Adventure,Casual,Indie,Simulation,Strategy,Early Access",0,0,0
940920,"Animation & Modeling,Design & Illustration,Utilities,Game Development",5,4,1
1280010,Casual,18,12,6
883900,"Action,Indie",0,0,0
1178830,"Action,Indie",2989,2566,423
1456920,"Casual,Indie",0,0,0
1307450,"Casual,Indie,RPG",6,5,1
493400,"Casual,Early Access",0,0,0
782670,"Action,Casual,Free to Play,Massively Multiplayer,Simulation,Strategy",0,0,0
1138080,"Casual,RPG",25,15,10
1956370,"Indie,Simulation",72,69,3
466870,"Casual,Indie",124,107,17
904960,"Simulation,Early Access",219,150,69
1139980,"Adventure,Casual,Indie,RPG,Simulation,Early Access",1609,1488,121
708300,"Casual,Indie",8,5,3
1070590,Indie,1,0,1
1366000,"Adventure,Casual,Indie",0,0,0
1497650,"Casual,Indie",6,6,0
1208240,"Adventure,Casual,Indie,Racing,Simulation",0,0,0
840230,Casual,4,4,0
15170,Strategy,909,772,137
811310,"Violent,Gore,Action,Adventure",35,15,20
1350300,"Casual,Indie,Simulation,Sports",2,2,0
593850,"Action,Adventure,Indie,RPG",23,13,10
265330,"Adventure,Indie",387,257,130
1849530,"Action,Adventure,Indie",6,4,2
570500,"Sexual Content,Violent,Gore,Adventure,Indie,Early Access",5,1,4
1269690,"Action,Adventure,Casual,Indie,RPG,Simulation,Strategy,Early Access",214,193,21
1268290,"Indie,RPG,Simulation,Strategy",25,20,5
1115670,"Action,Casual",1,0,1
281840,Indie,70,23,47
1522950,"Action,Adventure,Indie",79,75,4
1835090,"Action,Adventure,Casual,Free to Play,Indie",0,0,0
1566150,"Adventure,Indie",1,0,1
788520,"Adventure,Casual,Indie,RPG",3,2,1
960090,Strategy,121139,118183,2956
846660,"Adventure,Casual,Indie,RPG,Simulation",0,0,0
891290,"Casual,Indie,Racing",2,2,0
2012340,"Action,Indie,Racing,Simulation",1,1,0
591630,"Action,Adventure,Indie,RPG",93,80,13
1943750,Action,1,0,1
1197460,Animation & Modeling,0,0,0
532120,"Action,Indie,Simulation,Sports",10,8,2
1692620,"Casual,Indie,Simulation",13,8,5
564280,Action,5,4,1
1350500,"Action,Adventure,Indie",2,1,1
440900,"Action,Adventure,Massively Multiplayer,RPG,Simulation,Strategy",28184,22514,5670
1628470,"Adventure,Indie,RPG",2,2,0
1128670,"Adventure,Casual,Indie,Simulation,Sports,Strategy",0,0,0
1296540,"Action,Adventure,Indie,RPG,Early Access",33,32,1
1104890,"Adventure,Casual,Indie",0,0,0
362370,"Action,Casual,Indie",3,1,2
1482640,"Action,Indie,Strategy,Early Access",59,53,6
941300,"Indie,RPG,Strategy",4,4,0
1725130,"Action,Adventure,Indie",0,0,0
898590,"Free to Play,Massively Multiplayer,RPG",0,0,0
835560,"Action,Adventure,Casual,Indie",3,3,0
1347450,"Indie,RPG",2,2,0
991710,Strategy,0,0,0
1377980,"Indie,Racing,Sports",0,0,0
252970,"Action,Indie,Strategy",67,42,25
1002980,"Adventure,Indie",0,0,0
659870,"Casual,Indie,Strategy",2,1,1
1919800,"Casual,Indie,Early Access",0,0,0
1492510,"Action,Adventure",2,0,2
1339460,"Action,Adventure,Free to Play,Indie,Simulation",0,0,0
790130,"Action,Adventure,Indie",11,8,3
1728640,"Free to Play,Indie,Strategy",0,0,0
1159860,"Action,Casual,Racing,Simulation,Sports",100,84,16
875840,"Action,Casual,Indie,RPG",0,0,0
928680,"Adventure,Indie",14,14,0
1577680,"Casual,Indie,Strategy",1,1,0
1337270,"Casual,Indie",32,27,5
266390,"Casual,Indie,Simulation,Strategy",291,218,73
339590,"Action,Adventure,Casual,Indie",13,7,6
734080,Adventure,6,3,3
1221510,"Action,Casual,Indie,Simulation,Strategy",2,1,1
624060,"Action,Simulation",4,3,1
1611970,"Casual,Indie",11,2,9
869620,"Casual,Strategy",25,21,4
1220330,Indie,0,0,0
1597220,"Casual,Indie,Strategy",0,0,0
1798130,"Indie,Early Access",2,2,0
1808460,"Casual,Indie,Early Access",21,15,6
1960620,Strategy,0,0,0
961990,Design & Illustration,11,10,1
683530,"Action,Casual,Indie,Simulation",16,4,12
1388030,"Action,Casual,Indie,Simulation,Sports,Strategy",4,1,3
1793360,"Indie,Simulation,Strategy",1,0,1
1842200,"Casual,Indie,Strategy",0,0,0
693090,"Action,Indie",6,3,3
1419290,"Action,Adventure,Casual,Indie",34,32,2
1815530,"Action,Adventure,Indie,RPG,Early Access",126,66,60
463320,"Adventure,Indie,RPG",21,8,13
1236400,"Casual,Indie,Strategy",44,37,7
1029540,"Action,Adventure,Casual",0,0,0
1351710,"Action,Adventure,Indie,RPG",6,4,2
917740,Casual,82,68,14
542870,"Action,Adventure,Indie",0,0,0
722380,"Casual,Indie",0,0,0
1168160,Casual,0,0,0
552590,"Adventure,Indie",1616,1476,140
780580,"Adventure,Casual,Indie,RPG,Strategy",27,13,14
1766550,"Adventure,Indie,RPG",0,0,0
598960,"Indie,Simulation,Strategy,Early Access",778,670,108
417400,"Adventure,Indie",15,10,5
510830,"Action,Adventure,Indie",8,8,0
262960,"Action,Adventure,Indie,RPG",756,570,186
207730,"Action,Strategy",157,42,115
713760,"Action,Indie",2,1,1
661360,"Action,Adventure,Indie",5,5,0
620070,"Action,Free to Play,Indie,Racing,Strategy",1,1,0
1072800,"Adventure,Casual,Indie,RPG,Strategy",9,9,0
550810,"Action,Indie",49,41,8
882710,"Action,Adventure,Casual,Indie",268,256,12
480640,"Violent,RPG,Strategy",364,229,135
1968040,"Action,Simulation,Strategy",0,0,0
1596250,"Adventure,Casual,Indie",3,2,1
761990,"Action,Casual,Indie,Sports",0,0,0
1400760,Casual,7,5,2
1229500,"Action,Adventure,Indie",6,3,3
296510,"Action,Adventure,Indie",9,7,2
783120,Adventure,6,6,0
383460,"Adventure,Indie",157,135,22
894380,"Adventure,Casual,Free to Play,Indie,RPG,Simulation",0,0,0
1839840,"Casual,Indie",1,0,1
1798540,Casual,14,14,0
616830,"Action,Free to Play,Indie,Massively Multiplayer",0,0,0
262750,"Action,Indie,Simulation,Strategy",155,103,52
938870,"Adventure,Indie",3,0,3
1682610,"Indie,Simulation,Sports",10,8,2
833270,Indie,15,14,1
453670,Indie,35,5,30
1047440,Simulation,493,471,22
744710,"Sexual Content,Nudity,Gore,Action,Adventure,Casual,Indie,RPG,Simulation",1,0,1
1002830,"Adventure,Casual,Indie,RPG,Simulation",16,10,6
1296360,"Action,Adventure",871,811,60
401120,"Action,Casual,Indie",37,33,4
726120,"Adventure,Casual,Indie,RPG",13,10,3
1104450,"Action,Free to Play,Indie,Massively Multiplayer,Strategy,Early Access",0,0,0
1453950,"Animation & Modeling,Utilities,Game Development",0,0,0
645780,"Casual,Indie",1,1,0
328450,Strategy,34,23,11
2005670,"Action,Indie,Early Access",1,0,1
654840,"Violent,Gore,Casual,Indie,Simulation,Sports",1,1,0
1306860,"Action,Adventure,Casual,Indie",3,2,1
325430,"Action,Adventure,Indie,RPG,Simulation,Early Access",57,17,40
1381260,"Action,Early Access",0,0,0
891420,"Animation & Modeling,Design & Illustration,Education,Software Training,Utilities,Game Development",31,24,7
1019020,Adventure,3,3,0
234350,Casual,13,12,1
1094660,"Adventure,Indie",21,5,16
1712390,"Adventure,Free to Play,Indie",0,0,0
791400,"Indie,Strategy,Early Access",24,17,7
835640,"Adventure,Casual,Indie,RPG",5,5,0
1200630,"Casual,Indie",1,0,1
810540,Action,3,1,2
401170,"Action,Indie,RPG,Strategy",2,1,1
414530,"Free to Play,Massively Multiplayer,RPG",2,1,1
546600,"Action,Free to Play,Strategy",2,2,0
862120,"Casual,Indie",12,6,6
1044300,Action,0,0,0
832420,"Adventure,Indie,Simulation",5,3,2
13580,Action,697,229,468
498720,"Action,Casual,Indie,Strategy",5,4,1
827000,Strategy,45,40,5
1177720,"Adventure,Casual,Free to Play,Indie",10,9,1
459150,"Casual,Indie,Simulation",15,14,1
518670,"Action,Indie,Simulation",67,58,9
1331650,"Casual,Indie,RPG",4,4,0
555370,Strategy,8,4,4
946660,Strategy,107,88,19
1517490,"Action,Casual,Indie",6,6,0
1827740,Action,3,2,1
541230,"Action,Indie,Strategy",147,131,16
207250,"Indie,Strategy",222,152,70
1978890,"Action,Adventure,Casual,Indie,RPG",2,2,0
1854270,"Action,Casual,Indie",1,1,0
1986170,"Indie,Early Access",0,0,0
1540760,"Action,Adventure,Casual",0,0,0
905460,Simulation,0,0,0
1782790,Indie,0,0,0
1340470,"Casual,Free to Play,Indie",0,0,0
1390040,"Adventure,Casual,Indie,Simulation,Strategy",1,1,0
375530,"Indie,Simulation,Sports,Strategy",1151,1047,104
1212290,Indie,2,1,1
1175480,Indie,13,9,4
1630640,RPG,1,1,0
1195090,"Casual,Simulation",1,1,0
748880,"Free to Play,Indie",7,5,2
925700,"Action,Adventure,Casual,Indie",2,0,2
875080,"Action,Indie,Simulation",5,5,0
355280,"Casual,Indie",5,5,0
926180,"Action,Adventure",35,20,15
944710,"Adventure,Indie",2,1,1
1106880,"Action,Adventure,Indie",0,0,0
364890,"Action,Casual,Indie",31,16,15
785740,"Adventure,Indie,Strategy",1063,668,395
751690,"Action,Adventure,Casual,Indie",0,0,0
284020,"Adventure,Casual",35,30,5
507340,"Action,Simulation",4,2,2
1105590,"Action,Adventure,Early Access",130,100,30
1390000,"Adventure,Free to Play,Indie,RPG",0,0,0
851250,"Action,Adventure,Casual,Indie",5,2,3
595280,"Free to Play,Indie,Massively Multiplayer,RPG,Strategy",1792,1421,371
1204720,Action,118,105,13
1400520,"Free to Play,Indie,Simulation,Strategy",0,0,0
1571340,"Casual,Simulation,Early Access",284,187,97
1160490,"Casual,Indie,Simulation,Early Access",384,377,7
1001430,"Casual,Simulation,Strategy",7,7,0
1451860,"Action,Indie,Sports",3,2,1
201570,"Action,Indie",143,100,43
1936520,"Adventure,Casual,Indie",1,1,0
827120,"Adventure,Casual",11,6,5
1677300,"Casual,Strategy",3,3,0
200550,"RPG,Simulation,Strategy",125,47,78
1424190,"Adventure,Casual",2,2,0
950100,Sports,0,0,0
1218420,"Action,Indie",4,1,3
1404190,"Casual,Indie,Strategy",34,31,3
1751980,"Adventure,Free to Play,Indie",0,0,0
478950,"Action,Adventure,Indie,Simulation",65,42,23
1086010,Indie,307,260,47
464900,"Adventure,Casual,Indie",37,37,0
1958120,"Indie,Strategy",1,0,1
629210,"Action,Adventure,Indie",5,1,4
1585230,"Adventure,Casual,Indie,Simulation,Strategy",11,11,0
797410,"Action,Casual,Indie,Sports",33,24,9
906250,Casual,3,0,3
813730,"Action,Adventure,Indie,Strategy",3,3,0
1209770,"Adventure,Indie,RPG",1,1,0
1244690,"Action,Adventure,Casual,Strategy",3,3,0
818990,"Adventure,Indie",3,2,1
1899620,Casual,38,38,0
1600200,Casual,1,1,0
1827870,"Adventure,Indie",2,1,1
1867400,Casual,4,4,0
771250,"Casual,Free to Play,Indie,Early Access",0,0,0
1775520,"Action,Adventure,Casual,Indie,RPG",14,13,1
2067930,"Action,Casual,Free to Play",0,0,0
966420,Adventure,0,0,0
1047930,"Adventure,Casual,Indie,RPG,Strategy",6,5,1
1578700,"Casual,Indie",11,10,1
511680,Action,717,663,54
637940,"Casual,Indie,Simulation,Strategy",3,2,1
473920,"Adventure,Indie",111,110,1
795050,"Action,Adventure,Indie",4,4,0
1366310,"Action,Indie",0,0,0
488890,"Action,Indie",31,26,5
1830950,"Action,Adventure,Casual,Indie,RPG",0,0,0
1486750,"Casual,Free to Play,Massively Multiplayer,RPG",0,0,0
762980,"Action,Adventure,Indie",2,2,0
1533120,"Action,Adventure,Indie,RPG",5,3,2
1424710,"Adventure,Indie,RPG,Strategy",214,204,10
1614870,Action,0,0,0
1253000,"Casual,Indie,RPG,Simulation,Strategy",0,0,0
1499990,"Adventure,Indie,Simulation,Early Access",9,9,0
1922150,Casual,2,2,0
957430,"Casual,Indie",13,10,3
660040,"Casual,Indie",4,4,0
1003360,"Casual,Indie,Simulation",118,89,29
1479960,Action,0,0,0
1358760,"Casual,Indie",0,0,0
1982190,"Action,Indie",0,0,0
434260,"Casual,Simulation",1360,1132,228
534380,"Action,Adventure,RPG",40271,32319,7952
1017690,"Casual,Indie",0,0,0
1661500,"Adventure,Indie,Early Access",1,1,0
566270,"Action,Adventure",11,6,5
1429780,Adventure,19,17,2
539340,"Adventure,Indie",40,31,9
1874880,"Action,Simulation,Strategy,Early Access",4030,2328,1702
488300,"Simulation,Sports",185,148,37
1386040,"Action,Casual,Free to Play,Indie",0,0,0
1703060,Strategy,2,1,1
2010170,"Action,Adventure,Free to Play",0,0,0
440,"Action,Free to Play",7897,7209,688
543390,"Action,Adventure,Casual,Indie,RPG,Simulation",127,81,46
1300,Action,317,275,42
568640,"Design & Illustration,Early Access",4,4,0
560170,"Action,Adventure",358,255,103
799180,"Casual,Indie,Strategy",2,1,1
479180,"Adventure,Indie,Massively Multiplayer,RPG,Simulation,Early Access",5,0,5
1734470,"Adventure,Casual",6,5,1
1591290,"Action,Adventure,Casual,Indie,Simulation",649,634,15
22200,"Action,Indie",1215,1072,143
654770,"Casual,Indie",17,17,0
325930,"Action,Adventure,Indie",121,102,19
1094870,Action,75,70,5
942250,"Action,Adventure,Casual,Indie",17,14,3
742470,Adventure,5,5,0
1472160,"Indie,RPG",5,3,2
509910,"RPG,Strategy",3,2,1
1831260,Adventure,42,32,10
20700,"Action,Indie,Strategy",66,53,13
1576550,"Adventure,Casual,Indie,RPG",2,2,0
812870,"Action,Adventure,Indie,RPG,Simulation,Strategy",142,98,44
747130,"Adventure,Indie,RPG,Strategy",0,0,0
647080,"Adventure,Casual",11,11,0
971080,"Adventure,Casual",3,3,0
769230,"Action,Adventure,Casual,Indie,Early Access",0,0,0
548480,"Action,Adventure,Indie",42,14,28
898920,Strategy,2920,2255,665
1635020,"Action,Adventure,Casual,Indie,Racing,Early Access",26,25,1
1221240,"Action,Adventure,Casual,Indie,Simulation,Strategy",27,15,12
889730,"Casual,Free to Play,Indie,Massively Multiplayer,RPG,Strategy",0,0,0
1310910,"Casual,Indie,Simulation",706,533,173
910050,Education,0,0,0
1670050,"Action,Indie",0,0,0
1191550,"Adventure,Casual,Indie",0,0,0
313010,Simulation,943,294,649
922470,"Action,Casual,Indie",14,14,0
993650,"Action,Casual,Indie",0,0,0
405810,"Action,Adventure,Indie",5,1,4
1111730,"Action,Indie",0,0,0
1964540,"Action,Casual,Indie,Simulation,Early Access",0,0,0
411820,"Simulation,Early Access",4,3,1
2080070,"Action,Adventure,Casual,Indie,Early Access",10,10,0
254960,"Action,RPG,Strategy",338,297,41
856430,"Casual,Indie",14,5,9
893460,"Sexual Content,Action",4,1,3
1660430,"Adventure,Indie",8,7,1
1256190,Casual,10,8,2
1224160,"Adventure,Casual,Indie",414,387,27
1882270,"Casual,Indie,Racing,Simulation",0,0,0
1480340,"Casual,Indie,Strategy",65,57,8
1814520,"Adventure,Indie",1,1,0
713860,"Sexual Content,Nudity,Violent,Adventure,Casual",35,27,8
926540,"Action,Casual,Free to Play,Indie,Massively Multiplayer,RPG,Simulation,Strategy",197,146,51
1477000,"Action,Indie",1,1,0
1137620,"Adventure,Casual,Indie,RPG,Simulation",4,2,2
821490,"Action,Casual,Indie",5,5,0
829660,"Casual,Indie,Simulation,Strategy",463,438,25
1114260,"Adventure,Casual,Free to Play,Indie",0,0,0
908390,"Action,Adventure,Indie",9,9,0
396360,"Indie,Sports,Strategy",81,49,32
806930,"Adventure,Casual,Indie,RPG",2,0,2
858420,"Action,Casual,Simulation",13,7,6
517720,"Adventure,Indie,RPG,Strategy,Early Access",219,141,78
1492900,"Action,Indie",18,17,1
295650,"Action,Adventure,Indie",2,1,1
1157340,"Adventure,Casual,Indie,Massively Multiplayer",616,512,104
16030,Casual,15,14,1
950740,"Indie,Simulation,Strategy",169,146,23
328730,"Casual,Indie",155,150,5
399090,"Action,Adventure,Casual,Indie,RPG",3,0,3
779410,"Action,Indie",1,1,0
1184110,Casual,0,0,0
1375520,"Adventure,Casual,RPG,Simulation",1,0,1
1368630,Utilities,2,2,0
1678520,"Adventure,Indie",3,2,1
1804580,"Adventure,Free to Play,RPG",0,0,0
919410,"Adventure,Indie",61,47,14
711070,"Casual,Indie",9,3,6
1927040,"Adventure,Indie,Simulation",4,2,2
618750,"Adventure,Indie,RPG,Simulation,Strategy",43,32,11
1070820,"Indie,Racing,Simulation",305,248,57
1798150,"Indie,RPG,Simulation,Strategy",3,1,2
840210,"Adventure,RPG",299,182,117
789930,Indie,5,3,2
1251790,"Action,Indie",0,0,0
937070,"Action,Indie",1,1,0
497460,"Adventure,RPG",48,42,6
1796060,"Adventure,Casual,Indie",5,5,0
1478440,"Casual,Indie,Simulation,Strategy",1,0,1
1588250,"Action,Casual,Indie",17,17,0
616890,"Action,Casual,Indie,Sports",14,12,2
695560,"Action,Casual,Indie",0,0,0
1580800,"Adventure,Indie,RPG,Strategy",131,114,17
1883750,"Action,Adventure",10,10,0
691750,"Action,Indie",7,4,3
1458340,"Action,Adventure,Indie,RPG,Early Access",6,5,1
860930,"Adventure,Indie",0,0,0
393520,"Action,Adventure,Indie",1639,1394,245
1252730,Strategy,4,3,1
1813240,"Adventure,Casual,Indie,RPG,Simulation,Strategy",6,2,4
1788040,"Free to Play,Indie,RPG",0,0,0
1161270,"Casual,Indie,RPG",45,32,13
2071060,"Action,Casual,Simulation,Strategy,Early Access",0,0,0
1040460,Indie,109,91,18
403090,"Casual,Simulation,Strategy",18,18,0
492710,"Casual,Indie,Simulation,Sports",73,53,20
1261760,"Casual,Indie,Simulation",56,51,5
626550,"Action,Adventure,Casual,RPG,Strategy",64,23,41
1926690,"Action,Adventure,Casual,RPG,Simulation,Early Access",37,29,8
611730,"Action,Indie",2,1,1
1622780,RPG,200,155,45
1639990,"Casual,Indie",369,280,89
1844680,"Casual,Strategy",7,7,0
1323480,"Adventure,Indie",0,0,0
1965800,Strategy,30,30,0
378510,"Action,Adventure,Casual,Indie,RPG,Strategy",6,4,2
965110,"Action,Indie",2,1,1
1276290,"Free to Play,Simulation,Early Access",0,0,0
351810,Action,10,9,1
642570,"Violent,Indie",1,0,1
1078340,"Action,Adventure,Casual,Indie,Early Access",4,4,0
1140930,"Casual,Indie",1,1,0
646280,"Action,Casual,Indie",18,12,6
674190,Strategy,44,41,3
1495090,Casual,2,2,0
493000,"Action,Adventure,Indie",8,4,4
707350,Action,6,3,3
461620,"Indie,Simulation,Strategy",508,442,66
1417150,"Casual,Indie,Strategy",2,1,1
1700380,"Casual,Indie",0,0,0
1120280,"Indie,Strategy",10,7,3
728950,"Sexual Content,Nudity,Violent,Gore,Action,Casual",4,2,2
1136440,"Action,Casual,Indie",40,25,15
1621310,RPG,201,185,16
815030,"Action,Indie,Massively Multiplayer",0,0,0
1815140,"Casual,Strategy",0,0,0
1958970,"Indie,Simulation,Strategy",9,1,8
1958250,"Casual,Indie,Strategy",0,0,0
1803550,"Simulation,Strategy,Early Access",40,37,3
1927160,"Adventure,Simulation",0,0,0
15960,Casual,14,8,6
855510,Indie,4,4,0
872310,"Casual,Indie,Strategy",0,0,0
464960,"Adventure,Casual,Indie",44,41,3
800930,"Adventure,Casual,Indie,Simulation",14,13,1
1583670,"Adventure,Indie,RPG,Strategy",0,0,0
364690,"Action,Adventure,Indie",86,30,56
1028440,"Adventure,Casual,Indie",44,32,12
1439170,"Casual,Indie,Simulation,Strategy",16,13,3
216930,Casual,12,10,2
503340,"Action,Casual,Massively Multiplayer",37,31,6
561420,"Action,Casual,Indie,Simulation",10,5,5
273590,Action,56,39,17
293540,"Action,Free to Play,Indie,Massively Multiplayer,RPG",11,3,8
800720,"Action,Indie",0,0,0
1473420,"Adventure,Casual,Indie",0,0,0
10460,Action,60,36,24
1563800,"Action,Adventure,Casual,Indie,Racing,Simulation,Sports",8,7,1
1998320,"Action,Casual,Early Access",0,0,0
397330,"Action,Adventure,RPG",116,97,19
751430,"Casual,Indie",4,2,2
1636980,Action,7,5,2
1373450,"Action,Indie",4,4,0
792860,"Action,Casual,Indie",11,11,0
777050,"Adventure,Casual,Indie",28,15,13
1605290,"Casual,Free to Play,Indie",1,1,0
1698120,"Adventure,Casual,Indie,RPG",0,0,0
743860,"Action,Indie,Massively Multiplayer,RPG",138,45,93
715320,Casual,1,1,0
9000,Action,294,252,42
761110,"Action,Casual,Indie",4,1,3
1429680,Indie,1,1,0
460930,"Action,Adventure",23104,18621,4483
1595280,"Casual,Strategy",8,4,4
39540,"Action,RPG",617,497,120
753230,"Adventure,Indie",81,59,22
761010,"Action,Indie,Sports",53,47,6
743340,"Action,Casual",0,0,0
1487990,"Casual,Indie",0,0,0
661660,"Action,Casual,Indie,Early Access",9,7,2
1483110,"Adventure,Indie,Simulation",4,2,2
807430,"Action,Casual,Indie",4,2,2
688000,"Adventure,Indie,RPG",10,6,4
445750,"Adventure,Indie",66,56,10
601810,Action,457,417,40
549660,"Action,Indie",1,1,0
615770,Adventure,111,88,23
1217820,"Casual,Indie",0,0,0
780100,Utilities,57,42,15
364370,"Action,Adventure,Indie",17,9,8
347050,"Indie,Strategy,Early Access",1,0,1
446100,"Casual,Indie,Racing",39,29,10
823330,"Adventure,Indie",3,1,2
1197370,"Action,Adventure,Indie",324,295,29
1507990,"Action,Adventure,Casual",10,8,2
463030,"Adventure,Casual",173,110,63
548240,"Action,Indie",29,20,9
233470,"Adventure,Indie,RPG",2744,2204,540
555930,"Action,Adventure,Casual,Indie,RPG",24,13,11
697370,"Action,Casual,Indie",5,4,1
691280,"Action,Indie",195,125,70
492600,"Adventure,Indie",4,1,3
1331590,"Adventure,Casual,Free to Play,Indie,Early Access",0,0,0
475090,"Action,Adventure,Indie",23,9,14
668460,"Action,Casual",0,0,0
905370,"Action,Free to Play,Massively Multiplayer,Strategy",555,368,187
544840,Strategy,4,2,2
1478880,Simulation,4,4,0
1812410,"Action,RPG",37,25,12
1371880,"Adventure,Casual,Indie,RPG",5,5,0
1568790,Casual,0,0,0
749130,"Action,Casual,Indie",3,2,1
874810,"Action,Casual",1,1,0
367570,"Action,Indie",335,299,36
25808,Strategy,18,17,1
884630,RPG,3,3,0
407780,"Action,Adventure,Indie",161,146,15
372080,"Indie,RPG,Strategy",26,21,5
1900400,"Casual,Indie,Simulation",10,10,0
716100,"Casual,Strategy",12,6,6
269310,"Action,Adventure,Indie,RPG,Simulation,Strategy",500,316,184
1064750,"Casual,Indie,Strategy,Early Access",0,0,0
745870,"Action,Adventure",3,3,0
1727020,"Action,Adventure,Indie,RPG,Early Access",0,0,0
1196170,"Action,Casual,Indie",4,4,0
645320,"Action,Adventure",25,21,4
1479870,"Adventure,Casual",0,0,0
1325000,Casual,0,0,0
1758060,"Action,Casual,Indie",2,2,0
1979610,"Indie,RPG,Simulation",1,1,0
1716220,Casual,1,1,0
1457740,"Adventure,Indie",61,55,6
1103310,"Casual,Indie,Sports",9,9,0
274290,"Adventure,Indie",1335,870,465
921430,"Casual,Indie",40,37,3
1530140,"Adventure,Casual,Indie",1213,1205,8
1108540,"Casual,Strategy",16,13,3
1682970,"Indie,Racing,Simulation,Sports",263,233,30
1604210,"RPG,Strategy",9,9,0
579950,Adventure,750,639,111
745830,"Adventure,Casual,Indie,RPG",12,11,1
284050,Adventure,416,391,25
1562800,"Casual,Indie,Simulation",5,4,1
297370,"Action,Adventure,Casual,Indie",39,34,5
1548890,"Action,Casual,Indie",0,0,0
1063850,"Casual,Simulation",9,6,3
427930,"Adventure,Indie,RPG",23,13,10
1233990,"Action,Adventure,Indie",4,0,4
1683020,"Adventure,Casual",8,6,2
970510,"Adventure,Casual,Indie,RPG,Simulation,Strategy",9,7,2
242550,"Action,Adventure",2191,1927,264
1690,Strategy,267,184,83
1061150,"Action,Indie",0,0,0
866500,"Action,Casual,Indie",3,3,0
1433520,"RPG,Early Access",0,0,0
1064610,"Free to Play,Indie",131,128,3
1425720,Simulation,1,0,1
1463360,"Action,Adventure,Casual,Indie",2,1,1
383960,"Indie,RPG",73,60,13
699920,"Indie,Simulation,Strategy",273,203,70
220260,"Casual,Simulation",1628,1453,175
253370,"Animation & Modeling,Design & Illustration,Education,Software Training,Utilities,Game Development",107,68,39
572480,"Gore,Action,Adventure,Casual,Indie",1,1,0
1654190,"Casual,Free to Play,Indie",0,0,0
765040,"Indie,Strategy,Early Access",1,1,0
1361700,Action,627,596,31
547930,"Action,RPG",20,14,6
727640,"Indie,Simulation",31,27,4
495830,Casual,16,13,3
1407520,Casual,0,0,0
369640,"Adventure,Indie",10,5,5
749050,"Action,Adventure,Casual,Indie,Simulation",88,61,27
1172680,"Strategy,Early Access",0,0,0
1122280,Indie,10,7,3
526400,"Action,Adventure,Casual,Free to Play,Indie",0,0,0
1594560,Indie,0,0,0
1116660,"Action,Adventure,Indie,RPG",0,0,0
1842050,"Casual,Indie,Early Access",10,10,0
468800,"Action,Indie",37,26,11
1428370,"Adventure,Indie",36,35,1
587560,"Adventure,Casual,Indie",8,6,2
1919100,"Action,Adventure,Indie",16,13,3
511250,"Action,Adventure,Indie",9,7,2
1817260,"Free to Play,Indie,Strategy,Early Access",0,0,0
1420980,"Action,Adventure,Indie,Simulation,Strategy",2,0,2
1795420,Indie,3,0,3
818640,"Action,Indie",1,0,1
1827760,"Action,Adventure,Indie,RPG",10,10,0
836280,"Action,Casual,Indie",3,2,1
369040,"Action,Adventure,Casual,Indie,Simulation,Strategy",13,1,12
594200,"Action,Indie",10,10,0
1249620,"Action,Adventure,Indie",2,0,2
1801660,"Action,Adventure,Casual",0,0,0
2013740,"Casual,Indie,Simulation,Strategy,Early Access",6,4,2
1923290,Simulation,1,1,0
1599940,"Casual,Indie,RPG,Simulation,Strategy",5,1,4
602510,Strategy,47,30,17
1272030,"Simulation,Sports",1,1,0
1210660,"Action,Indie",21,20,1
542310,"Adventure,Free to Play,Indie",28,23,5
500920,"Adventure,Casual,Indie,Strategy,Early Access",2,1,1
873860,"Action,Indie,Simulation,Education,Game Development",1,0,1
547850,"Casual,Simulation",68,57,11
1512200,"Action,Casual,Massively Multiplayer,Simulation,Early Access",15,10,5
673230,"Action,Indie",4,4,0
1877330,"Adventure,Indie,RPG",0,0,0
774451,"Adventure,Casual",0,0,0
1182210,"Action,Indie",0,0,0
1079970,"Action,Casual,Indie,Strategy",4,4,0
768300,"Casual,Indie,Simulation",6,5,1
1529770,Casual,18,18,0
1656740,"Action,Indie,Early Access",1,0,1
1010850,"Free to Play,RPG,Early Access",0,0,0
1107040,"Adventure,Indie,Strategy",20,12,8
1857070,Casual,0,0,0
1934550,"Action,Adventure,RPG",0,0,0
1129550,"Casual,Free to Play",0,0,0
1023640,"Adventure,Simulation",6,4,2
1539770,"Action,Adventure,Free to Play,Indie",0,0,0
1633200,"Casual,Indie,Simulation",3,3,0
63500,"Action,Casual,Indie,Strategy",206,185,21
1609690,"Casual,Indie,Strategy",1,1,0
1521780,"Action,RPG,Simulation,Early Access",1,0,1
544290,"Casual,Indie,Massively Multiplayer,RPG,Early Access",4,4,0
766430,"Action,Adventure,Indie,RPG,Early Access",0,0,0
812590,"Action,Adventure,Casual,Indie,RPG,Strategy",0,0,0
1294340,"Action,Adventure,Indie,Strategy",14,12,2
868180,Casual,1,1,0
1011630,"Casual,Indie",19,13,6
1061100,"Action,Adventure,Massively Multiplayer,RPG,Strategy",318,220,98
796970,"Simulation,Sports",0,0,0
1550450,"Action,Indie",9,8,1
1281600,"Adventure,Early Access",8,4,4
788010,"Casual,Indie,Simulation",0,0,0
532210,Adventure,7390,5971,1419
630260,Indie,6,6,0
809330,"Adventure,Indie,RPG",1,1,0
669760,"Action,Adventure,Indie",1,1,0
553680,"Casual,Indie,Strategy",1,0,1
680730,"Adventure,Free to Play,Indie",0,0,0
505070,Adventure,29,22,7
370550,"Action,Adventure,Casual,Indie",39,36,3
806490,"Casual,Indie,Simulation",17,13,4
1047010,"Adventure,Casual,Indie,RPG,Simulation",162,143,19
363840,Strategy,8,7,1
887510,Action,18,18,0
2011340,"Casual,Free to Play,Indie",0,0,0
1020480,"Action,Indie",3,1,2
783810,"Action,Adventure,Indie,RPG",4,3,1
1784940,"Action,Indie",1,1,0
776340,"Casual,Indie,Simulation",205,172,33
862990,"Action,Adventure,Indie,RPG,Simulation,Early Access",3,0,3
1290220,"Casual,Indie,Racing,Simulation,Sports",106,106,0
543040,"Casual,Indie",5,5,0
665560,"Indie,Simulation,Strategy",4,1,3
945310,"Utilities,Early Access",0,0,0
382250,"Action,Indie",20,15,5
1316280,"Action,Indie",0,0,0
1028500,"Action,Adventure",11,11,0
922320,"Action,Adventure,Casual,Free to Play,Indie,RPG,Simulation,Strategy",0,0,0
1446690,"Casual,Indie",2,1,1
1361260,"Casual,Indie",6,5,1
1908900,"Action,Casual,Indie,RPG",11,7,4
1422180,"Action,Adventure,Casual,Indie,Simulation,Strategy,Early Access",12,8,4
706920,"Indie,Strategy",0,0,0
1581860,"Adventure,Casual,Indie,Simulation",11,11,0
1207320,"Action,Adventure,Indie,RPG,Strategy,Early Access",10,7,3
1322540,"Action,Casual,Indie,Sports,Strategy",3,3,0
2011470,"Casual,Indie",19,16,3
1432350,"Casual,Indie",3,1,2
1348750,"Adventure,RPG",7,7,0
1399170,"Action,Indie,Early Access",21,19,2
438300,"Action,Indie,RPG,Strategy",15,9,6
317470,"Action,Adventure,Casual,Free to Play,Indie,Massively Multiplayer",20,15,5
338040,"Indie,Racing",36,19,17
1553290,"Audio Production,Design & Illustration,Software Training,Utilities,Game Development",1,1,0
340150,"Indie,Simulation,Strategy",1163,892,271
251950,"Action,Free to Play,Indie,Massively Multiplayer,RPG,Simulation,Strategy,Early Access",114,77,37
1804740,Casual,4,4,0
1054550,"Indie,Strategy",158,131,27
676690,"Adventure,Simulation",6,4,2
623090,"Racing,Sports",157,125,32
1438440,"Action,Adventure,Free to Play,Indie",0,0,0
452930,"Casual,Indie,Strategy",2,1,1
797400,"Simulation,Strategy",503,372,131
1098250,"Casual,Strategy,Early Access",3,3,0
842250,"Action,Adventure,Casual,Indie,RPG,Simulation,Strategy",48,13,35
783420,"Action,Adventure,Casual,Indie,Simulation",5,2,3
1241520,"Adventure,Casual,Indie,RPG,Simulation",919,868,51
407600,Action,63,34,29
1540400,"Adventure,Casual,Indie",32,24,8
772700,"Casual,Indie,Simulation",0,0,0
307130,"Action,Adventure,Indie",105,46,59
1045740,Sports,7,1,6
573370,"Action,Adventure,Indie,RPG",16,9,7
989440,"Action,Adventure,Indie,Massively Multiplayer,Early Access",1190,1041,149
206230,Action,29,19,10
1395510,"Action,Casual,Indie,Simulation,Strategy,Early Access",1,1,0
490820,"Action,Casual,Indie",94,76,18
873190,Simulation,34,31,3
22310,Action,645,452,193
744520,"Action,Casual,Indie,Simulation",47,44,3
1060870,"Casual,Indie",1,1,0
1609470,"Adventure,Indie",5,3,2
1000370,Indie,1,0,1
1416210,"Indie,RPG,Simulation",3,2,1
1506450,"Casual,RPG,Simulation",23,18,5
12530,"Action,Adventure,Strategy",26,22,4
1665200,"Indie,Simulation",9,9,0
799610,"Action,Indie",1,0,1
1714180,Action,15,14,1
1101450,"Action,Casual",446,405,41
603090,"Adventure,Indie",14,6,8
885910,Action,40,39,1
461750,"Casual,Free to Play,Indie,Strategy",1,1,0
1476750,"Action,Adventure,Indie",1,1,0
680560,"Casual,Indie,Simulation",1,0,1
345890,Racing,652,494,158
1211640,Action,27,16,11
1165570,Free to Play,0,0,0
418670,"Action,Adventure,Indie",59,44,15
1332190,"Adventure,Indie,Simulation,Early Access",0,0,0
1222570,"Action,Indie,Strategy",36,29,7
1444740,"Adventure,Indie,Simulation",2,1,1
451590,"Casual,Strategy",0,0,0
1266370,"Casual,Indie",20,16,4
1673370,"Action,Indie",1,1,0
44100,"Action,Indie,Racing",66,56,10
494980,"Action,Adventure,Indie,RPG",7,4,3
10220,Action,1042,338,704
1111650,"Action,Adventure,Casual,Indie,Racing",0,0,0
1134440,Free to Play,0,0,0
46540,"Action,Strategy",250,89,161
792340,"Casual,Indie",3,2,1
565110,"Action,Indie",3,3,0
753170,"Violent,Gore,Action,Adventure,Casual,Indie",2,0,2
1394140,"Casual,Indie,Simulation",7,5,2
596080,"Adventure,Indie",15,13,2
303910,"Simulation,Strategy",19,10,9
610370,Strategy,2826,2720,106
1540560,"Indie,Simulation",105,64,41
205710,"Free to Play,Massively Multiplayer,RPG",9,3,6
505110,"Action,Adventure,Casual,Indie",4,4,0
1042570,Indie,0,0,0
39690,RPG,575,313,262
1013040,"Action,Indie,Racing,Sports,Early Access",37,24,13
1409700,"Action,Indie",4,4,0
1373600,"Adventure,Casual,Indie",9,8,1
1219070,"Casual,Indie",9,5,4
544130,"Casual,Indie",3,3,0
374900,Adventure,643,507,136
385390,Casual,9,4,5
1358020,Action,3,0,3
1423370,"Adventure,Casual,Free to Play,Indie,RPG,Simulation",0,0,0
544000,"Action,Casual,Indie,Sports",0,0,0
1163480,"Adventure,Casual,Indie",0,0,0
1350010,"Action,Adventure",1,0,1
680170,"Action,Adventure,Casual,Free to Play,Indie,Massively Multiplayer,Racing,Simulation,Sports,Early Access",0,0,0
1020800,"Indie,Racing,Early Access",100,74,26
737600,"Indie,Simulation,Strategy",2,1,1
1587500,"Adventure,Casual",2,2,0
954160,"Free to Play,Indie",0,0,0
790850,"Action,Adventure,Indie,RPG",490,432,58
1441300,"Action,Indie",1,1,0
1490910,"Casual,Indie",6,6,0
1521190,Indie,6,4,2
845400,"Casual,Early Access",9,2,7
1917760,"Adventure,Indie,RPG",23,23,0
1015090,"Indie,Strategy",68,29,39
1375870,"Casual,Indie,RPG,Strategy",30,25,5
1069970,"Action,Casual",5,5,0
1188760,"Action,Adventure,Casual,Indie,Simulation",41,38,3
1340770,"Action,Adventure,Indie",3,2,1
1635750,"Action,Adventure,Casual,Indie,Massively Multiplayer,Racing,Simulation",1,0,1
798180,"Action,Indie",1,0,1
2071710,"Action,Indie",0,0,0
260730,"Action,Strategy",601,513,88
1254440,"Action,Adventure,Indie",0,0,0
905490,"Adventure,Indie,Strategy,Early Access",144,92,52
1755150,"Casual,RPG,Simulation,Strategy",3,0,3
460920,"Action,Sports",7972,6673,1299
1491480,"Action,Indie",1,1,0
693210,Adventure,23,15,8
943810,"Indie,RPG,Simulation,Strategy",23,16,7
544180,Indie,10,10,0
678900,"Casual,RPG,Simulation,Strategy",861,606,255
781930,"Casual,Indie",7,5,2
869640,"Action,Adventure,Casual,Indie",2,1,1
1499180,Strategy,17,16,1
574030,"Casual,Indie,Sports",73,41,32
690140,"Action,Adventure,Indie,RPG,Strategy",145,102,43
2011130,Casual,0,0,0
1141750,"Adventure,Indie,RPG",1,0,1
1173340,"Action,Adventure,Indie,Racing,Simulation,Early Access",5,0,5
614830,"Casual,Indie,Simulation",26,20,6
688070,"Adventure,Casual,Indie,Strategy",15,13,2
1290850,"Action,Adventure,Indie",0,0,0
1238820,Action,1907,1244,663
1212640,"Action,Adventure,Indie,RPG,Strategy,Early Access",2,2,0
658140,"Casual,Indie",26,23,3
1773700,"Action,Adventure,RPG,Early Access",19,16,3
600150,"Casual,Indie,Strategy",20,13,7
1663910,"Action,Casual,Indie,Strategy",0,0,0
1070320,"Adventure,Indie,Strategy,Early Access",11,7,4
1673230,"Casual,Indie,Strategy",7,7,0
862130,Racing,13,13,0
1339670,"Action,Indie",1,1,0
1531580,"Action,Adventure,Strategy",0,0,0
416720,"Action,Indie,Simulation,Sports",6,4,2
684690,Design & Illustration,30,28,2
1386000,"Action,Indie,Early Access",1,1,0
1154940,"Casual,Simulation,Sports",8,7,1
485880,"Casual,Indie,Simulation",39,37,2
1892670,Indie,1,1,0
698520,"Adventure,Indie",15,12,3
1303280,"Action,Adventure,Casual,Indie,Racing,Simulation,Sports",10,8,2
4800,Strategy,102,88,14
976840,"Action,Casual,Indie",2,0,2
1419670,"Action,Indie",5,5,0
730890,"Violent,Gore,Adventure,Casual,RPG",0,0,0
1181570,"Adventure,Indie",42,41,1
586060,"Action,Adventure,Indie,Racing,Strategy",16,10,6
535520,"Action,Casual,Indie",526,416,110
1083310,"Action,Adventure,Indie",88,59,29
1766300,"Action,Adventure,Casual,Indie",0,0,0
875670,"Casual,Indie",15,13,2
638780,"Action,Indie",4,4,0
673400,Design & Illustration,8,0,8
1715780,"Action,Indie,Strategy",5,4,1
293940,"Action,Indie,Simulation,Strategy",38,20,18
98500,"Action,Indie",90,45,45
1377950,"Action,Casual,Indie",0,0,0
1765560,"Action,Adventure,Indie",28,28,0
1024070,Racing,1,0,1
968590,"Action,Casual,Indie",1,0,1
388340,Indie,260,204,56
1645820,"Action,Adventure,Indie,RPG,Early Access",505,451,54
16450,Action,1819,1489,330
761100,"Action,Casual,Indie",1,1,0
449940,"Action,Adventure,Casual,Indie",16,9,7
224300,"Action,Adventure",421,353,68
340950,Indie,13,9,4
710460,Strategy,3,2,1
1661640,"Action,Adventure,Casual,Indie",18,17,1
1811590,"Adventure,RPG,Strategy",3,2,1
534220,"Gore,Action,Free to Play,Indie",0,0,0
974840,"Adventure,Casual",0,0,0
662960,"Action,Adventure,Indie,RPG",209,139,70
1437600,"Action,Adventure,Indie",0,0,0
1156650,"Action,Adventure,Casual,Indie,RPG",3,2,1
1173950,"Action,Adventure,Free to Play,Indie",0,0,0
366000,Simulation,144,94,50
838730,"Adventure,Casual",8,7,1
814020,"Action,Casual,Indie,Sports",2,2,0
901000,"Action,Indie,Early Access",2,2,0
915100,"Action,RPG",0,0,0
1701830,"Casual,Indie,Early Access",8,8,0
1308840,"Action,Adventure,Free to Play,Indie,Simulation",0,0,0
289320,"Adventure,Casual",19,9,10
740280,"Action,Casual,Indie",11,5,6
234900,"Action,Adventure,Indie",605,527,78
1216600,"Action,Casual,Indie",2,1,1
1494390,"Adventure,Free to Play",0,0,0
604240,"Action,Indie",7212,6754,458
493180,"Action,Indie",21,18,3
891370,"Indie,RPG,Strategy",131,105,26
653080,"Action,Casual,Indie",7,6,1
767360,"Casual,Indie,Racing,Sports,Early Access",20,18,2
1564560,Casual,139,129,10
597770,Early Access,50,30,20
306640,Strategy,90,83,7
1872470,"Action,Adventure,Casual,Indie,Massively Multiplayer,Racing,Simulation,Sports,Strategy",8,8,0
922560,"Adventure,Casual,Indie,RPG,Early Access",0,0,0
400360,"Adventure,Indie",86,54,32
1558320,"Adventure,Casual,Indie",2,2,0
1008030,"Casual,Free to Play,Indie",0,0,0
1681900,"Adventure,Indie,RPG,Strategy,Early Access",0,0,0
761000,"Action,Adventure,Indie,RPG",0,0,0
936210,Indie,1,1,0
681630,"Action,Indie",6,4,2
592560,Indie,2,1,1
2011650,"Action,Adventure,Indie,Early Access",1,1,0
315680,"Adventure,Indie,RPG,Strategy",26,9,17
798610,"Casual,Indie",2,1,1
1146780,"Action,Adventure,Indie",1,1,0
1585650,"Action,Casual,Indie,Early Access",2,2,0
1875360,"Indie,Racing,Simulation",17,9,8
1289770,"Indie,Strategy",0,0,0
1876720,"Adventure,Indie",0,0,0
1280970,"Action,Adventure,Casual,Indie",7,7,0
1122900,"Action,Early Access",0,0,0
342980,"Action,Free to Play,Indie,RPG",7,4,3
1126770,"Casual,Indie,Simulation",20,8,12
689360,"Adventure,Casual,Indie",15,6,9
1597060,"Indie,Simulation",22,20,2
1515490,"Action,Indie",53,52,1
490870,"Action,Indie",22,12,10
1209950,"Action,Casual,Indie,Racing,Simulation,Sports",23,22,1
1293190,"Action,Adventure,Indie",0,0,0
34600,Strategy,141,92,49
1658450,"Casual,Indie,Simulation,Strategy",3,2,1
1846870,"Action,Adventure,Early Access",6,3,3
2017230,"Adventure,Casual,Indie,Simulation",0,0,0
464740,"Casual,Indie",2,2,0
696150,"Action,Casual,Indie,Racing,Simulation,Sports",28,22,6
233720,"Action,Indie,Simulation",7968,6638,1330
467380,"Action,Adventure,Free to Play,Indie",31,29,2
1501640,Indie,0,0,0
1335210,"Action,Free to Play,Early Access",0,0,0
1353670,"Casual,Indie,Strategy",4,2,2
715460,"Indie,Strategy",13,13,0
520660,"Action,Adventure,Indie",17,10,7
1519490,"Indie,RPG,Strategy,Early Access",25,25,0
1151620,"Indie,RPG,Strategy,Early Access",2,1,1
1494780,"Indie,RPG,Strategy,Early Access",2,2,0
1965840,"Adventure,Indie,Simulation",18,17,1
1625800,"Action,Adventure,Casual,Indie,RPG,Simulation",4,2,2
891490,"Adventure,Casual,Indie",11,8,3
877480,"Action,Indie",6,6,0
1068340,"Action,Indie",4,2,2
287260,Racing,385,319,66
606870,"Action,RPG,Early Access",17,15,2
1239140,"Action,Adventure,Casual,Indie,Strategy",0,0,0
3130,Strategy,193,154,39
1279400,Action,12,9,3
1116670,"Indie,Simulation,Strategy",2,2,0
810670,"Adventure,Casual,Indie,RPG,Strategy",168,121,47
1683710,"Adventure,Casual,Indie",6,6,0
1116020,"Casual,Indie,Simulation",5,3,2
1855690,"Adventure,Indie",0,0,0
669340,"Action,Adventure,Indie",11,10,1
1694970,"Action,Adventure,Indie,Strategy",1,0,1
1423980,"Action,Indie,Massively Multiplayer",12,11,1
1581830,"Action,Adventure,Indie",6,6,0
1232330,"Action,Adventure,Indie",72,67,5
1334590,"Action,Adventure,Casual,Indie,RPG,Simulation",889,747,142
467430,Casual,25,19,6
1469490,"Adventure,Indie",1,1,0
1156590,"Adventure,Casual,Indie,Simulation",76,67,9
555650,"Sexual Content,Nudity,Casual,Indie",21,12,9
1937650,"Action,Adventure,Free to Play",0,0,0
363610,"Action,Indie",92,26,66
524660,"Animation & Modeling,Design & Illustration,Utilities,Video Production",26,15,11
1659950,"Casual,Free to Play,Indie,Early Access",0,0,0
863420,"Adventure,Indie,Massively Multiplayer,RPG,Strategy",22,8,14
1466690,Simulation,54,50,4
1820910,Adventure,11,11,0
1262080,Action,3,0,3
990090,"Free to Play,Indie,Simulation",0,0,0
2061460,"Casual,Indie",0,0,0
722200,Simulation,0,0,0
617670,"Casual,Indie",1806,1771,35
8970,Indie,45,31,14
597280,"Adventure,Casual",3,3,0
683880,"Design & Illustration,Education,Software Training,Utilities",11,11,0
1493070,Casual,3,3,0
733740,Simulation,83,78,5
802400,"Adventure,Casual,Indie",40,38,2
1982900,"Adventure,Indie",7,5,2
756350,"Violent,Action,Indie",4,1,3
1450290,"Action,Indie",1,0,1
1337660,"Action,Adventure,Indie,RPG,Early Access",3,3,0
2055680,"Casual,Indie",1,1,0
625040,"Action,Adventure,Casual,Indie,Strategy",6,3,3
348910,"Adventure,Casual",104,84,20
1204870,"Adventure,Indie,Simulation",0,0,0
1917800,"Action,Adventure,Casual,Indie",2,2,0
493520,Action,16992,15066,1926
875480,"Free to Play,Indie,Massively Multiplayer",0,0,0
1473130,"Action,Indie,Early Access",2,2,0
1174120,"Casual,Indie",2,2,0
1502630,"Casual,Indie",1,1,0
1715550,Adventure,4,3,1
497020,"Adventure,Casual",13,9,4
1545000,"Casual,Indie",1,1,0
706240,"Action,Adventure,Casual,Indie",4,4,0
1942890,"Adventure,Indie,Simulation",0,0,0
626840,"Adventure,Casual",5,5,0
329670,Simulation,31,20,11
339090,"Adventure,Indie",22,20,2
13500,"Action,Adventure",845,695,150
678150,Indie,3,2,1
1230870,"Adventure,Casual,Indie,Simulation,Strategy",2,1,1
1688690,"Indie,Strategy",0,0,0
1706150,"Action,Casual,Indie",1,1,0
1799930,"Action,Racing,Sports",409,319,90
759980,"Action,Adventure,Casual,Simulation,Sports,Strategy,Early Access",0,0,0
1171770,"Action,Casual,Indie,Racing",1,1,0
1309170,"Adventure,Indie,Massively Multiplayer",1,1,0
1953760,Action,0,0,0
1404800,"Action,Indie",0,0,0
1723390,"Action,Indie",0,0,0
726500,"Adventure,Indie",1,1,0
916150,Indie,0,0,0
954710,"Action,Indie",0,0,0
1648210,"Adventure,Free to Play,Indie",0,0,0
1898680,"Free to Play,Strategy",0,0,0
663830,"Action,Casual,Indie,Massively Multiplayer,Simulation",32,22,10
780710,"Action,Indie,Strategy,Early Access",4,3,1
1425690,Action,0,0,0
1193120,"Action,Free to Play,Indie,RPG",0,0,0
783430,"Action,Adventure,Casual,Indie",6,6,0
1269250,"Action,Casual,Free to Play,Indie",0,0,0
1825850,"Action,Indie",3,3,0
1335230,"Adventure,Casual,Indie",106,103,3
1566840,Adventure,8,8,0
1500270,Utilities,1,0,1
786980,"Action,Indie",5,1,4
1581080,"Adventure,Indie,Simulation",8,4,4
1399380,"Action,Indie",5,5,0
1938330,"Action,Casual,Indie,RPG",10,9,1
1361480,"Action,Adventure,Indie",0,0,0
1148320,"Casual,Simulation",21,17,4
1896510,"Action,Adventure,Indie",1,1,0
684800,"Action,Casual,Indie,Sports,Early Access",1,1,0
394540,"Action,Adventure,Indie",185,136,49
703530,"Action,Casual,Indie",10,3,7
1766710,Indie,0,0,0
804830,"Sexual Content,Nudity,Action,Adventure,Indie,RPG",14,3,11
312240,"Action,Adventure,Indie",4,2,2
685200,"Action,Free to Play,Indie,Early Access",0,0,0
203830,"Adventure,Indie",671,563,108
821780,"Action,Adventure,Indie",17,14,3
1693040,"Action,Indie,Racing,Sports,Early Access",68,63,5
1237800,"Simulation,Strategy",8,6,2
50920,"Casual,Indie",15,9,6
1913530,"Action,Casual,Indie,RPG,Early Access",7,4,3
1518890,"Casual,Indie",1,1,0
1819570,"Action,Free to Play,Indie",0,0,0
337760,"Simulation,Strategy",54,48,6
352520,"Adventure,Casual,Indie",2503,2334,169
410980,Strategy,793,761,32
1349640,Adventure,4,4,0
1708200,"Action,Adventure,Indie,Early Access",13,13,0
1137220,Action,4,3,1
886120,"Action,Casual,Indie,Early Access",8,3,5
1511460,"Indie,Simulation,Strategy,Early Access",416,374,42
1069380,Free to Play,0,0,0
647500,"Violent,Gore,Indie",18,10,8
1558650,"Casual,Free to Play,Indie,Strategy",0,0,0
1616280,"Casual,Indie,RPG",44,44,0
1490190,"Adventure,Casual,Free to Play,Indie",0,0,0
1398030,Indie,0,0,0
974140,Strategy,0,0,0
759040,"Action,Early Access",0,0,0
943970,"Action,Casual,Simulation",2,1,1
965300,Strategy,153,123,30
1113780,"Adventure,Casual",42,36,6
1891130,"Casual,Simulation,Early Access",2,0,2
381130,"Indie,Simulation,Strategy",11,4,7
1026100,"Action,Adventure,Casual,Free to Play,Indie,RPG,Simulation",0,0,0
1870580,"Casual,Indie,Simulation",1,1,0
681410,Indie,5,5,0
452230,"Adventure,Free to Play,RPG,Strategy",2,2,0
510550,Strategy,7,3,4
599070,Simulation,2,2,0
918990,"Action,Indie",41,23,18
338290,"Adventure,Casual,Indie",6,4,2
840860,"Action,Casual,Indie,Sports",1,1,0
57900,Action,2984,1956,1028
1220120,"Action,Adventure,Casual,Indie,Strategy",10,6,4
1467130,"Adventure,Casual,Indie",1,1,0
381000,"Casual,Indie,Simulation",0,0,0
1373750,"Adventure,Casual,Indie",0,0,0
311940,"Action,Indie",1,0,1
1227600,Casual,12,10,2
547540,"Action,Free to Play",1,1,0
656040,"Adventure,Casual,Indie",28,23,5
1621200,"Indie,Simulation,Early Access",11,8,3
1061470,"Casual,Indie",18,15,3
1608460,"Adventure,Casual,Indie,RPG,Simulation,Strategy",1,1,0
211600,"Action,Simulation",1753,1632,121
1745170,"Action,Adventure,Indie,Simulation,Early Access",54,48,6
1361950,"Casual,Strategy",1,1,0
1875140,"Adventure,Indie,RPG",0,0,0
1290170,"Adventure,Casual,Indie,Simulation",265,215,50
1910210,Simulation,0,0,0
342510,"Casual,Indie,RPG",5,4,1
1288380,"Action,Indie",1,0,1
360940,"Action,Indie",3754,3060,694
861860,"Action,Adventure,Casual,Indie",1,1,0
603060,"Action,Adventure,Casual,RPG",16,14,2
844130,"Adventure,Indie",22,22,0
1903840,"Adventure,Casual",0,0,0
1227490,Indie,4,2,2
1116800,"Action,Casual,Indie",1,1,0
403030,Design & Illustration,5,5,0
1166090,"Indie,Sports",0,0,0
1976000,"Casual,Indie",2,2,0
1388690,"Adventure,Casual,Indie,Early Access",0,0,0
1039330,"Adventure,Casual,Indie",1,1,0
561450,"Action,Indie,RPG",7,4,3
751270,"Action,Indie",1,1,0
324080,"Action,Adventure,Indie,RPG,Early Access",2269,1909,360
98600,"Action,Casual,Indie,Simulation,Strategy",177,140,37
1712490,Indie,2,2,0
1344340,Action,1,1,0
569970,"Adventure,Indie,RPG",90,52,38
1305720,"Adventure,Indie",0,0,0
1852380,Adventure,12,12,0
846110,"Action,Adventure,Indie,RPG",327,293,34
631260,"Adventure,Casual",3,3,0
1326710,"Animation & Modeling,Design & Illustration,Education,Photo Editing,Software Training,Video Production,Web Publishing,Game Development",0,0,0
1209410,"Action,Adventure,Indie,RPG",201,121,80
1506980,"Adventure,Casual,Indie,RPG",14,13,1
1193490,"Action,Adventure,Indie,Early Access",3,3,0
1333190,"Adventure,Casual,Strategy",9,9,0
242840,"Action,Adventure,Indie,RPG",412,317,95
1995700,"Adventure,Indie,Simulation",0,0,0
1662750,RPG,8,6,2
652200,"Casual,Indie",3,3,0
562740,"Action,Adventure,Casual,Indie,RPG,Simulation",6,4,2
1958860,"Casual,Indie",12,11,1
988590,"Indie,RPG",0,0,0
966450,"Action,Adventure,Casual,Free to Play,Indie,Strategy",0,0,0
862210,"Casual,Indie",15,5,10
1774970,Simulation,8,5,3
898090,"Violent,Gore,Action,Adventure,Indie,Strategy",1,1,0
679510,"Action,Adventure,Casual,Indie,Strategy",2,1,1
1609390,"Action,Indie,RPG",0,0,0
836590,Action,13,4,9
777400,"Action,Casual,Indie",32,12,20
1689520,"Adventure,Casual,Indie",3,1,2
1280750,"Adventure,Indie,Strategy",23,13,10
939470,"Action,Casual,Indie,Strategy",0,0,0
809960,"Action,Adventure,Free to Play,Indie,Massively Multiplayer,Early Access",55,47,8
1180000,"Action,Casual",1,1,0
1404550,"Adventure,Indie,RPG",1,0,1
1880860,"Adventure,Indie,Simulation",8,2,6
974910,"Adventure,Indie,RPG,Simulation",114,105,9
1747750,"Action,Adventure",0,0,0
372160,"Simulation,Strategy",9,2,7
1523010,"Action,Adventure,Casual,Indie,Early Access",2,2,0
1291250,"Action,Indie,Massively Multiplayer",2,2,0
2058430,"Action,Indie",3,3,0
502480,"Animation & Modeling,Design & Illustration,Utilities",5,3,2
1173640,"Action,Adventure",1,0,1
289440,Strategy,47,37,10
530620,"Action,Adventure",184,158,26
800320,"Action,Casual,Indie",1,1,0
1903130,"Action,Adventure,Casual,Indie,RPG,Simulation,Strategy,Early Access",2,2,0
1003530,"Action,Adventure,Casual,Indie,RPG,Simulation",0,0,0
406050,Software Training,1,1,0
477140,"Adventure,Indie,Early Access",2,1,1
1510390,"Adventure,Casual,Indie",2,2,0
486140,"Action,Casual,Indie",3,2,1
1549660,"Strategy,Education,Software Training,Utilities",0,0,0
693380,"Action,Casual,Indie",5,5,0
1860550,"Action,Adventure,Indie",0,0,0
1741830,"Photo Editing,Utilities,Game Development",1,1,0
448510,"Action,Casual,Indie,Simulation",3928,3639,289
869750,"Action,Indie,Sports",3,2,1
1596810,"Casual,Indie,Simulation",0,0,0
1799190,"Adventure,RPG",1,1,0
1707320,"Adventure,Casual,Indie",3,2,1
1589040,"Casual,Indie,Strategy",1,0,1
1682120,"Adventure,Casual,Indie",0,0,0
2023670,Adventure,6,5,1
479150,"Casual,Indie",1,1,0
712980,"Adventure,Indie",13,9,4
641950,"Indie,RPG,Early Access",14,9,5
1641730,"Action,Casual,Indie,Massively Multiplayer,Sports,Early Access",2,2,0
810470,"Adventure,Casual,Indie",16,14,2
1131590,"Adventure,Casual,Free to Play,Indie,RPG,Simulation,Strategy",0,0,0
1178280,"Animation & Modeling,Audio Production,Design & Illustration,Utilities,Early Access",25,5,20
1761260,"Adventure,Casual,Indie",0,0,0
1918460,Adventure,0,0,0
513550,"Adventure,Casual,Indie",3,3,0
606280,"Action,Adventure,RPG",3413,2624,789
1094530,"Adventure,Casual",4,4,0
548650,"Action,Adventure,Indie,RPG,Early Access",27,20,7
1200230,"Action,Adventure,Indie,RPG,Simulation,Strategy",56,24,32
1017940,"Casual,Simulation,Sports",21,16,5
603990,"Adventure,Indie",2,1,1
1641790,"Action,Adventure,Casual,Indie",0,0,0
304870,"Action,Adventure,Casual,Indie,RPG",6,5,1
320610,"Adventure,Casual",78,57,21
740560,"Action,Adventure,Indie,RPG,Strategy",0,0,0
1001070,"Adventure,Casual,Indie",35,31,4
1814850,"Free to Play,Indie",0,0,0
319050,"Indie,RPG,Strategy",577,428,149
903570,"Action,Casual,Indie,Racing",0,0,0
1817200,"Indie,RPG",0,0,0
1402060,"Action,Adventure,Casual,Indie,Strategy",0,0,0
1990740,"Casual,Indie,Racing",10,9,1
1386440,"Action,Indie",36,30,6
1873720,"Action,Indie",0,0,0
1549220,"Casual,Simulation",5,4,1
1213860,"Casual,Indie,Strategy",11,10,1
347440,"Adventure,Indie",90,61,29
925910,"Action,Adventure,Casual",17,11,6
935750,"Simulation,Strategy",11,8,3
1380660,"Adventure,Indie",0,0,0
1889320,"Indie,Strategy",18,17,1
1580240,RPG,464,428,36
1985770,"Casual,Indie",74,70,4
1682580,"Adventure,Casual,Indie,Massively Multiplayer,RPG,Simulation",9,7,2
851530,"Action,Free to Play,Indie",0,0,0
636460,"Simulation,Sports",41,31,10
686030,Adventure,12,12,0
1005390,"Action,Casual,Indie",0,0,0
1466300,"Action,Casual,Indie,Sports,Strategy,Early Access",1,0,1
1371340,"Action,Adventure,Indie",6,1,5
816930,"Action,Adventure,Indie",0,0,0
1172660,"Casual,Indie",3,2,1
523070,"Casual,Free to Play,Indie,Strategy,Early Access",1,1,0
1782640,"Indie,Simulation,Strategy",0,0,0
579870,"Action,Adventure,RPG",2,0,2
725850,"Casual,Indie,Strategy",12,11,1
824850,"Adventure,Casual,Indie",91,86,5
1212680,"Action,Casual,Indie,Strategy",0,0,0
1089100,"Action,Casual,Indie",0,0,0
574690,"Adventure,Indie,RPG",7,6,1
864550,"Adventure,Casual,Indie,RPG",51,40,11
1634940,"Action,Adventure,Indie,RPG,Early Access",13,9,4
895110,"Action,Simulation,Early Access",2,2,0
1820740,"Indie,RPG,Simulation",0,0,0
209080,"Action,Adventure,Indie,Simulation",6312,5809,503
799870,"Adventure,Indie,RPG,Strategy",5,3,2
1430420,Casual,489,482,7
34270,"Action,Adventure,Casual,RPG",3877,3337,540
916630,"Action,Indie",0,0,0
825610,"Adventure,Casual,Indie,Racing",0,0,0
1911530,Action,7,6,1
990850,"Action,Adventure,Casual,Indie,Simulation",16,7,9
355070,"Action,Free to Play,Massively Multiplayer",0,0,0
1650300,"Action,Adventure,Casual,Indie,RPG,Simulation",4,3,1
868210,"Violent,Action,Indie,Simulation,Early Access",1,1,0
1919530,"Casual,Indie,Strategy",4,4,0
1784020,Adventure,0,0,0
1571940,Action,45,45,0
496040,"Action,Indie",51,37,14
1263350,"Action,Adventure,Indie",49,45,4
1447260,"Indie,RPG,Strategy",0,0,0
1334120,"Action,Free to Play",0,0,0
1275260,"Action,Adventure,Casual,Indie,Strategy,Early Access",0,0,0
662550,"Action,Adventure,Indie,RPG",3,3,0
1463050,"Action,Indie,Early Access",1,0,1
745620,"Action,Indie",2,1,1
1538460,RPG,15,14,1
822930,"Sexual Content,Nudity,Casual,Indie",585,563,22
1182920,"Design & Illustration,Utilities,Video Production",260,215,45
426690,"Casual,Indie",100,95,5
1761010,"Adventure,Casual,Indie",20,19,1
1676740,"Action,Adventure,Indie,RPG",6,4,2
298280,"Action,Indie",73,57,16
423760,"Action,Adventure,Casual,Indie,Strategy",4,2,2
347270,"Action,Simulation",14,7,7
867850,"Indie,Simulation",3,1,2
1363020,"Adventure,RPG",1,1,0
1042530,"Massively Multiplayer,Simulation,Strategy",0,0,0
754300,RPG,5,5,0
875500,"Action,Indie,RPG",1,0,1
429060,"Casual,Indie,Strategy",25,7,18
1064730,"Adventure,Casual,RPG,Simulation,Strategy",229,187,42
1825530,"Casual,Strategy",0,0,0
458170,"Action,Casual,Indie,Sports",14,13,1
945620,"Action,Casual,Racing,Simulation",0,0,0
1210150,"Adventure,Indie",23,14,9
303470,"Action,Strategy",9,7,2
649300,"Indie,Simulation,Strategy",3,0,3
1577660,"Action,Adventure,Indie",46,46,0
719280,"Action,Casual,Indie",0,0,0
1882580,"Action,Adventure,Casual,Indie,Simulation,Sports",62,46,16
1232210,Accounting,2,1,1
1298670,"Action,Casual,Indie",18,12,6
1336840,"Adventure,Indie,RPG,Early Access",22,13,9
376490,"Adventure,Casual,Indie",22,18,4
794350,"Action,Adventure,Indie",8,3,5
1904310,Indie,0,0,0
1201960,"Adventure,Casual",4,4,0
1888620,"Adventure,Casual,Indie",1,1,0
1767190,Casual,6,6,0
1877920,"Indie,Simulation",14,14,0
1085520,Racing,16,11,5
1767610,"Action,Adventure",0,0,0
1102770,"Education,Utilities",0,0,0
453720,"Adventure,Indie",125,93,32
2060540,"Casual,Indie",1,0,1
352160,"Action,Free to Play,Indie",0,0,0
794990,"Adventure,Casual,Indie,Massively Multiplayer",6,2,4
1105300,"Casual,Indie",6,5,1
1488750,Action,28,24,4
1003670,"Adventure,Casual,Indie",3,1,2
38070,"Casual,Simulation",8,8,0
1702400,Casual,0,0,0
230410,"Action,Free to Play,RPG",1126,988,138
1061120,"Adventure,Casual,Indie",1,1,0
1629040,"Action,Casual",1,0,1
755800,"Free to Play,Massively Multiplayer,Strategy",0,0,0
356290,Strategy,19,13,6
335690,"Adventure,Casual,Indie,Simulation",13,7,6
925940,"Adventure,Casual",114,81,33
743990,"Action,Indie",2,1,1
1053020,"Action,Indie",1,1,0
339860,"Adventure,Indie,Massively Multiplayer,RPG,Strategy",8,0,8
1744640,"Action,Adventure,Casual,Indie",5,3,2
1481060,"Action,Adventure,Massively Multiplayer,Early Access",11,8,3
202970,Action,7681,6428,1253
1608860,"Indie,Strategy",2,1,1
1771990,"Action,Casual,Indie,Early Access",4,4,0
875160,"Casual,Indie,Simulation",8,6,2
1873400,Adventure,1,0,1
1123830,"Indie,Simulation,Strategy",498,391,107
528730,"Action,Indie,RPG",112,90,22
1483330,"Adventure,Casual,Indie",4,2,2
503450,"Adventure,RPG",6,3,3
815800,"Action,Adventure,Indie,Simulation",1,1,0
1733950,"Action,Casual,Indie",0,0,0
699590,"Action,Casual,Indie,Simulation,Strategy",22,13,9
1182590,"Casual,Indie,Racing",0,0,0
539280,Casual,35,22,13
647430,Strategy,0,0,0
1158720,"Adventure,Indie",10,9,1
983640,"Adventure,Indie,RPG,Strategy",8,8,0
327220,"Adventure,Indie",520,453,67
375320,"Adventure,Indie",53,30,23
1461090,"Adventure,Casual,Indie,Simulation",0,0,0
398180,"Action,Casual,Indie",140,93,47
1570500,"Action,Indie",5,5,0
906360,"Adventure,Casual,Indie,RPG,Simulation,Sports,Strategy",3,2,1
532690,Simulation,15,9,6
1268870,"Action,Casual,Indie,RPG,Simulation",11,7,4
971540,"Action,Adventure,Casual,Indie,Massively Multiplayer",6,6,0
1232420,"Action,Adventure,Casual,Free to Play,Massively Multiplayer,RPG,Strategy",0,0,0
71166,Adventure,5,5,0
1707570,"Adventure,Indie,Simulation,Early Access",1,0,1
1016750,"Casual,Indie,Early Access",0,0,0
1719080,"Adventure,Indie",0,0,0
1720860,"Action,Adventure,Casual,Indie",1,1,0
350110,"Simulation,Strategy",171,81,90
312150,"Action,Free to Play,Indie,Early Access",27,25,2
1056510,Adventure,27,21,6
1052420,"RPG,Simulation,Strategy,Early Access",3,1,2
1886260,"Casual,Indie",0,0,0
535530,"Action,Adventure,RPG",4,2,2
1786030,"Adventure,Casual",5,3,2
904320,"Casual,Indie,RPG",1,1,0
693020,"Action,Casual,Indie",0,0,0
882840,"Action,Adventure,Casual,Indie,Early Access",2,1,1
1459410,"Action,Adventure,RPG",8,3,5
1377010,"Indie,RPG,Simulation,Early Access",5,3,2
472770,Indie,7,7,0
1998050,"Adventure,Indie,RPG,Early Access",38,35,3
302080,"Indie,Simulation",541,429,112
1378360,"Action,Adventure,Indie,Early Access",106,102,4
449170,"Casual,Strategy",48,43,5
763380,RPG,2,2,0
1499190,"Action,Adventure,Indie",25,25,0
1475470,"Casual,Indie,Racing,Sports",0,0,0
788480,"Action,Adventure,Indie",8,4,4
1854290,"Adventure,Casual,Indie",5,4,1
70000,"Action,Indie",4544,3986,558
894570,"Action,Casual,Indie",7,6,1
851940,"Indie,Racing,Sports",7,3,4
861010,Indie,5,5,0
2054640,"Casual,Indie",0,0,0
715660,"Action,Adventure,Indie,RPG",5,3,2
1714280,"Action,Indie",2,0,2
557760,"Adventure,Strategy",1,1,0
1235120,"Action,Casual,Indie",50,43,7
1375120,Indie,0,0,0
976010,Indie,267,245,22
1596750,Casual,44,38,6
1490880,"Action,Indie",1,1,0
1127140,"Adventure,Casual,Indie,RPG",0,0,0
824450,"Casual,Indie,Simulation,Strategy",24,12,12
678540,"Action,Casual,Indie",5,3,2
612040,"Action,Casual,Indie",5,5,0
1482060,"Adventure,Free to Play,Indie,RPG,Simulation",0,0,0
613550,Education,0,0,0
307030,"Action,Adventure,Indie",11,10,1
561260,Indie,18,18,0
1237510,"Adventure,Indie",35,29,6
1387030,"Casual,Indie",10,9,1
870020,"Casual,Indie",9,7,2
1605600,"Action,Early Access",7,4,3
2130,"Action,RPG",8,8,0
836850,"Action,Casual,Indie,Early Access",68,42,26
952010,"Adventure,Indie,RPG",8,4,4
785750,Simulation,8,7,1
1351840,"Action,Indie,RPG",1,1,0
445430,"RPG,Strategy",14,11,3
738720,Indie,2,2,0
336220,"Action,Adventure,Indie,Early Access",27,19,8
1671250,"Casual,Indie,RPG,Simulation",22,21,1
729040,"Action,RPG",6442,5515,927
679770,"Adventure,Casual,Indie,Simulation",27,25,2
663160,"Violent,Gore,Action,Adventure,Indie,RPG,Simulation,Strategy,Early Access",4,1,3
362930,Racing,7719,6993,726
1008290,"Casual,Indie,Simulation",12,7,5
1209160,"Action,Indie",3,3,0
1453710,"Adventure,Indie,Simulation,Strategy",20,19,1
1507740,"Indie,Simulation",9,9,0
1069270,"Action,Adventure,Casual,Indie",9,8,1
1307890,"Indie,Simulation,Strategy,Early Access",2286,2053,233
1651450,"Casual,Indie",2,2,0
721990,"Action,Indie",1,0,1
1087770,"Casual,Indie,Simulation",1,0,1
1689190,"Action,Racing",41,38,3
1404450,"Adventure,Casual,Indie",0,0,0
682810,"Action,Indie,Sports",3,3,0
1072620,"Adventure,Casual,Indie",19,12,7
326950,"Adventure,Indie,RPG",93,72,21
1785020,"Casual,Indie",2,1,1
1191940,"Adventure,Casual,RPG",133,122,11
1544600,"Education,Software Training,Utilities,Web Publishing",0,0,0
802340,"Casual,Indie,Simulation,Sports,Early Access",3,2,1
38700,"Casual,Indie",709,611,98
413620,"Adventure,Casual,Free to Play",0,0,0
1531460,"Action,Adventure,Indie,Racing,RPG,Simulation",0,0,0
1023700,Adventure,33,26,7
1585570,"Casual,Indie,RPG,Simulation",14,13,1
645330,"Violent,Gore,Action,Adventure",6,0,6
875930,"Adventure,Casual,Indie,Simulation",6,5,1
11390,"Action,Racing,Simulation",381,216,165
1586660,Simulation,3,2,1
599060,"Free to Play,Massively Multiplayer,RPG",0,0,0
1539810,Casual,0,0,0
1045580,"Action,Casual,Indie",39,38,1
1062540,Casual,4,3,1
1200580,"Action,Indie",8,6,2
842470,"Casual,Indie,Simulation",3,3,0
1895270,"Casual,Simulation,Sports",1,1,0
968200,"Casual,Free to Play,Indie",0,0,0
1177840,"Casual,Free to Play,Indie",0,0,0
1086410,"Casual,Indie,Simulation,Sports",433,413,20
1995060,Indie,10,9,1
439910,"Action,Casual,Indie",86,67,19
624371,"Action,Adventure,Massively Multiplayer,RPG,Simulation,Strategy",51,41,10
847560,"Action,Adventure,Indie,RPG",7,7,0
1952030,"Indie,RPG,Strategy",0,0,0
964390,"Adventure,Casual,Simulation",10,2,8
358200,Adventure,20,19,1
1650830,"Casual,Indie",13,11,2
473560,"Action,Casual,Indie,Strategy",118,61,57
837800,"Adventure,Casual",28,19,9
1593760,"Action,Casual,Indie",2,2,0
41730,"Action,Casual,Indie",48,38,10
421880,"Action,Adventure,Casual,Indie,Strategy",22,12,10
1065940,"Indie,RPG",32,19,13
782570,"Adventure,Indie,RPG,Strategy",7,3,4
1886630,"Casual,Indie,Simulation",178,110,68
1365630,Casual,3,3,0
1471900,"Action,Adventure,Casual,Simulation,Strategy",2,2,0
50640,"Action,Adventure",0,0,0
707280,Education,6,2,4
1188670,"Casual,Indie,Simulation,Strategy,Early Access",2,1,1
1147620,"Action,Adventure,Casual,Indie,RPG",2,0,2
2002560,"Adventure,Casual,Free to Play,Indie,Early Access",0,0,0
568130,"Action,Adventure,Indie",0,0,0
302510,Action,9592,8033,1559
938210,Casual,1,0,1
610980,"Adventure,Indie",10,10,0
610670,"Adventure,Casual,Indie,RPG,Early Access",28,9,19
513740,"Adventure,Indie",16,5,11
824070,"Action,Adventure,Indie,RPG,Simulation,Strategy",440,226,214
724110,"Indie,Strategy",3,0,3
1150850,"Adventure,Free to Play,RPG,Strategy",0,0,0
929850,"Action,Casual,Indie",14,14,0
520440,Action,2974,2833,141
416870,"Casual,Indie,Simulation",128,117,11
558720,"Action,Indie,Strategy,Early Access",2,1,1
1795620,"Action,Adventure",3,2,1
45450,"Casual,Indie",147,135,12
1586650,"Action,Adventure,Casual,Indie",0,0,0
1180800,Indie,0,0,0
893840,Strategy,77,72,5
740060,"Action,Adventure",3,0,3
1607770,"Action,Casual,Indie,Strategy",1,1,0
1717370,Indie,3,2,1
1905260,Casual,26,25,1
682730,"Casual,Indie",14,5,9
718540,"Action,Adventure,Indie,RPG,Simulation",10,5,5
1385940,"Adventure,Casual,Indie,Simulation",3,2,1
368760,"Adventure,Indie,RPG",8,3,5
1857650,"Adventure,Indie,Early Access",6,6,0
1651410,"Action,Adventure,Indie",0,0,0
448610,"Action,Indie,Racing",58,38,20
446790,"Action,Adventure,Indie,RPG",477,306,171
479140,"Adventure,Indie,RPG",15,13,2
1701190,"Casual,Strategy",65,64,1
520990,"Adventure,Indie",80,62,18
727330,"Violent,Gore,Action,Indie,Early Access",1,1,0
1787040,"Adventure,Indie",0,0,0
867760,"Action,Casual,Indie",0,0,0
1420860,"Adventure,Indie",0,0,0
1447310,Casual,17,11,6
7530,Strategy,108,41,67
342200,"Action,Free to Play,Massively Multiplayer,Simulation,Strategy",105,76,29
1854790,Casual,0,0,0
1055030,"Adventure,Early Access",1,1,0
1367720,"Massively Multiplayer,Strategy",0,0,0
705070,"Casual,Indie,Racing",37,14,23
1043450,"Adventure,Casual,Indie",0,0,0
1500600,"Adventure,Casual,Indie,RPG",0,0,0
412440,"Adventure,Casual,Simulation,Strategy",4,1,3
562810,Casual,6080,2639,3441
684200,"Action,Indie,Strategy",12,8,4
1256770,"Indie,Simulation",1,1,0
541190,"Adventure,Free to Play,Indie,Massively Multiplayer,RPG",0,0,0
348180,"Adventure,Indie,RPG",35,19,16
1823320,Adventure,7,7,0
1367780,"Action,Adventure,Casual,Free to Play,Indie",0,0,0
1544090,"Adventure,Casual,Indie,RPG,Strategy",1,0,1
775500,"Action,Adventure,RPG",3393,3025,368
1556670,"Adventure,Indie,RPG,Simulation,Strategy",3,1,2
503580,"Action,Adventure,Casual,Indie",997,842,155
405240,"Sexual Content,Nudity,Violent,Indie,Simulation",16,9,7
679530,"Casual,Indie,Strategy",14,7,7
894830,"Action,Free to Play,Indie,Massively Multiplayer",0,0,0
271970,"Indie,RPG",118,100,18
380810,"Adventure,Indie",84,76,8
1492450,"Action,Casual,Free to Play,Indie",0,0,0
465090,"Simulation,Sports",1,0,1
1798820,"Casual,Indie",0,0,0
1126070,"Action,Indie,Racing",4,4,0
904050,"Casual,Indie",5,2,3
1930730,"Action,Adventure,Free to Play,Massively Multiplayer,RPG",0,0,0
1472540,"Action,Adventure,Indie,RPG",11,10,1
514360,"Action,Indie",5,3,2
576820,"Casual,Indie",3,3,0
868810,"Action,Casual,Indie,Early Access",0,0,0
1339000,"Casual,Indie,Simulation",378,332,46
348300,"Action,Adventure,Strategy",87,76,11
1360660,"Action,Adventure,Indie",20,9,11
716760,"Action,Adventure,Indie",11,5,6
1438870,Simulation,7,7,0
1227590,Casual,14,11,3
1309040,"Casual,RPG",1,1,0
204340,"Action,Indie",2388,2074,314
1209190,Adventure,3,1,2
825500,"Action,Indie",10,5,5
553100,"Casual,Simulation",9,1,8
234710,"Casual,Sports",3914,3365,549
1656780,"Indie,RPG,Strategy",1153,901,252
274620,"Action,Free to Play,Indie,RPG,Early Access",39,24,15
1749750,"RPG,Strategy",103,62,41
905270,"Casual,Indie",1,0,1
938350,"Indie,RPG,Simulation,Early Access",6,4,2
1393420,"Action,Indie",68,65,3
396890,"Indie,Simulation",164,138,26
890031,"Action,Adventure",0,0,0
465960,Casual,6,3,3
735350,"Adventure,Casual",109,79,30
1962570,"Action,Adventure,Massively Multiplayer,RPG,Simulation,Early Access",19,14,5
314630,"Adventure,Casual,Indie",8,6,2
612890,"Casual,Indie",6,6,0
1812620,Utilities,82,68,14
215790,"Casual,Simulation",188,40,148
1584200,"Action,Casual,Free to Play,Indie,Sports",0,0,0
1581280,"Action,Indie",7,7,0
335820,"Adventure,Free to Play,Massively Multiplayer,RPG",2,2,0
755340,"Action,Adventure,Indie",2,2,0
1596290,"Action,Indie",0,0,0
932790,"Action,Adventure,Indie",18,13,5
512110,"Casual,Indie",11,8,3
264520,"Adventure,Indie",87,66,21
1092050,"Action,Adventure,Indie,Early Access",5,5,0
1836920,"Action,Casual,Indie,Strategy,Early Access",1,1,0
264340,"Action,Adventure,Casual,Indie",39,36,3
1629220,"Adventure,Indie",2,2,0
748660,"Action,Simulation",0,0,0
1578110,"Action,Casual,Indie,Early Access",6,5,1
763210,"Adventure,Casual,Indie,RPG",7,3,4
1604100,"Adventure,Casual,Indie",3,3,0
1284460,"Action,Adventure,Casual,Indie",0,0,0
1534980,"Adventure,Indie,RPG,Strategy,Early Access",60,55,5
1101330,"Casual,Indie",0,0,0
904430,"Casual,Indie,Sports",2,2,0
763710,Action,22,16,6
1319260,"Casual,Indie",0,0,0
568720,"Adventure,Casual,Indie",54,24,30
1067390,"Indie,RPG",6,6,0
878080,"Casual,Strategy",14,9,5
244890,"Action,Indie",55,49,6
1327600,"Casual,Free to Play,Indie",1,1,0
1112100,"Action,Adventure,Indie,Simulation",22,13,9
579180,"Action,RPG",1388,1265,123
326960,Action,0,0,0
302210,Adventure,62,46,16
939810,"Action,Simulation,Early Access",3,0,3
818860,Adventure,8,8,0
705230,"Sexual Content,Action,Indie",3,1,2
1868050,"Action,Free to Play,RPG",6,5,1
2072780,"Casual,Indie",2,1,1
889470,"Indie,Simulation",3,1,2
1120400,"Indie,RPG,Early Access",55,48,7
1310860,"Indie,Animation & Modeling,Photo Editing,Video Production,Game Development",0,0,0
1430640,"Action,Adventure,Indie,Early Access",51,28,23
485620,"Casual,Indie,Strategy",31,23,8
688370,"Action,Adventure,Casual,Indie",1,1,0
869760,"Adventure,Indie,RPG",0,0,0
569200,"Action,RPG,Simulation",4,4,0
409100,Indie,366,317,49
1770160,"Casual,Indie",5,5,0
429180,"Racing,Simulation,Sports",15,4,11
1877830,Strategy,4,4,0
1128260,"Adventure,Casual",21,20,1
1107230,"Adventure,Indie",79,75,4
205990,Strategy,561,362,199
660820,"Casual,Indie",1,0,1
366530,"Animation & Modeling,Design & Illustration,Education,Software Training,Utilities,Game Development",0,0,0
370070,"Adventure,Indie,Strategy",23,18,5
518060,"Casual,Indie,Simulation,Sports,Strategy",705,517,188
1402130,"Action,Indie",1,1,0
1827310,"Adventure,Casual",0,0,0
1848640,"Indie,Simulation,Sports",1,1,0
662610,"Action,Indie",0,0,0
799270,"Indie,Racing,Sports",4,2,2
987020,"Action,Indie,Racing,Simulation,Sports,Early Access",624,369,255
1249890,"Action,Casual,Indie,Early Access",4,3,1
1068700,"Adventure,Casual",6,4,2
722350,"Action,Adventure,Indie,RPG,Simulation",5,3,2
1670460,"Animation & Modeling,Design & Illustration,Education,Software Training,Utilities,Web Publishing,Game Development",3,3,0
1403130,"Action,Casual,Indie,Early Access",1,1,0
1069210,"Adventure,Indie",41,36,5
1114860,"Free to Play,Indie,Strategy,Early Access",0,0,0
1132730,"Action,Adventure,Indie,RPG,Strategy",8,7,1
1444350,"Action,Adventure,Indie",480,470,10
1283370,"Adventure,Indie",6,5,1
987490,"Action,Indie,Simulation",3,1,2
1090660,"Casual,Indie",1,1,0
277850,"Indie,Sports",21,17,4
914320,"Casual,Free to Play,Indie,RPG,Simulation",0,0,0
1123620,Indie,3,3,0
2069110,"Casual,Indie",5,5,0
469790,"Action,Adventure,Casual,Indie",289,283,6
532260,"Indie,Simulation",14,4,10
1416130,"Action,Adventure,Casual,Free to Play,Indie",0,0,0
956200,"Action,Casual,Indie",4,4,0
1788100,Adventure,16,13,3
561610,"Racing,Simulation,Sports",157,116,41
1037590,Action,233,203,30
1454240,"Casual,Indie",1,0,1
577460,"Action,Adventure,Indie,RPG",86,39,47
426310,"Adventure,Indie",190,135,55
672050,"Action,Indie",3,0,3
746930,"Indie,Massively Multiplayer,RPG",857,650,207
655600,"Casual,Indie,Strategy",0,0,0
815730,"Action,Casual,Indie",4,3,1
1737510,"Casual,Indie,RPG",1,0,1
1261650,"Casual,Indie",0,0,0
1032420,"RPG,Simulation",0,0,0
1910580,"Action,Adventure,Casual,Free to Play,Indie,Strategy",0,0,0
1228790,Action,8,6,2
410340,"Indie,Racing,Simulation,Sports",3012,2807,205
432030,"Animation & Modeling,Design & Illustration,Utilities,Early Access",7,6,1
1311540,"Adventure,Indie",13,9,4
1296510,"Action,Adventure,Indie",283,242,41
1088750,Simulation,33,31,2
1124270,"Adventure,Indie,RPG",1,0,1
998270,"Adventure,Casual,Indie,RPG",2,2,0
489360,"Action,Adventure,Indie,Simulation",558,414,144
432110,"Adventure,Indie",14,6,8
1546640,Casual,9,4,5
657010,"Casual,Free to Play",0,0,0
1706570,"Action,Indie",50,43,7
9880,"Free to Play,Massively Multiplayer,RPG",150,83,67
337730,"Action,Casual,Indie",4,2,2
420900,"Action,Indie,Early Access",5,5,0
1013400,"Action,Adventure,Indie",0,0,0
1493930,Indie,2,2,0
392020,"Action,Casual,Indie",66,62,4
1572320,"Action,Adventure,Indie,Early Access",0,0,0
1788750,"Action,Indie",0,0,0
2003310,"Casual,Free to Play,Design & Illustration,Utilities",0,0,0
1490860,"Adventure,Free to Play,Racing",0,0,0
498710,"Violent,Adventure,Casual,Free to Play,Indie,Simulation",0,0,0
1479830,"Action,Adventure,Indie,RPG",5,5,0
737880,"RPG,Simulation",25,18,7
1428040,"Casual,Indie,Strategy",3,3,0
1199780,"Casual,Indie",3,3,0
838050,"Adventure,Indie,RPG",19,7,12
1238080,"Action,Adventure,Racing",1944,1212,732
1049100,"Adventure,Casual,Indie",50,46,4
423270,"Action,Indie",9,5,4
1829730,"Action,Casual,Free to Play",0,0,0
1474840,Indie,0,0,0
797190,"Action,Adventure,Indie,RPG,Strategy",9,2,7
884320,"Adventure,Casual,Indie,Simulation",176,103,73
1359440,"Casual,Free to Play,Early Access",0,0,0
1441840,"Adventure,Indie,RPG",37,32,5
1059880,"Action,Adventure,Casual,Indie,RPG",123,100,23
1454520,"Action,Casual,Free to Play,Indie,RPG",0,0,0
391590,Adventure,13,7,6
1073860,"Free to Play,RPG",0,0,0
1704920,"Casual,Indie,Early Access",2,1,1
569630,"Action,Indie,Strategy",74,53,21
1412240,"Adventure,Indie,Massively Multiplayer",58,52,6
396260,"Action,Indie,Simulation",34,31,3
845390,"Action,Indie",5,3,2
1963590,"Casual,Indie,Early Access",0,0,0
550360,"Violent,Gore,Action,Adventure,Casual,Indie,Strategy",37,24,13
1359090,"Action,Simulation,Strategy,Early Access",12859,10484,2375
1153030,"Casual,Indie",0,0,0
689340,"Casual,Indie,Strategy",6,4,2
1729070,Casual,2,1,1
259570,"Action,Adventure,Indie,Strategy,Early Access",725,426,299
532290,"Adventure,Indie",37,30,7
1575670,"Action,Casual",34,33,1
1371350,RPG,1,1,0
1461730,"Action,Adventure,Indie,RPG",0,0,0
717380,"Adventure,Indie,RPG,Simulation",0,0,0
1594890,"Adventure,Indie",5,5,0
631510,Action,2195,2017,178
969690,"Indie,RPG",14,13,1
1523350,"Casual,Racing",4,4,0
222440,Action,726,702,24
1311830,"Action,Indie",0,0,0
1907180,Casual,0,0,0
1520810,"Action,Free to Play",0,0,0
519170,"Adventure,Free to Play,RPG",1,0,1
569900,"Adventure,Casual",1,1,0
1886370,Indie,1,1,0
665120,"Action,Casual,Indie,Simulation,Sports",37,29,8
1060360,"Action,Indie",1,1,0
868830,"Action,Adventure,Simulation",0,0,0
889400,"Action,Indie,Early Access",11,11,0
624260,"Adventure,Indie,Simulation",0,0,0
1827660,"Casual,Indie,Simulation,Early Access",12,12,0
857900,"Action,Indie",7,5,2
510080,"Action,Indie,Sports,Early Access",8,5,3
1687030,"Adventure,Casual",7,7,0
1217280,"Casual,Indie,Simulation,Strategy,Early Access",0,0,0
1204830,"Action,Casual,Indie",0,0,0
583950,Strategy,8217,4689,3528
1189090,"Action,Casual,Indie",0,0,0
979120,"Casual,Indie,Simulation",1646,1478,168
912760,"Casual,Indie",3,2,1
477130,Indie,4,4,0
1871340,"Indie,Strategy",10,10,0
1716050,"Indie,RPG",0,0,0
1137450,Adventure,74,57,17
1172400,"Adventure,Indie,RPG",1,0,1
1325310,"Adventure,Casual,Indie,RPG,Strategy",16,8,8
935350,"Casual,Indie",2,1,1
383330,"Indie,Strategy",38,19,19
39150,RPG,4004,3426,578
1093300,RPG,10,8,2
1569340,Casual,0,0,0
603220,"Action,Adventure,Casual,Indie",4,3,1
502240,"Violent,Adventure,Indie",45,21,24
1203740,Utilities,0,0,0
1264820,"Casual,Indie,Strategy",1,1,0
326420,"Action,Adventure,Casual,Indie",18,5,13
820900,"Adventure,Indie",96,86,10
699680,"Casual,Indie,Massively Multiplayer",17,9,8
752780,"Indie,Simulation",7,0,7
429940,"Adventure,Casual,Indie",16,14,2
423320,"Indie,RPG",79,65,14
2018140,"Casual,Indie,Strategy",2,2,0
787120,"Action,Adventure,Indie",6,2,4
1527420,"Casual,Indie,Simulation",4,0,4
287630,"Adventure,RPG",1739,1397,342
1196630,"Action,Adventure,Casual,Indie,RPG,Simulation",934,840,94
1826480,"Adventure,Casual,Free to Play,Indie",0,0,0
582840,"Indie,RPG",7,4,3
589430,"Action,Indie,Massively Multiplayer",6,0,6
1410100,"Adventure,Free to Play,Indie,RPG",0,0,0
1351560,"Adventure,Casual",8,7,1
1435700,Education,0,0,0
529090,RPG,2,1,1
1142890,"Action,Adventure,Early Access",0,0,0
1113770,"Action,Casual,Indie",15,14,1
1759480,"Casual,Indie",0,0,0
1144140,"Adventure,Casual,Indie,RPG",14,13,1
1227100,"Action,Adventure,Indie,Strategy",0,0,0
675010,Simulation,7946,7145,801
1987900,Indie,1,1,0
334420,"Adventure,Indie,RPG,Strategy",525,345,180
230820,"Adventure,Indie",901,793,108
1105560,"Action,Free to Play",0,0,0
15120,Action,2647,2239,408
315550,"Indie,Simulation",82,35,47
576640,"Action,Adventure,Indie,RPG,Simulation,Early Access",0,0,0
360890,"Action,Adventure,Casual,Indie,Simulation",69,23,46
347690,"Action,Casual,Indie,Sports",20,13,7
462830,"Indie,Simulation,Strategy",43,14,29
385190,"Indie,RPG",4,0,4
502570,"Animation & Modeling,Design & Illustration,Video Production,Game Development",84,78,6
454130,"Action,Indie",14,10,4
979880,"Action,Casual,Indie,Early Access",1,1,0
1199790,"Adventure,Casual,Indie,RPG",18,11,7
1035490,"Action,Adventure,Indie,RPG",1,1,0
1169170,"Casual,Free to Play,Indie",0,0,0
862570,"Action,Casual,Indie",331,323,8
1812710,Casual,3,3,0
1987110,"Action,Adventure,Casual,Indie,Racing,RPG,Simulation,Sports,Strategy,Early Access",0,0,0
1241400,"Action,Casual,Indie",0,0,0
804400,"Action,Early Access",7,7,0
373240,Adventure,80,50,30
852180,"Action,Adventure,Indie,Simulation,Strategy",9,3,6
1227890,"Adventure,RPG",516,487,29
676800,"Adventure,Casual,Indie,RPG",0,0,0
1103490,"Adventure,Casual,Indie",157,116,41
411130,"Action,Adventure,Indie,Early Access",5,3,2
792190,"Action,Indie",0,0,0
211500,"Free to Play,Racing,Simulation,Sports",594,509,85
1359470,"Adventure,Casual,Indie,Strategy",18,10,8
1502950,"Simulation,Strategy",8,5,3
530860,"Adventure,Strategy",9,4,5
386880,"Action,Adventure,Indie,Simulation",1495,984,511
848070,"Casual,Indie,Simulation",0,0,0
1561470,"Action,Massively Multiplayer,Early Access",0,0,0
433960,"Adventure,Indie,Early Access",5,4,1
511610,"Action,Casual,Indie,Early Access",3,2,1
693950,Action,5,5,0
380570,"Action,Indie,RPG",51,19,32
316930,"Action,Indie",320,211,109
728870,"Casual,Indie",51,45,6
1473250,"Free to Play,Indie,Simulation",0,0,0
1203560,"Action,Adventure,Casual,Indie",44,31,13
365280,"Adventure,Casual,Indie",5,2,3
354720,"Adventure,Casual,Indie",21,13,8
1160050,"Action,Adventure,Casual,Indie",5,3,2
1417950,Adventure,6,4,2
1472010,"Casual,Indie",4,3,1
863170,"Action,Early Access",0,0,0
1729260,"Action,Free to Play,Indie,Strategy",0,0,0
1519190,"Action,Casual,Simulation",2,1,1
762670,Action,4,2,2
1237610,"Casual,Simulation,Sports,Strategy",99,72,27
688720,"Action,Adventure,Indie",5,5,0
1426560,"Action,Indie,RPG,Simulation,Strategy",2,0,2
1085160,Indie,126,110,16
1541100,"Adventure,Casual,Indie,RPG",1,1,0
1131210,"Adventure,RPG",0,0,0
941580,"Action,Indie,Strategy",1,1,0
885080,"Action,Casual,Indie",0,0,0
1697780,"Casual,Simulation",4,1,3
2016230,"Casual,Indie",5,4,1
699150,"Action,Indie",51,48,3
1684660,"Adventure,Free to Play,Indie,Early Access",0,0,0
1248730,"Action,Indie",0,0,0
1801000,"Casual,Indie,Simulation",10,8,2
1136730,"Action,Indie,Early Access",5,5,0
1148120,"Casual,Indie",0,0,0
331500,"Action,Strategy",1077,928,149
546040,"Action,Adventure,Casual,Indie,RPG,Simulation,Sports,Strategy",3,1,2
971130,Action,2,2,0
1787790,"Adventure,Casual",10,8,2
96200,"Action,Indie",48,35,13
315670,Action,140,103,37
1430160,"Casual,Indie",1,1,0
705100,"Action,Adventure,Indie,RPG,Strategy,Early Access",60,49,11
1240890,Adventure,3,2,1
628150,RPG,6,4,2
1371220,"Simulation,Strategy",8,5,3
2066540,"Casual,Indie,Simulation,Early Access",0,0,0
1051160,"Action,Adventure,Casual,Indie",1,1,0
1091210,"Action,Simulation",28,19,9
1928930,"Adventure,Indie",1,0,1
226960,"Casual,Indie,Strategy",171,126,45
813530,Simulation,60,55,5
786120,"Action,Indie,Early Access",1,1,0
501600,Photo Editing,1,0,1
1109420,"Action,Free to Play,Indie",0,0,0
1819120,"Adventure,Casual,Indie,RPG,Strategy",0,0,0
623850,"Violent,Action,Casual,Indie,Simulation,Sports",0,0,0
889850,"Action,Casual,Indie",1,1,0
1761690,Casual,0,0,0
2027600,"Action,Indie,RPG,Early Access",0,0,0
1451920,"Casual,Indie,Strategy",1,1,0
893640,"Casual,Free to Play,Simulation",0,0,0
1354510,"Casual,Indie,Simulation,Strategy",5,5,0
931500,"Adventure,Indie,RPG",166,154,12
1395010,Casual,6,4,2
844870,"Action,Free to Play,Early Access",40,21,19
1533090,"Action,Casual",12,9,3
1468750,"Adventure,Casual",0,0,0
1615060,"Casual,Indie",38,34,4
1238520,Indie,17,16,1
414700,"Action,Adventure,Indie",6376,5400,976
555450,"Action,RPG",55,13,42
884340,Action,25,12,13
1581070,"Casual,Indie",5,5,0
1646890,Simulation,5,5,0
946300,"Action,Indie",2,2,0
691980,"Indie,RPG,Simulation",7,0,7
278530,"Adventure,Indie,RPG",33,23,10
505740,"Action,Strategy",314,240,74
870100,Indie,18,8,10
814340,"Adventure,Casual,Indie",13,4,9
231140,Simulation,577,281,296
1700960,"Adventure,Casual,Indie",0,0,0
501840,Indie,67,48,19
454550,"Animation & Modeling,Design & Illustration",71,45,26
964810,Indie,4,4,0
1355910,"Adventure,Indie",3,2,1
847370,"Action,Adventure",4673,4211,462
916390,"Action,Free to Play,Indie",0,0,0
402220,"Action,Adventure,Casual,Indie,Simulation,Sports",29,21,8
1214460,"Casual,Indie,Racing,Sports",2,2,0
1365490,"Casual,Indie,Simulation,Strategy",6,6,0
1814610,"Adventure,Casual,Indie,Simulation,Strategy",1,1,0
863940,"Action,Adventure,Free to Play,Indie",0,0,0
874650,"Casual,Free to Play,Indie",0,0,0
1633230,"Action,Indie,Simulation,Early Access",8,4,4
342570,Indie,3,0,3
779560,"Action,Adventure,Casual,Indie,RPG",0,0,0
337700,"Action,Adventure,Indie,Simulation",14,7,7
399140,"Action,Indie",33,27,6
1921680,"Action,Casual,Sports",3,2,1
305920,"Adventure,Indie",56,52,4
592580,Sports,388,230,158
524490,"Animation & Modeling,Design & Illustration,Utilities",20,18,2
745130,Action,20,9,11
769670,"Audio Production,Software Training,Utilities,Video Production,Web Publishing",115,77,38
638260,"Adventure,Casual",3,2,1
695570,"Action,Casual,Indie,Strategy",17,17,0
49520,"Action,RPG",99203,95275,3928
1637030,"Action,Casual,Indie",13,12,1
1545590,"Adventure,Casual,Indie",5,5,0
352740,"Adventure,Casual,Simulation",18,13,5
252350,"Action,Indie",933,740,193
1176990,"Action,Indie",6,6,0
1058750,"Action,Adventure,Casual,Indie,RPG,Sports",2,1,1
399810,"Adventure,RPG",3366,2552,814
423180,"Action,Casual,Indie,Simulation,Strategy",3,0,3
1389750,"Action,Indie,Strategy",5,5,0
1307220,"Action,Sports",1,0,1
317360,"Action,Free to Play,Indie",88,77,11
673840,"Action,Racing",13,10,3
1339170,"Action,Adventure,Indie",3,3,0
1885140,Action,2,2,0
811130,"Violent,Adventure,Indie",0,0,0
1790690,Indie,0,0,0
1699490,"Action,Casual",0,0,0
811270,"Action,Indie",54,49,5
1140170,"Action,Adventure,Indie",78,64,14
586210,Utilities,424,280,144
1191260,Action,30,25,5
1587560,"Adventure,Casual,Indie",466,435,31
409910,"Action,Adventure,Indie,RPG,Strategy",126,104,22
1825010,"Action,Indie,Sports",0,0,0
2005380,"Action,Adventure,Casual,Indie,Simulation",2,1,1
1832560,"Casual,Free to Play,Indie",0,0,0
368640,"Adventure,Strategy",125,83,42
682130,"Utilities,Web Publishing",1012,865,147
1277360,"Adventure,Casual,Indie,RPG,Strategy",0,0,0
1788860,"Casual,Indie",2,1,1
1398630,"Adventure,Casual,Indie,RPG,Strategy",0,0,0
989380,Strategy,3,3,0
992870,"Adventure,Indie,RPG,Strategy",5,4,1
1443820,"Casual,Free to Play,RPG,Simulation",0,0,0
1577730,"Action,Adventure,Casual,Indie",1,0,1
1490790,"Casual,Indie",23,8,15
1814270,Action,9,9,0
1745340,"Action,Adventure,Indie,RPG",0,0,0
833920,"Casual,Indie,Strategy",8,3,5
237370,"Audio Production,Software Training,Utilities,Video Production",175,110,65
327860,"Action,Adventure,Indie,RPG",1464,1123,341
728740,Action,718,509,209
298400,"Action,Casual,Indie",256,235,21
1127990,"Casual,Racing",1,0,1
1191420,"Action,Casual,Free to Play,Simulation",0,0,0
1948240,"Action,Adventure,Casual,Indie,Simulation,Sports",2,0,2
1327430,"Adventure,Indie,RPG",19,19,0
234160,"Action,Indie",323,271,52
1569540,"Action,Casual,Indie",0,0,0
1161670,"Action,Casual,Indie,Simulation,Strategy",1,1,0
1801230,"Free to Play,Indie,RPG",2,2,0
1891570,"Adventure,Casual,Indie,RPG",0,0,0
1243240,"Action,Casual,Indie,Simulation,Strategy",2,0,2
645480,"Action,Adventure",0,0,0
1222870,"Action,Indie,RPG,Simulation",1,1,0
1136070,"Action,Adventure,Indie",10,8,2
399910,"Action,Casual,Indie",11,10,1
1033710,"Adventure,Casual,Indie",2,1,1
462910,"Casual,Indie",3,3,0
528910,"Sports,Early Access",5,2,3
1116280,"Free to Play,Indie,RPG,Strategy",0,0,0
1920820,"Casual,Free to Play,RPG",0,0,0
1854430,Indie,0,0,0
1994350,"Action,Adventure,Indie",1,1,0
522010,"Action,Adventure,Casual,Indie,Simulation",7,6,1
1569270,"Casual,Indie",0,0,0
312660,"Action,Adventure",11064,9982,1082
394950,"Action,Adventure,Indie",6,6,0
1456770,Indie,4,4,0
1371460,"Action,Casual,Indie",0,0,0
1084810,"Casual,Indie",1,1,0
1029530,"Action,Indie,Racing,Early Access",2,1,1
749880,"Action,Casual,Indie",4,1,3
904530,"Sexual Content,Nudity,Casual,Indie,Simulation,Strategy",5,5,0
1749480,"Action,Adventure,Indie",1,1,0
732770,"Action,Indie",21,20,1
460640,"Adventure,Indie",44,22,22
380860,"Action,Indie",16,14,2
1064170,"Adventure,Free to Play",0,0,0
359230,"Indie,Simulation,Strategy",501,319,182
1316870,Strategy,6,3,3
355970,"Adventure,Indie",300,226,74
385130,"Casual,Indie,Simulation,Sports",35,29,6
816430,"Action,Casual,Indie,Simulation,Strategy",77,53,24
926350,"Action,Indie",5,5,0
600210,"Casual,Indie,RPG",9,4,5
1356580,"Adventure,Indie,RPG",9,9,0
1170880,"Adventure,Free to Play,Indie,RPG",1,1,0
1833530,Casual,0,0,0
2540,"Casual,Indie",123,65,58
400880,"Indie,Racing,Simulation,Sports",17,4,13
1732660,"Action,Casual,Indie,Strategy",3,2,1
635850,"Adventure,Indie",60,53,7
513720,Strategy,22,15,7
1137070,"Adventure,Casual,Indie,Simulation,Strategy",2,1,1
494000,Action,4,2,2
850330,Casual,0,0,0
659900,"Free to Play,Indie,Strategy",0,0,0
301610,"Design & Illustration,Photo Editing",171,140,31
1142320,"Adventure,Casual,Free to Play,Indie,RPG",4,4,0
765840,Adventure,19,16,3
567840,"Casual,Indie,Early Access",5,3,2
1287310,"Action,Adventure,Indie",8,8,0
377360,"Action,Indie",26,19,7
1507490,"Adventure,Casual,Indie,Massively Multiplayer,Strategy",18,15,3
1124210,RPG,3,3,0
1278750,"Adventure,Indie",5,3,2
1124130,"Action,Adventure,Indie,RPG,Early Access",0,0,0
1148940,"Casual,Indie,Strategy",4,2,2
392230,Utilities,2,2,0
706330,"Action,Casual,Indie,Simulation,Strategy",13,7,6
1149940,"Indie,Simulation,Strategy,Early Access",282,249,33
1676920,"Casual,Indie,Simulation",8,8,0
451870,"Casual,Indie",9,6,3
1090960,"Action,Casual,Indie",3,3,0
896850,"Massively Multiplayer,Racing,Simulation,Sports",3,1,2
404540,"Action,Indie",777,706,71
1583320,"Sports,Early Access",422,355,67
1716150,"Indie,RPG",2,2,0
756020,"Action,Casual,Indie",11,10,1
1005990,"Action,Adventure,Indie,RPG",16,13,3
1884160,Adventure,1,1,0
17480,Strategy,3789,3107,682
855800,"Adventure,Casual,Indie,Simulation",1,1,0
705830,Video Production,0,0,0
1617580,"Adventure,Casual,Free to Play,Simulation",1,1,0
1570730,"Action,Casual,Free to Play,Indie,Racing",0,0,0
1200710,"Action,Adventure,Casual,Indie,Massively Multiplayer,RPG,Simulation,Strategy,Early Access",107,76,31
1564950,"Action,Adventure,Casual,Indie",8,8,0
2015770,"Casual,Free to Play,Early Access",0,0,0
1993770,"Sports,Education",0,0,0
1018110,"Action,Adventure,Indie,Early Access",0,0,0
757400,"Action,Early Access",1,1,0
400200,"Adventure,Casual",49,20,29
1023030,"Adventure,Indie,RPG",1,1,0
1504490,"Casual,Free to Play,Indie",0,0,0
895060,"Casual,Indie,Simulation",38,15,23
1451650,"Action,Adventure,Indie",0,0,0
1348400,"Action,Indie",5,5,0
489740,"Action,Adventure,Casual",10,8,2
1890520,"Adventure,Indie",15,15,0
602130,"Action,Adventure",8,5,3
2023960,Indie,0,0,0
821440,"Action,Indie,Early Access",1,1,0
1536870,"Adventure,Casual,Indie",4,4,0
249990,"Action,Adventure,Indie,RPG",1122,809,313
1029980,"Action,Indie",89,75,14
1214410,"Action,Casual,Indie",17,17,0
759010,"Action,Adventure,Indie",5,2,3
1831140,"Casual,Strategy,Early Access",3,1,2
485680,"Action,Casual,Indie,Simulation",19,18,1
665310,Strategy,8,7,1
529610,"Adventure,Strategy",3,3,0
7670,"Action,RPG",11117,10441,676
1569690,"Casual,Free to Play,Indie,Simulation",0,0,0
1394160,"Action,Indie,Early Access",16,11,5
812890,"Indie,Simulation,Early Access",1,1,0
681340,Casual,0,0,0
268710,Indie,38,16,22
2065510,"Adventure,Indie",1,1,0
1854800,Adventure,18,14,4
375030,"Action,Indie",30,21,9
1337530,Adventure,100,95,5
1864850,"Action,Adventure,Casual,Indie,Simulation,Strategy,Early Access",2,0,2
1418350,Sports,0,0,0
796400,"Adventure,Indie",0,0,0
1858500,"Adventure,Casual,Indie",109,99,10
940910,"Action,Adventure,Indie,RPG",479,415,64
673130,"Action,Adventure,Indie",3842,3679,163
279740,"Photo Editing,Utilities,Video Production",27,14,13
1374010,Racing,0,0,0
984600,Adventure,3,3,0
1478240,Indie,5,5,0
1813100,"Action,Adventure,Indie,RPG",4,4,0
1999360,"Casual,Simulation",403,393,10
723390,Action,1631,724,907
1112350,"Action,Casual,RPG,Simulation",0,0,0
665740,"Free to Play,Indie",0,0,0
1712110,"Simulation,Strategy,Early Access",6,5,1
1546790,"Casual,Indie",43,40,3
39140,RPG,12128,11141,987
672000,"Adventure,Indie,RPG",0,0,0
742500,"Casual,Free to Play,Indie,Strategy",0,0,0
466260,"Sexual Content,Nudity,Animation & Modeling,Design & Illustration,Utilities",0,0,0
966320,Indie,1320,1283,37
569140,"Adventure,Casual",6,6,0
1910830,"Casual,Racing,Simulation,Strategy",0,0,0
565390,"Indie,Racing,Sports",26,22,4
263020,"Action,Casual,Indie,Sports",450,413,37
1422290,"Action,Casual,Indie",1,1,0
890740,"Adventure,Casual,Indie,RPG",4,4,0
1635980,"Action,Indie",21,19,2
454700,"Action,Adventure,Indie,RPG",2,0,2
1448900,"Audio Production,Software Training,Utilities,Web Publishing",0,0,0
1064360,"Action,Casual,Indie",0,0,0
1138910,"Adventure,Casual,Indie",47,46,1
1442040,"Casual,Indie,RPG,Simulation,Strategy",1,1,0
290080,"Action,Indie,RPG,Simulation",4132,2459,1673
1001990,"Casual,Indie,Strategy",3,1,2
342280,"Action,Adventure,Indie,Massively Multiplayer",64,56,8
672100,RPG,4,4,0
1601170,Adventure,8,5,3
1635480,"Casual,Indie",0,0,0
480770,"Action,Casual,Indie",0,0,0
1052990,"Adventure,Casual,Indie,Strategy",496,478,18
1251750,"Action,Adventure,RPG",0,0,0
1660480,"Adventure,Free to Play,Indie",0,0,0
1219610,"Action,Adventure,Indie,Massively Multiplayer,RPG",7,5,2
1031670,"Action,Free to Play",0,0,0
816250,"Casual,Indie",25,23,2
1021680,"Action,Casual,Indie,Simulation",7,6,1
1475740,"Adventure,Indie,Massively Multiplayer",7,2,5
380,Action,7802,7436,366
2010500,"Action,Casual,Indie,Early Access",1,1,0
761890,"Free to Play,Massively Multiplayer,RPG",843,589,254
1839590,"Adventure,Indie",0,0,0
1940550,"Adventure,Casual,Indie,Strategy",1,0,1
1428140,"Action,Indie,Racing,Sports",5,5,0
602550,"Action,Casual,Indie,Early Access",3,3,0
1185190,"Adventure,Indie",0,0,0
848770,"Action,Adventure,Indie",12,12,0
745710,"Action,Casual,Indie,Simulation",3,3,0
887420,"Action,Adventure,Indie,RPG,Early Access",17,14,3
496630,"Indie,Simulation",51,45,6
1601700,"Adventure,Indie,RPG,Early Access",1,1,0
785560,"Action,Casual,Indie,Early Access",3,3,0
1922140,Casual,2,2,0
1406200,"Adventure,Casual,Indie",24,22,2
1834550,Casual,10,10,0
1506420,"Action,Early Access",3,1,2
322520,Action,696,496,200
709190,"Adventure,Casual,Indie,Simulation,Strategy",8,3,5
1566960,"Adventure,Casual,Indie",3,3,0
1005130,"Adventure,Casual,Strategy",26,19,7
1671590,"RPG,Strategy",32,29,3
1676910,"Adventure,Casual,Indie",31,29,2
65790,"Action,Simulation,Strategy",814,731,83
713460,"Casual,Indie,Simulation,Early Access",153,134,19
1821810,"Casual,Free to Play,Indie,Racing,Sports",0,0,0
395200,"Action,Adventure,Indie",834,663,171
803280,"Indie,Simulation",6,6,0
520940,"Racing,Simulation,Sports",818,650,168
365580,Indie,71,66,5
804700,Adventure,170,162,8
29700,"Action,Massively Multiplayer,RPG",2,2,0
1273320,"Action,Adventure,Indie",9,7,2
1647070,"Casual,Indie,Strategy",3,3,0
283490,Sports,16,10,6
1692520,"Action,Casual",0,0,0
1151320,"Free to Play,Sports",0,0,0
487330,"Action,Adventure,Casual,Indie,Racing",20,13,7
78000,"Casual,Strategy",2145,2048,97
1146730,"Action,Free to Play",0,0,0
1717420,"Casual,Indie",0,0,0
1422540,"Indie,RPG",1,1,0
2003620,"Casual,Indie",6,0,6
1144630,"Adventure,Indie,Simulation",2,2,0
401190,"Action,Adventure,Indie,Simulation",1494,999,495
1876340,"Action,Adventure,RPG,Early Access",2,1,1
431910,"Action,Casual,Indie",77,64,13
2065090,"Action,Adventure,Indie",0,0,0
302190,"Adventure,Casual",70,51,19
1532800,"Action,Casual,Indie",3,3,0
1505420,"Action,Adventure,Casual",4,3,1
1053000,"Action,Casual,Free to Play,Indie,Sports",0,0,0
833370,"Casual,Indie,Strategy",10,5,5
229480,"Action,Adventure,RPG",638,549,89
400570,"Action,Indie,Sports,Early Access",1,1,0
1128190,"Casual,Simulation",53,44,9
767690,"Adventure,Free to Play,Indie",0,0,0
925540,"Action,Indie",1,0,1
1833920,"Casual,Indie,Simulation",1,1,0
1406700,"Action,Simulation,Strategy",17,13,4
403180,"Adventure,Casual,Indie",299,257,42
1496320,"Adventure,Casual,Indie",32,28,4
1250760,"Adventure,Casual,Indie,RPG",38,38,0
1444760,Indie,0,0,0
1918700,"Casual,Free to Play,Indie,RPG,Simulation",0,0,0
1977730,"Action,Indie",0,0,0
1156810,Utilities,1,0,1
1347780,Action,685,655,30
257120,"Action,Indie,Strategy",225,184,41
682170,"Action,Indie",14,12,2
853620,"Casual,Indie",10,4,6
1416600,"Action,Adventure,Indie",2,1,1
1044920,"Action,Free to Play,RPG",2,1,1
485400,"Indie,RPG,Strategy",122,63,59
269210,"Action,Adventure,Indie,Massively Multiplayer,RPG",8588,6064,2524
738700,"Adventure,Indie,RPG",3,3,0
1752400,"Action,Early Access",1,0,1
15000,Action,190,105,85
1683800,"Casual,Free to Play,Indie",0,0,0
1740760,"Casual,Indie",28,25,3
1717300,Adventure,5,4,1
1781290,"Casual,Early Access",6,4,2
617590,"Action,Adventure,Indie",24,11,13
1812420,"Action,RPG",16,13,3
964230,"Action,Indie,Racing,Sports",15,12,3
1255970,"Adventure,Free to Play,Massively Multiplayer,RPG,Simulation,Sports,Strategy",0,0,0
1239440,"Action,Adventure,Indie,RPG",108,69,39
672140,"Indie,Strategy",8,2,6
522030,"Indie,Strategy",83,51,32
413170,"Action,Adventure,Casual,Free to Play,RPG",3,1,2
351230,"Action,Indie,RPG",93,80,13
263980,"Action,Adventure,Indie",2766,2535,231
592020,"Action,Adventure,Indie,Racing,Sports",9,8,1
1462200,"Action,Casual,Indie,Early Access",1,0,1
1799020,"Casual,Indie",20,20,0
444280,Casual,53,46,7
1286710,RPG,1268,1230,38
1371090,"Indie,Racing",8,4,4
222618,Simulation,27,21,6
1792650,"Action,Indie",3,3,0
575400,"Indie,Racing,Simulation",35,30,5
990250,"Adventure,Casual",0,0,0
496670,"Adventure,Casual,Indie",6,3,3
1882330,"Action,Adventure,Casual,Indie,Early Access",2,2,0
1341780,"Action,Casual,Simulation",4,1,3
1584300,"Casual,Free to Play,Massively Multiplayer,Simulation",0,0,0
897420,"Action,Adventure,Casual,Indie",4,2,2
548720,"Action,Casual,Indie",7,5,2
578650,RPG,12142,10362,1780
1285700,"Casual,Simulation,Strategy",3,1,2
1164480,RPG,8,7,1
1352480,"Casual,Indie,Racing,Early Access",1,0,1
1202140,"Action,Adventure,Indie,RPG",2,1,1
1014450,"Adventure,Casual,Indie,RPG,Simulation",1,1,0
801300,"Indie,Simulation,Sports,Strategy",7,7,0
391250,"Action,Indie,Strategy",80,68,12
402040,"Adventure,Indie",312,220,92
971160,"Indie,Simulation,Strategy",210,154,56
1039910,"Action,Adventure,Indie",3,3,0
620170,"Action,Indie,Simulation,Strategy",41,36,5
1837280,"Adventure,Indie,Simulation",7,6,1
630,Action,123,117,6
462860,"Action,Indie,RPG",25,18,7
1480630,Indie,0,0,0
1456720,"Indie,RPG",1,0,1
1210590,"Casual,Indie",0,0,0
664130,Simulation,0,0,0
302320,"Simulation,Strategy",21,10,11
1178570,Education,1,0,1
876540,"Action,Casual,Indie",2,1,1
1873880,Strategy,1,1,0
1897980,"Action,Casual,Indie",0,0,0
529420,Indie,6,3,3
654500,"Action,Indie",47,44,3
1275600,"Adventure,Indie,RPG,Strategy,Early Access",10,10,0
1780720,"Adventure,Indie,RPG",3,3,0
1258420,"Action,Indie,Strategy,Early Access",0,0,0
1706650,"Adventure,Indie",10,4,6
200510,Strategy,21087,19904,1183
321540,Animation & Modeling,26,22,4
673010,"Adventure,Casual,Indie",2,0,2
1737150,"Casual,Free to Play",0,0,0
1788930,"Casual,Simulation,Strategy",0,0,0
707110,Adventure,19,16,3
1137210,"Casual,Strategy",1,1,0
792760,Indie,1,1,0
1465300,Casual,0,0,0
826020,Indie,0,0,0
1412870,Action,0,0,0
1586970,"Action,Indie",0,0,0
1631000,"Adventure,Indie,Simulation",0,0,0
1528230,"RPG,Early Access",1,0,1
1734480,"Audio Production,Education,Utilities",0,0,0
622040,"Action,Casual,Indie,Simulation,Early Access",190,122,68
273830,"Action,Simulation",9,0,9
1602380,"Action,Casual",5,5,0
1710310,"Adventure,Casual,Indie,RPG,Simulation,Strategy",2,1,1
681950,"Action,Indie,Simulation",2,2,0
1274250,"Action,Casual,Indie,Strategy",1,0,1
993840,"Racing,Simulation,Sports",11,6,5
671230,"Adventure,Casual,Indie",1,1,0
250320,"Action,Adventure,Casual",13930,13572,358
963210,"Action,Adventure,Casual,Indie",0,0,0
782610,"Action,Adventure,Casual,Indie",2,2,0
974670,"Action,Casual,Indie,Simulation,Sports",6,3,3
1460610,"Casual,Indie",17,14,3
355230,"Action,Adventure,Casual,Indie,Racing,Simulation,Early Access",16,13,3
259190,"Action,Adventure",152,97,55
867800,"Casual,Indie",14,12,2
1294750,"Action,Adventure,Indie",9,8,1
981690,"Action,Casual,Indie",5,2,3
1512920,"Adventure,Casual,Indie,Simulation",6,1,5
508740,"Adventure,Indie",62,32,30
1900160,Simulation,15,5,10
554920,"Violent,Action,Adventure,Indie,Strategy,Early Access",1,1,0
241240,"Casual,Indie,Simulation",601,557,44
1042330,Casual,18,17,1
1631240,"Action,Adventure,Indie,RPG",0,0,0
603790,"Violent,Gore,Action,Adventure,Indie,RPG",16,10,6
960680,Adventure,14,4,10
225640,RPG,878,650,228
834800,"Action,Strategy",61,33,28
1169460,"Action,RPG",0,0,0
1765620,Casual,0,0,0
432270,"Indie,Simulation,Sports",5,1,4
1306250,"Casual,Indie,Simulation",0,0,0
453320,"Action,Adventure,Indie,RPG",1,1,0
1278090,"Adventure,Indie,RPG",6,5,1
756240,"Casual,Indie,Strategy",35,26,9
347280,"Action,Indie",11,8,3
1771960,"Action,Adventure,Casual,Sports,Strategy",1,1,0
998830,"Adventure,Casual,Indie,Strategy",7,5,2
767800,"Adventure,Indie,RPG",6,5,1
709410,"Adventure,Casual,Indie,RPG,Strategy",94,58,36
526590,"Action,Sports",19,11,8
400170,"Action,Adventure,Indie,RPG",698,516,182
449000,"Casual,Free to Play,Indie,Early Access",0,0,0
1210330,"Action,Indie",9,9,0
1384760,"Action,Adventure,Indie",2,1,1
1044330,"Casual,Indie",0,0,0
2545,"Casual,Indie",3,0,3
1225120,"Adventure,Indie",13,13,0
798650,"Action,Adventure,Indie",23,23,0
1877930,Adventure,11,9,2
1985930,"Action,Adventure,Indie,Simulation,Early Access",175,148,27
698880,"Action,Casual,Indie",1,1,0
1723960,Casual,0,0,0
1159640,"Action,Indie",577,488,89
951750,"Adventure,Indie",122,105,17
576100,"Adventure,Casual,Indie",19,14,5
1380170,Indie,3,2,1
1374910,"Casual,Indie",1,1,0
1759980,"Casual,Indie",0,0,0
1484680,"Action,Indie,RPG",0,0,0
787050,"Action,Adventure,Casual,Indie",2,2,0
374040,"Action,Adventure,RPG",4217,3471,746
1849300,"Adventure,Free to Play,Indie",0,0,0
1647000,"Action,Free to Play,Indie",0,0,0
905890,"Action,Indie",1,1,0
1780060,"Action,Adventure,Casual,Indie,RPG,Simulation",27,23,4
447240,"Casual,Indie",14,12,2
1515980,"Indie,RPG,Strategy",0,0,0
587180,"Action,Adventure,Casual,Indie",52,42,10
1360720,"Adventure,Indie",12,11,1
1897520,"Action,Adventure,Indie",1,0,1
457380,"Adventure,Casual,Indie,Simulation",52,35,17
1670890,RPG,6,6,0
917020,"Indie,Simulation,Strategy,Early Access",1,0,1
920710,"Action,Adventure,Massively Multiplayer,Racing",2,0,2
1400180,Casual,38,22,16
1087810,"Casual,Indie,Strategy",42,39,3
752030,"Violent,Gore,Indie,Early Access",6,4,2
1536470,"Indie,RPG,Simulation,Strategy,Early Access",1,1,0
391550,"Action,Adventure,Casual,Indie,Simulation,Strategy,Early Access",15,8,7
1530750,"Action,Indie,RPG,Early Access",221,180,41
1451880,"Action,Casual,Indie",10,10,0
408030,"Action,Indie,Sports",46,46,0
485490,"Action,Adventure,Casual,Indie,RPG,Simulation",78,62,16
717240,"Action,Adventure,Casual,Indie,Strategy,Early Access",2,1,1
295590,"Indie,RPG,Simulation,Strategy",131,63,68
1891700,"Action,Casual,Free to Play,Indie,RPG",0,0,0
1296200,"Sports,Strategy",2,1,1
1692390,"Casual,Indie,Strategy",4,4,0
1519850,Action,1,1,0
989160,"Action,Adventure,Indie,RPG",6,5,1
1169740,"Action,Indie",71,53,18
1607980,"Casual,Free to Play,Simulation",0,0,0
1760690,"Adventure,Casual,Indie,RPG,Simulation,Strategy",1,1,0
861280,"Action,Indie",1,1,0
1480260,"Indie,RPG",1,0,1
1823350,"Adventure,Indie",0,0,0
707220,"Indie,Strategy",4,2,2
1518630,Casual,2,1,1
1742880,"Adventure,Indie",0,0,0
211280,"Action,Indie",84,49,35
810780,"Action,Adventure,Indie,RPG",36,27,9
325180,"Animation & Modeling,Design & Illustration,Education,Software Training,Utilities,Web Publishing",117,92,25
1075000,"Adventure,Free to Play,Indie",0,0,0
1359160,"Action,Free to Play,Indie",4,3,1
868240,"Casual,Indie,Simulation",1,1,0
662190,"Adventure,Casual",62,59,3
1334070,"Action,Indie",11,5,6
616220,"Action,Free to Play,Indie",0,0,0
859380,Casual,4,3,1
386900,"Indie,Strategy",92,84,8
1123870,"Adventure,Casual",3,1,2
1254410,"Action,Adventure,Indie,RPG,Strategy",1,1,0
1793680,"Action,Adventure,Indie,Early Access",0,0,0
1129010,"Action,RPG",178,151,27
729990,"Action,Casual,Indie,Sports",1,1,0
1799720,"Adventure,Casual,Indie",1,1,0
565600,"Adventure,Casual",29,25,4
1491960,"Adventure,Casual,Indie",11,11,0
1350470,"Action,Indie",0,0,0
1283800,"Adventure,Indie",1,1,0
550310,"Action,Adventure,Casual,Indie,Simulation",127,103,24
1630010,"Action,Adventure,Casual",0,0,0
1457100,"Adventure,Casual,Indie,RPG,Early Access",1,0,1
638240,"Adventure,Casual",3,0,3
1245620,"Action,RPG",224027,206427,17600
1208260,"Action,Adventure,Casual,Indie",706,646,60
1361720,"Action,Casual,Indie",1,1,0
1132290,"Adventure,Indie",6,4,2
1427930,Casual,3,3,0
1595250,"Action,Indie",1,1,0
1779530,"Action,Casual,Indie",0,0,0
1332940,"Action,Indie",5,5,0
1259420,"Action,Adventure",13385,12427,958
580710,"Indie,Strategy",240,173,67
1489020,"Action,Adventure,Simulation",0,0,0
770010,"Casual,Indie",1,1,0
1282740,"Animation & Modeling,Design & Illustration,Utilities",0,0,0
1155340,"Adventure,Casual,Indie",4,4,0
546430,"Adventure,Indie,RPG,Strategy",1028,760,268
1564020,"Action,Adventure,Indie,Racing,Early Access",7,5,2
793200,"Adventure,Casual,Indie",3,3,0
1058940,"Adventure,Casual,Indie",2,0,2
1145040,"Action,Adventure,Casual,RPG,Simulation",9,2,7
447890,"Action,Casual,Indie",193,138,55
1219740,"Action,Free to Play,Indie,Racing",0,0,0
1037340,"Casual,Indie,Simulation",1,0,1
1143430,"Action,Indie",11,9,2
1049570,"Action,Indie,Early Access",11,8,3
1570510,RPG,30,27,3
1557840,Action,6,4,2
1908320,"Indie,Strategy",0,0,0
1676670,"Adventure,Indie",0,0,0
1943500,"Adventure,Casual",0,0,0
1190630,"Adventure,RPG,Simulation",0,0,0
279460,Sports,12,4,8
1700550,"Adventure,Indie,RPG",36,20,16
1375560,Indie,3,3,0
546100,"Action,Indie,Sports",7,7,0
334140,"Action,Casual,Indie",52,49,3
1211610,"Casual,Indie,Simulation,Early Access",1,1,0
1271420,"Action,RPG,Early Access",1,0,1
513250,"Action,Adventure,Indie",10,10,0
452510,Action,389,361,28
1178400,"Simulation,Sports,Strategy",111,80,31
734020,Casual,34,15,19
916180,"Indie,Racing,Simulation",15,9,6
763250,"Adventure,Indie,Strategy",125,95,30
1473000,"Casual,Indie,Racing",0,0,0
663140,"Adventure,Indie",3,2,1
670500,"Racing,Simulation,Sports",0,0,0
546070,"Casual,Indie,Simulation",33,21,12
1373950,"Adventure,Indie,RPG,Simulation",67,65,2
1541280,"Adventure,Indie",3,3,0
955620,"Action,Indie,Strategy",0,0,0
1053920,"Action,Casual,Indie",3,3,0
995340,"Action,Adventure,Indie",0,0,0
1082720,"Adventure,Casual,Indie,RPG,Simulation,Strategy",17,11,6
1151060,"Adventure,Free to Play,Indie",0,0,0
1110280,Casual,1,1,0
1357710,"Action,Adventure,Free to Play",0,0,0
453740,Action,12,10,2
279920,"Action,Indie",55,40,15
348430,Indie,60,58,2
1303350,"Action,Casual,Early Access",1,1,0
1046980,Action,6,4,2
1706980,"Indie,Simulation",2,2,0
1747300,"Indie,RPG",12,7,5
1081420,"Action,Adventure,Indie",0,0,0
251810,"Animation & Modeling,Design & Illustration,Education,Software Training,Utilities",198,142,56
733520,"Casual,Indie,Strategy",6,5,1
1650150,"Action,Adventure,Indie",4,4,0
894540,"Sexual Content,Nudity,Violent,Gore,Action,Adventure,Casual,Indie,RPG",17,12,5
278640,"Action,Adventure,Indie",91,62,29
804620,"Action,Casual,Indie,Sports",1,0,1
1900480,"Action,Casual,Indie",0,0,0
313730,"Free to Play,Indie,RPG,Strategy",12,11,1
1979700,"Casual,Indie",7,7,0
1097600,"Indie,Sports",3,0,3
1721240,"Action,Adventure,Indie",4,4,0
635520,"Adventure,Casual",10,8,2
1353470,"Action,Adventure,Casual,Indie",1,1,0
965900,"Action,Casual,Indie,Strategy",1,1,0
601500,"Adventure,Indie,RPG,Simulation,Early Access",9,6,3
1728160,"Action,Indie",1,1,0
1306210,"Action,Casual,Indie,Simulation,Strategy",0,0,0
1022990,"Action,Adventure,Indie,Early Access",18,14,4
1489610,"Action,Adventure,Indie",5,5,0
811790,"Action,Indie,Early Access",0,0,0
376570,"Free to Play,Massively Multiplayer,RPG",78,57,21
1343310,Racing,1,1,0
943310,"Indie,Strategy",0,0,0
1809930,"Casual,Indie",8,8,0
1898610,"Action,Indie",34,32,2
953550,"Action,Indie",1,1,0
741250,"Adventure,Casual,Indie",88,85,3
1772350,"Action,Casual,Indie,Early Access",1,1,0
1790710,"Action,Casual",0,0,0
1815800,"Adventure,Indie",0,0,0
1831090,Casual,3,1,2
1940910,"Adventure,Free to Play,Massively Multiplayer,RPG,Strategy",0,0,0
973220,"Casual,Indie,Strategy",94,91,3
844330,"Gore,Action,Adventure,Simulation,Strategy",190,133,57
1986070,"Indie,RPG,Simulation",1,1,0
1194680,"Action,Casual,Simulation",146,128,18
1635670,"Action,Indie",0,0,0
683230,"Action,Adventure,Indie",17,8,9
1542510,Action,0,0,0
1071890,"Adventure,Casual,Indie",0,0,0
819660,"Action,Adventure,Indie",1,0,1
1449940,"Action,Adventure,RPG",0,0,0
681620,"Casual,Indie",12,11,1
918380,"Adventure,Indie,RPG",127,117,10
1206230,"Casual,Indie,Racing,Simulation",13,8,5
1384550,"RPG,Strategy",0,0,0
1567670,"Action,Adventure,Casual,Indie,RPG",0,0,0
924020,"Indie,RPG,Strategy,Early Access",32,6,26
854500,"Violent,Action,Adventure,Indie,Strategy",2,2,0
11230,"Casual,Indie,Racing",117,78,39
585270,"Casual,Free to Play,Strategy",0,0,0
463450,"Casual,Indie",4,4,0
559010,"Free to Play,Simulation",16,16,0
1073040,Racing,2,0,2
1001600,"Action,Casual,Indie",15,14,1
638930,Adventure,54,46,8
544810,"Casual,Free to Play,Indie,Strategy",24,20,4
1553950,"Casual,Indie",0,0,0
1573240,"Action,Casual,Indie",1,1,0
436360,"Action,Indie",4,3,1
746280,"Violent,Gore,Action,Free to Play,Indie",0,0,0
1928350,"Action,Adventure,Indie,Early Access",2,0,2
1694270,Casual,15,14,1
854450,"Action,Adventure,Indie",13,12,1
1280090,"Casual,Indie",1,0,1
1026130,"Action,Casual,Indie",49,44,5
1262140,"Action,Indie",8,4,4
1639590,"Action,Adventure,Indie",29,13,16
992890,Indie,3,2,1
1708410,Indie,0,0,0
1028910,"Action,Adventure,Casual,Indie",3,1,2
236930,"Adventure,Indie",472,459,13
781660,"Casual,Indie",15,9,6
955500,"Casual,Indie,Strategy",0,0,0
1583690,"Action,Adventure,Indie,RPG",4,4,0
1678060,"RPG,Strategy",2,0,2
616810,Video Production,0,0,0
680860,"Indie,Simulation,Strategy",32,19,13
390510,"Indie,Strategy",38,11,27
712760,"Action,Adventure,Indie",3,3,0
710780,"Action,Casual,Indie",65,47,18
1555070,Sports,1,1,0
1227200,"Casual,Indie,RPG",0,0,0
690580,"Action,Adventure,Simulation",12,2,10
976240,"Action,Adventure,Indie",2,1,1
1928940,"Action,Adventure,Casual,Indie,Massively Multiplayer,Simulation,Sports,Strategy",10,10,0
869600,"Action,Adventure,RPG",0,0,0
985660,"Indie,RPG",1,0,1
970960,Strategy,323,237,86
614100,"Free to Play,Indie,Strategy",0,0,0
575840,"Adventure,Indie",6,5,1
1450650,"Indie,RPG",61,55,6
1089790,"Casual,Indie,Simulation",98,68,30
603110,"Action,Indie",6,4,2
964770,"Adventure,Indie",5,3,2
1866670,"Adventure,Casual,Indie,RPG,Strategy",0,0,0
817840,"Indie,Simulation",1038,973,65
1085090,"Action,Adventure,Casual,Indie,RPG,Sports",0,0,0
891170,Action,59,55,4
1678770,"Action,RPG",7,0,7
1497780,"Indie,RPG,Early Access",1,1,0
401250,"Action,Indie,Simulation,Strategy",36,18,18
989790,"Action,Adventure,Indie,RPG",147,144,3
732840,"Adventure,Indie",6,3,3
502740,"Indie,Strategy",199,180,19
244430,"Adventure,Indie",946,839,107
750740,"Action,Casual,Indie",0,0,0
1258410,Action,2,1,1
419810,"Adventure,Indie,RPG",31,28,3
864100,"Adventure,Indie",137,129,8
1727620,"Adventure,Indie",10,2,8
673220,"Adventure,Casual,Indie,Early Access",6,3,3
1196310,"Indie,RPG,Strategy",287,242,45
417360,"Free to Play,Indie,Simulation",0,0,0
1545340,Casual,4,1,3
397090,"Adventure,Casual,Indie,RPG",42,30,12
1229640,"Indie,RPG",1,0,1
1061850,"Adventure,Casual,Indie",2,2,0
1292880,"Action,Indie",9,6,3
1128010,RPG,1,1,0
227060,"Indie,RPG,Simulation,Strategy",227,131,96
4580,Strategy,3355,3241,114
1208390,"Action,Adventure,Indie,RPG,Early Access",1,1,0
591910,"Simulation,Sports,Strategy",18,10,8
1842300,"Action,Adventure,Indie",1,1,0
893740,"Casual,Indie",8,8,0
227080,"Adventure,Casual,Indie",580,551,29
245170,"Action,Indie",10147,9658,489
555660,"Action,Adventure,Indie",70,25,45
769590,"Nudity,Casual,Indie,Strategy",4,4,0
958310,"Indie,Strategy",4,2,2
1040230,"Adventure,Indie,RPG,Simulation,Strategy",378,322,56
1784550,"Racing,Early Access",5,3,2
1201790,"Action,Casual",3,3,0
1554220,"Indie,Simulation,Early Access",75,66,9
1853080,"Action,Casual,Indie,Early Access",2,2,0
1694420,"Adventure,Indie,Simulation,Strategy,Early Access",138,136,2
719240,Action,0,0,0
535700,"Casual,Simulation,Sports,Strategy",33,17,16
1514290,"Action,Adventure,Casual,Indie",1,1,0
93200,"Action,Indie,Strategy",405,326,79
2069550,RPG,0,0,0
763290,"Adventure,Indie",29,17,12
1624980,Casual,0,0,0
1372270,"Action,Casual,Indie",0,0,0
1577860,"Indie,Simulation,Strategy",0,0,0
729680,"Action,Indie,Massively Multiplayer,RPG,Simulation",0,0,0
1763120,"Free to Play,Indie",0,0,0
1509010,"Casual,Racing",0,0,0
1495830,Action,0,0,0
691250,"Action,Adventure,Casual,Indie",12,9,3
946560,"Adventure,Casual,Indie,RPG,Simulation",37,34,3
1376350,"Action,Casual,Indie,Strategy",1,1,0
1756320,"Action,Indie,Early Access",8,6,2
1431790,"Adventure,Casual,RPG,Simulation",0,0,0
686510,"Action,Casual,Indie",8,8,0
1249190,"Action,Casual,Indie",7,6,1
25600,"Indie,RPG",95,80,15
520720,"Adventure,Casual,Indie",898,670,228
1403740,"Simulation,Strategy,Early Access",11,10,1
1611490,"Adventure,Casual,Indie",334,277,57
1233950,"Adventure,Casual,Indie,RPG",149,147,2
1122740,"Adventure,Indie",2,2,0
365510,"Casual,Indie",5,5,0
397430,"Adventure,Casual",658,620,38
1761420,"Action,Adventure,Casual,Indie,Massively Multiplayer,Racing,Simulation,Sports,Strategy",8,7,1
697860,"Animation & Modeling,Video Production",86,74,12
1441690,Casual,2,1,1
1185960,Strategy,5,4,1
1688750,"Animation & Modeling,Design & Illustration,Utilities,Video Production",39,35,4
1150730,RPG,74,63,11
17580,"Action,Free to Play,Indie",1,1,0
24058,Simulation,0,0,0
459090,"Indie,RPG",229,208,21
1392700,"Adventure,Simulation",56,37,19
952030,"Adventure,Indie,RPG",8,1,7
488770,"Adventure,Indie",185,146,39
715310,"Action,Free to Play,Massively Multiplayer,Strategy",0,0,0
1199940,"Casual,Simulation",1,0,1
966090,"Casual,Indie,Simulation,Strategy",32,25,7
305380,Action,548,498,50
1755130,"Action,Indie",0,0,0
557780,"Free to Play,Indie,Massively Multiplayer,Simulation",6,4,2
813650,"Casual,Indie",51,46,5
659510,"Action,Adventure,Indie",3,2,1
801410,"Indie,RPG",0,0,0
418360,"Action,Indie",23,21,2
2065920,Indie,10,9,1
848410,"Indie,Simulation",15,11,4
1164300,Casual,0,0,0
476450,Indie,24,16,8
1226840,"Casual,Indie",0,0,0
1722890,Casual,2,2,0
401200,"Adventure,Indie",5,5,0
836860,Adventure,22,4,18
676910,"Indie,Strategy",10,8,2
703860,"Action,Casual,Racing,Simulation,Sports",1346,941,405
1764670,"Action,Adventure,Indie",12,11,1
857980,"Action,Strategy",2292,2014,278
1362940,"Casual,Indie,Strategy",0,0,0
709620,"Action,Adventure,Indie",6,5,1
815150,"Casual,Indie,RPG",89,87,2
381940,Action,27,20,7
694930,"Action,Adventure,Indie",7,4,3
695980,"Adventure,Casual",7,6,1
686500,Adventure,38,25,13
766090,"Adventure,Casual,Free to Play,Indie",0,0,0
847510,Casual,0,0,0
1498180,"Casual,Indie",0,0,0
674730,"Adventure,Indie",0,0,0
1002850,"Free to Play,Indie,RPG,Simulation,Strategy,Early Access",0,0,0
1054310,Indie,6,3,3
454390,"Indie,Racing,Sports",2,2,0
663390,"Casual,Indie,Massively Multiplayer,Strategy",234,172,62
1916630,"Action,Adventure",18,9,9
934630,"Action,Adventure,Simulation,Strategy",18,15,3
1528890,"Action,Adventure,Casual,Indie,Racing",13,8,5
1663010,"Action,Adventure,Casual,Indie",0,0,0
1258790,"Adventure,Indie",38,37,1
1352010,"Casual,Indie",0,0,0
1000100,"Adventure,Indie,RPG,Strategy",0,0,0
2062160,"Casual,Indie,Racing,Simulation,Strategy,Early Access",3,3,0
1481120,"Casual,Indie,Strategy",12,12,0
436950,Indie,2,1,1
340190,"Action,Simulation,Early Access",2,1,1
1016110,Adventure,0,0,0
937580,"Action,Indie",194,190,4
913660,"Action,Casual,Indie",3,2,1
890720,"Adventure,Indie",726,665,61
571720,"Action,Adventure",99,72,27
1872920,"Action,Casual,Early Access",0,0,0
1963840,"Adventure,RPG",0,0,0
711930,"Action,Adventure,Casual,Indie",8,2,6
1296480,"Adventure,Casual,Simulation,Strategy,Early Access",1,1,0
827610,"Action,Indie",15,14,1
1004170,Indie,1,1,0
850050,Casual,102,86,16
910220,Casual,4,3,1
1721570,"Action,Casual,Indie",0,0,0
810230,"Violent,Gore,Adventure,Free to Play,Indie",0,0,0
797550,"Action,Casual",1,0,1
1210530,"Action,Adventure",0,0,0
825110,"Action,Indie",0,0,0
500670,"Action,Indie",160,152,8
1304640,"Adventure,Indie",28,25,3
787720,"Indie,Simulation,Strategy",10,3,7
751540,"Action,Casual,Indie",5,2,3
407100,"Action,Indie,Simulation,Strategy",5,5,0
1473270,Casual,36,22,14
1300000,"Adventure,Casual",6,3,3
1672780,"Indie,RPG,Strategy",18,12,6
348700,"Action,Free to Play,Indie",1,0,1
1830760,"Adventure,Casual,Indie",0,0,0
799660,"Indie,Early Access",0,0,0
1508370,"RPG,Simulation",8,7,1
743580,"Action,Casual,Free to Play,Indie,Massively Multiplayer,Sports",0,0,0
1271870,"Action,Adventure,Indie,Early Access",12,0,12
1237460,"Action,Casual,Indie",0,0,0
561100,"Action,Adventure",8,5,3
1060890,"Action,Indie,Early Access",0,0,0
604010,"Casual,Indie,Simulation",31,27,4
721960,"Indie,Sports",3,2,1
904990,Casual,21,12,9
612310,"Casual,Indie,Simulation,Strategy",13,13,0
1407920,Indie,8,8,0
860640,Adventure,26,12,14
1826530,"Action,Adventure,Casual,Indie,RPG,Strategy",1,0,1
848920,"Action,Adventure,Indie",2,2,0
1057500,"Utilities,Video Production",3,3,0
747240,"Racing,Simulation,Sports",0,0,0
1416770,"Casual,Indie,Strategy",2,2,0
1348270,"Casual,Indie",19,18,1
1037930,"Action,Adventure,Indie,RPG,Simulation",3,0,3
335070,"Action,Casual,Indie,Racing,Simulation,Sports",344,286,58
1887360,"Action,Indie,RPG,Early Access",1,1,0
1295440,"Adventure,Casual,Indie",1,0,1
908710,"Action,Adventure,Casual,Indie,Early Access",3,2,1
1148980,"Adventure,Indie,RPG",17,11,6
111600,"Action,Indie",269,219,50
1705350,"Action,Adventure,Casual,Indie",5,5,0
645450,"Adventure,Casual,Indie",17,11,6
620980,Indie,46028,44380,1648
1143770,"Action,Adventure,Indie,Early Access",5,4,1
791050,Indie,5,2,3
1630780,"Action,Indie",16,16,0
1381690,"Adventure,Casual,Indie,RPG,Strategy",1,0,1
1115400,"Casual,Indie,Racing,Sports",2,2,0
786340,"Adventure,Casual,Indie,Simulation",5,3,2
690930,"Free to Play,Indie",0,0,0
1270620,"Indie,Simulation",50,44,6
831050,"Action,Adventure,Indie,RPG",35,14,21
1971770,"Action,Adventure,Indie,RPG,Early Access",20,13,7
385330,"Adventure,Indie",374,348,26
1914460,Strategy,0,0,0
514140,Action,15,10,5
1869900,RPG,4,4,0
1265310,"Action,Indie",0,0,0
729180,"Action,Casual,Indie",0,0,0
1042550,RPG,2602,2378,224
890310,"Action,Casual,Indie",21,21,0
1053730,"Action,Adventure,Indie",9,5,4
1397980,Adventure,0,0,0
31100,Adventure,77,70,7
455590,"Action,Adventure,Indie,Early Access",6,5,1
982760,"Action,Adventure,Indie,Massively Multiplayer,Early Access",16,7,9
1099630,"Adventure,Indie,RPG,Simulation",8,4,4
1071320,"Casual,Indie",1,0,1
1981190,"Action,Casual,Free to Play",0,0,0
685110,"Action,Adventure,Casual,Free to Play,Indie,RPG,Simulation,Early Access",0,0,0
1576000,"Action,Indie,Early Access",11,11,0
757190,"Action,Casual,Indie",0,0,0
523740,"Action,Free to Play,Indie,Massively Multiplayer,Strategy",3,2,1
1011270,Action,31,19,12
381850,"Adventure,Casual,Racing",14,8,6
1244380,"Adventure,Casual,RPG,Strategy",7,3,4
383190,"Casual,Indie",4,4,0
331580,"Free to Play,Indie",7,4,3
454140,"Simulation,Sports",190,167,23
1087060,"Action,Adventure,Casual,Free to Play,Indie,RPG",0,0,0
852910,Adventure,123,103,20
1003880,"Action,Indie,Simulation,Early Access",13,8,5
429520,Simulation,9,8,1
224460,"Adventure,Indie",2280,2037,243
348620,"Adventure,Casual,Free to Play,Indie",14,12,2
1683340,"Casual,Indie,Racing,Simulation",285,258,27
1144260,"Action,Casual,Indie",0,0,0
1353120,"Action,Adventure,Casual,Indie",39,37,2
520150,"Adventure,Indie,RPG",20,16,4
1197530,"Indie,Strategy",5,4,1
371970,"Action,Adventure,Indie,RPG",1966,1816,150
381320,"Action,Indie",38,34,4
1592640,Simulation,6,4,2
1874770,"Casual,Indie",28,22,6
1197960,"Casual,Indie,Strategy",0,0,0
735570,"Action,Casual,Free to Play,Indie",27,20,7
941390,"Action,Adventure,Strategy",2,2,0
224000,"Free to Play,Simulation",0,0,0
1476890,"Casual,Strategy",5,1,4
867120,"Indie,RPG",16,11,5
1297660,"Action,Adventure,Free to Play,Indie,RPG,Strategy,Early Access",0,0,0
1124530,"Indie,Simulation,Sports,Strategy",21,8,13
1190060,"Action,Indie",5,5,0
2008720,"Casual,Indie",0,0,0
903910,"Casual,Indie",10,10,0
722870,"Adventure,Indie",37,36,1
326470,"Action,Indie,Racing",8,4,4
1204330,"Adventure,Indie,RPG,Early Access",0,0,0
930690,"Action,RPG",3,3,0
1819520,"Casual,Indie",13,13,0
679470,"Indie,RPG",6,3,3
659780,"Action,Adventure,Indie,RPG,Strategy,Early Access",0,0,0
4560,"Action,Strategy",2322,2180,142
476620,Action,2047,1620,427
1373110,"Casual,Free to Play,Simulation",0,0,0
1413370,"Indie,Simulation,Strategy",113,93,20
980830,Adventure,104,90,14
860080,"Action,Indie",5,5,0
1881010,Simulation,3,3,0
920620,"Action,Adventure,Indie",4,3,1
2055440,"Casual,Strategy",57,57,0
840300,"Action,Indie,Racing,Sports",2,2,0
936950,"Action,Casual,Indie,Strategy",0,0,0
1629400,"Casual,Indie,Strategy",3,2,1
410430,"Adventure,Indie",100,56,44
388720,"Action,Indie,Racing",24,19,5
37330,Casual,3,3,0
1330190,"Adventure,Casual,Indie,Simulation,Early Access",132,113,19
1049000,"Casual,Indie",0,0,0
1509700,"Action,Adventure,Casual,Racing",1,1,0
1763590,"Action,Casual,Indie",4,4,0
1871750,"Casual,Free to Play,Indie,Simulation",0,0,0
1931060,"Free to Play,Indie",0,0,0
1897400,"Casual,Indie,Simulation",1,1,0
836420,"Action,Indie",1,0,1
879030,"Casual,Free to Play,Indie,Simulation,Early Access",0,0,0
1484130,"Casual,Indie",11,11,0
536770,"Adventure,Casual,Indie",35,32,3
610410,"Action,Indie",28,26,2
1941220,"Adventure,Casual",1,0,1
1552680,"Adventure,Indie,Early Access",14,14,0
1464650,"Casual,Indie",0,0,0
96100,"Action,Casual,Indie",2666,2239,427
1677410,Casual,18,18,0
1426480,"Adventure,Casual,Indie",63,57,6
802780,"Adventure,Casual,Indie",5,4,1
977080,"Action,Casual,Indie",2,2,0
449510,"Adventure,Indie",51,34,17
34276,Action,4,3,1
1761380,"Action,Indie,RPG",69,51,18
1967010,"Casual,Indie",14,14,0
926450,"Action,Adventure,Free to Play,Indie",6,5,1
740070,"Adventure,Casual,Indie",11,5,6
544520,"Free to Play,Indie",1,1,0
264460,"Action,Adventure,Indie",11,5,6
1187030,"Casual,Indie,RPG,Simulation,Strategy",2,0,2
925170,"Action,Adventure",17,15,2
1222120,"Indie,Simulation",0,0,0
462240,"Indie,Strategy",19,15,4
655020,"Casual,Indie,Simulation,Strategy",27,18,9
580940,Action,14,11,3
1639250,"Casual,Indie,Strategy",12,12,0
1315680,"Casual,Free to Play",0,0,0
1409510,"Adventure,Indie",1,0,1
882290,"Indie,Simulation",3,2,1
1747310,"Casual,Indie,Strategy",4,4,0
722760,"Adventure,Casual",4,3,1
322450,"Adventure,Casual,Indie",245,224,21
587790,"Action,Casual",8,0,8
1213050,"Action,Casual,Indie,Massively Multiplayer",0,0,0
1697460,"Casual,Simulation",17,17,0
947110,"Indie,Strategy",0,0,0
475080,"Action,Adventure",4,1,3
356310,"Action,Free to Play",6,4,2
744750,"Adventure,Indie,Strategy,Early Access",16,10,6
1512450,"Action,Adventure,Strategy,Early Access",0,0,0
1062040,"Action,Adventure,RPG",110,89,21
870680,"Action,Indie",2,1,1
1047160,"Adventure,Casual",2,0,2
1757130,"Action,Indie,Early Access",1,1,0
1688810,Casual,0,0,0
1059710,"Adventure,Casual,Indie",2,2,0
1127880,"Design & Illustration,Photo Editing,Utilities",5,4,1
997710,"Adventure,Indie,Strategy",12,6,6
503750,"Action,Casual,Indie",1,1,0
1303640,Indie,0,0,0
746470,"Animation & Modeling,Design & Illustration",19,17,2
1046470,"Action,Adventure,Free to Play,Indie",0,0,0
786420,"Casual,Indie,Simulation,Strategy",3,2,1
694950,"Adventure,Casual,Indie",16,15,1
496310,"Action,Adventure,Indie",12,6,6
709240,"Indie,Simulation,Strategy,Early Access",0,0,0
647090,"Adventure,Casual",4,4,0
670780,"Violent,Gore,Action,Indie",2,0,2
330390,"Adventure,RPG",1109,976,133
1215310,Casual,0,0,0
584100,"Casual,Indie,Simulation",33,14,19
976800,"Action,Adventure,Free to Play,Massively Multiplayer,RPG,Early Access",25,8,17
1533760,"Action,Indie",0,0,0
1052380,"Action,Indie",2,2,0
1414020,"Action,Casual,Indie",80,79,1
1395660,"Action,Strategy",0,0,0
1187510,"Casual,Indie,Simulation",285,269,16
349250,"Action,Indie",212,209,3
500360,"Action,Casual,Free to Play,Indie,Sports",1,1,0
578990,"Indie,RPG",11,3,8
1610370,"Action,Adventure,Casual,Indie,Early Access",30,20,10
359090,"Action,Indie",3,3,0
896040,"Action,Adventure,Casual,Indie,Early Access",0,0,0
63950,Simulation,359,235,124
3600,Casual,81,63,18
1633490,"Casual,Indie",0,0,0
1364000,Indie,3,3,0
1770850,Casual,1,1,0
800660,"Indie,Early Access",3,2,1
405950,"Adventure,Casual,Indie",56,51,5
37210,Simulation,149,100,49
816710,"Adventure,Indie",40,26,14
1575040,"Casual,Indie,Strategy",2,2,0
1471490,"Casual,Indie,Strategy",11,11,0
491830,"Action,Casual,Indie",11,10,1
915200,"Action,Adventure",17,12,5
249630,"Action,Adventure,Indie,RPG",1684,1462,222
378570,"Casual,Indie",11,8,3
892860,"Action,Indie,Strategy",114,98,16
968600,"Action,Casual,Indie",0,0,0
369550,"Action,Indie",72,56,16
591090,"Adventure,Casual",2,2,0
224740,"Indie,Simulation,Strategy",514,222,292
1449560,Action,989,889,100
1135400,"Action,Adventure,Casual,Indie,Simulation",21,12,9
1594090,"Action,Adventure,Casual,Indie,RPG",31,27,4
830820,"Action,Indie",550,510,40
598090,"Violent,Gore,Adventure,Indie,Simulation",6,2,4
676580,"Action,Indie,Simulation,Strategy",6,6,0
1098530,"Action,Indie",2,0,2
1531040,Strategy,27,27,0
1352530,RPG,0,0,0
340490,Indie,417,333,84
532270,"Action,Simulation",126,103,23
716710,"Action,Indie",312,301,11
1224690,RPG,106,67,39
1681400,"Action,Adventure,Casual,Indie",0,0,0
1442080,"Casual,Indie,Strategy,Early Access",0,0,0
780750,"Casual,Indie",96,63,33
435750,"Design & Illustration,Software Training,Utilities",0,0,0
945550,"Action,Casual,Indie",0,0,0
1049360,"Action,Indie,Strategy",0,0,0
642520,Casual,6,3,3
1594950,"Action,Free to Play,Indie",0,0,0
2054760,Action,0,0,0
1863650,"Adventure,Casual,Indie,Racing,Simulation",3,2,1
702360,"Casual,Indie",3,3,0
831530,"Indie,Racing,Sports",38,33,5
691620,"Action,Indie,RPG",5,4,1
1903480,Indie,12,11,1
1194590,"RPG,Simulation,Strategy",231,173,58
533690,"Casual,Free to Play,Indie,Strategy",12,10,2
323630,Indie,3,2,1
508260,"Adventure,Casual,Indie",52,43,9
2011230,"Casual,Indie",10,10,0
554820,Video Production,32,27,5
614960,"Action,Casual,Indie",15,10,5
489370,"RPG,Simulation,Strategy",113,72,41
2021170,"Adventure,Indie,Early Access",5,5,0
812930,Strategy,13,10,3
763810,"Action,Indie,Simulation",7,4,3
949030,"Casual,Indie",21,19,2
673950,"Casual,Indie,Simulation",3847,3579,268
1254140,"Adventure,Casual,Indie,RPG,Simulation,Strategy",0,0,0
1907620,"Action,Adventure,Casual,Indie",0,0,0
2010600,Indie,6,4,2
311100,"Action,Simulation",24,15,9
622650,"Action,Adventure,Indie,Strategy",5689,4977,712
49800,"Action,Indie",181,67,114
1366540,"Indie,Simulation,Strategy,Early Access",16910,16378,532
1069850,"Action,Casual,Indie,Strategy",31,29,2
620570,"Indie,Simulation",13,4,9
346120,"Action,Free to Play,Indie,Massively Multiplayer",48,42,6
1154810,"Action,Indie",1467,1378,89
1063050,"Action,Adventure,Indie,Simulation,Strategy",12,8,4
370140,"Casual,Indie",2,1,1
1472260,Sports,0,0,0
1583130,"Action,Indie",0,0,0
325730,"Action,Adventure,Casual,Indie,RPG,Strategy",191,133,58
340340,"Casual,Indie,Simulation",240,195,45
1762130,"Action,Adventure,Casual,Indie,RPG",0,0,0
839940,"Adventure,Indie,RPG",22,21,1
623380,"Indie,Simulation,Early Access",51,44,7
934180,"Action,Adventure,Casual,Indie,Simulation",15,10,5
1528110,Casual,13,13,0
1416730,"Casual,Free to Play,Indie,Strategy",2,2,0
317730,"Action,Adventure,Indie,Simulation,Early Access",18,4,14
1710690,"Adventure,Casual",1,1,0
1521110,"Action,Adventure,Casual,Indie",48,45,3
1347170,"Casual,Indie",2,2,0
1504100,"Action,Adventure,Casual,Indie,Simulation,Early Access",4,0,4
1802110,"Casual,Indie",8,4,4
1440130,"Adventure,Casual,Indie",28,13,15
281430,RPG,60,30,30
1871590,"Casual,Indie",11,11,0
552580,"Adventure,Casual,Indie,RPG,Strategy",17,10,7
757440,"Indie,Simulation,Strategy",1,0,1
739260,"Action,Free to Play,Indie",4,4,0
2061090,"Adventure,Simulation,Early Access",0,0,0
1946620,Indie,10,9,1
1595790,"Casual,Indie",0,0,0
1446180,"Indie,Strategy",2,2,0
1847440,Indie,0,0,0
1101190,"Action,Adventure,Indie,RPG,Strategy",1845,1254,591
1945220,"Casual,Indie",24,17,7
12560,Simulation,29,13,16
282070,"Adventure,Indie,Simulation",19039,17698,1341
622770,"Action,Adventure,Indie",122,73,49
892970,"Action,Adventure,Indie,RPG,Early Access",188621,180940,7681
655610,"Indie,Racing,Sports",10,1,9
252850,"Action,Indie,Sports,Early Access",36,21,15
560870,"Casual,Indie,Simulation",4,2,2
312650,Action,258,200,58
1558730,"Adventure,Indie",7,7,0
572020,"Action,Casual,Indie,Simulation",28,26,2
246680,"Action,Adventure,Indie",126,86,40
1346110,"Casual,Indie,Strategy",3,3,0
253710,"Action,Adventure,Free to Play,Simulation,Sports",248,102,146
416320,"Adventure,Casual,Strategy",13,10,3
1525600,"Casual,Indie,RPG",55,37,18
1842270,Indie,10,10,0
543510,Audio Production,12,7,5
22130,Strategy,257,215,42
1476390,"Casual,Indie",2,1,1
864960,"Casual,Indie,Simulation",2,2,0
665960,"Indie,Simulation",22,9,13
1282320,"Casual,Indie",16,16,0
1180690,"Action,Adventure,Indie",3,1,2
1703100,"Simulation,Strategy",3,2,1
1284240,"Adventure,Indie,RPG,Strategy",0,0,0
1913720,"Casual,Indie",5,5,0
1387910,"Casual,Indie,Strategy",0,0,0
1511830,"Simulation,Strategy",37,31,6
787200,"Action,Casual,Indie",7,6,1
1575970,"Design & Illustration,Web Publishing,Game Development",0,0,0
1185580,"Action,Indie,Early Access",0,0,0
891850,"Adventure,Indie,RPG,Simulation",2,2,0
786070,"Adventure,Casual",1,1,0
1178710,"Casual,Indie,Simulation",3,0,3
1103650,"Action,Adventure,Indie,Simulation",2,0,2
705260,"Indie,Simulation",1,1,0
432470,"Adventure,Indie",59,15,44
506090,"Adventure,Indie",4,2,2
1098291,Action,92,81,11
657990,"Action,Adventure,Indie,Early Access",101,54,47
339290,"Action,Casual,Indie",13,3,10
383930,"Action,Adventure,Indie",59,44,15
1170980,"Indie,Simulation,Strategy",19,12,7
473910,"Action,Indie,Simulation,Sports,Early Access",143,88,55
1570740,"Adventure,Casual,Indie",2,1,1
679090,"Action,Adventure,Indie,RPG",12,10,2
909010,"Casual,Indie,Simulation",4,4,0
426590,"Adventure,Indie,RPG,Simulation,Strategy,Early Access",41,6,35
1123910,"Action,Adventure,Racing",3,2,1
294460,"Action,Adventure,Indie",37,30,7
1939810,"Action,Adventure,Indie,RPG,Early Access",6,4,2
1284410,"Free to Play,RPG,Strategy",0,0,0
769680,"RPG,Simulation",2,2,0
296300,"Action,Casual,Indie",1717,1217,500
449140,"Free to Play,Indie,Strategy",32,29,3
959260,"Action,Adventure,Indie",2,1,1
816090,"Action,Adventure",4198,3100,1098
592260,"Design & Illustration,Early Access",1704,1471,233
360,Action,1243,940,303
1516600,Action,1,1,0
1510,"Indie,Strategy",1191,1083,108
554750,"Simulation,Sports",117,70,47
703480,"Utilities,Early Access",0,0,0
1992940,"Action,Adventure,RPG,Early Access",3,1,2
1098730,"Adventure,Indie",5,4,1
2027390,"Casual,Indie,Simulation",3,3,0
1477450,"Adventure,RPG",0,0,0
1583140,"Casual,Indie,Strategy",27,24,3
620660,"Action,Adventure",5,5,0
1705590,"Adventure,Free to Play,Indie",0,0,0
1265170,"Indie,RPG",2,0,2
319400,Adventure,103,90,13
876210,"Action,Adventure,Casual,Indie",2,1,1
1243750,"Casual,Simulation,Sports",5,2,3
1013070,RPG,7,5,2
786670,"Casual,Indie,Simulation",13,8,5
586700,"Nudity,Adventure,Casual",3,2,1
1038630,"Adventure,Casual,Indie",11,10,1
277490,"Action,Indie,Strategy",125,101,24
1090940,"Action,Indie",6,6,0
958190,"Action,Casual,Indie,Early Access",0,0,0
732470,"Action,Strategy",12,9,3
697910,Adventure,3,3,0
1140160,"Action,Casual,Indie,Massively Multiplayer,Racing,Simulation,Strategy",0,0,0
446040,Action,72,58,14
700400,"Action,Indie",4,4,0
378080,"Action,Adventure,Indie,RPG",41,33,8
718850,Strategy,2280,1829,451
751670,"Adventure,Casual,Indie",2,2,0
1177660,"Adventure,Indie",400,330,70
1868520,"Action,Casual,Indie",6,6,0
1819210,"Action,Indie",0,0,0
1814800,"Action,Adventure,Indie",1,1,0
1895870,"Casual,Indie,Strategy",0,0,0
389190,"Action,Adventure,Casual,Indie",44,26,18
1818640,"Action,Indie,Early Access",3,2,1
490300,"Indie,Strategy",4,3,1
1697700,"Adventure,Casual,Indie,RPG",232,223,9
11280,"Action,Casual,Indie",490,453,37
405070,"Casual,Indie",5,2,3
623940,"Adventure,Indie,RPG",2528,2388,140
1249800,"Action,Adventure,RPG",264,205,59
2023680,"Action,Adventure,Casual,Indie,Simulation",1,1,0
853330,"Action,Adventure,Racing,Simulation",3,1,2
763360,"Casual,Indie",8,6,2
880940,"Action,Casual,Indie",10340,9157,1183
320650,"Adventure,Casual",33,16,17
1364010,Adventure,30,27,3
1447140,"Adventure,Indie,Early Access",1,1,0
433170,"Action,Adventure,Indie,Simulation",554,434,120
17020,"Action,Free to Play,Massively Multiplayer,RPG",322,255,67
735580,"Adventure,Casual",189,178,11
1736140,"Indie,Simulation",0,0,0
1018060,"Indie,RPG,Strategy",0,0,0
1599410,"Action,Free to Play,Indie",0,0,0
1010240,"Casual,Indie,Simulation",90,85,5
248570,"Action,Free to Play,Indie,Strategy",98,88,10
1718040,Adventure,8,8,0
542290,"Nudity,Adventure",33,31,2
1208840,"Action,Adventure,Indie,Strategy",0,0,0
992360,"Casual,Indie,RPG",1,0,1
844260,"Action,Adventure,Indie,Racing,RPG",216,177,39
1116180,"Action,Adventure,Indie",4,3,1
347590,"Casual,Strategy",36,35,1
1620750,"Simulation,Sports",1,0,1
1010070,"Action,Indie,Strategy",4,3,1
1506530,"Casual,Indie,Early Access",0,0,0
966680,"Adventure,Indie",448,413,35
1087460,"Casual,Indie,RPG,Simulation",391,355,36
1483360,"Education,Utilities",0,0,0
1112050,"Action,Adventure,Casual,Indie,RPG,Strategy,Early Access",10,5,5
935910,"Action,Adventure,Indie,Strategy",8,6,2
1190230,"Casual,Indie",0,0,0
1234580,"Indie,RPG,Simulation,Strategy,Early Access",3,2,1
857200,"Indie,RPG",25,22,3
865870,"Adventure,Casual,Indie,Early Access",6,3,3
1634990,"Action,Sports,Strategy,Early Access",42,40,2
1239940,"Action,Free to Play,Massively Multiplayer,Early Access",0,0,0
750170,"Indie,Simulation,Early Access",174,165,9
625680,"Action,Indie",89,71,18
860530,"Casual,Indie,Racing",11,8,3
460250,"Casual,Indie",26,24,2
956090,"Casual,Indie",8,8,0
1824160,"Adventure,Indie,RPG,Strategy",0,0,0
1348930,"Action,Casual,Indie,Early Access",3,3,0
338300,"Action,Adventure",9,5,4
1996810,"Adventure,Casual",0,0,0
1248120,"Action,Adventure,Casual,Indie,RPG,Early Access",0,0,0
481190,"Casual,Indie,Simulation,Strategy",205,105,100
1083260,"Action,Simulation,Sports",2,0,2
990060,"Free to Play,Massively Multiplayer,Simulation",0,0,0
833800,"Racing,Sports",2,0,2
1571640,"Adventure,Casual,Indie",5,5,0
867550,"Action,Adventure,Casual,Indie,Racing,Simulation,Sports,Strategy",2,1,1
1344890,"Action,Casual",0,0,0
765780,"Casual,Indie",0,0,0
591740,"Action,Free to Play",0,0,0
1179100,"Adventure,Casual,Free to Play,Indie,Simulation",0,0,0
1997920,"Adventure,Indie,Simulation",5,4,1
2006040,"Action,RPG,Simulation",3,2,1
951800,Design & Illustration,1,1,0
823580,"Adventure,Indie",24,22,2
1663730,"Simulation,Strategy",3,3,0
1487640,Sports,1,1,0
417110,"Adventure,Indie",88,75,13
32720,Simulation,52,41,11
1829120,"Action,Casual,Indie,Simulation,Strategy,Early Access",5,3,2
926410,"Action,Adventure,Indie",6,3,3
403490,"Adventure,RPG",7,4,3
1627240,"Action,Indie",6,6,0
991500,"Casual,Indie,Simulation",4,3,1
895200,"Action,Adventure,RPG",150,73,77
973050,"Adventure,RPG,Strategy",37,32,5
779160,"Action,Early Access",2,1,1
313340,"Casual,Indie,RPG,Simulation",4827,4141,686
1335800,"Adventure,Indie",25,10,15
1777130,"Action,Indie",0,0,0
1139060,"Action,Free to Play,Massively Multiplayer",0,0,0
385950,"Casual,Strategy",14,6,8
1981970,"Action,Free to Play",0,0,0
1813320,"Casual,Indie,Simulation",5,5,0
768590,"Casual,Indie",9,8,1
1724630,"Casual,Indie",7,3,4
725040,"Indie,RPG",22,20,2
751490,"Action,Casual,Indie",13,13,0
312970,Adventure,79,62,17
1519590,Casual,45,44,1
652600,"Adventure,Indie",31,15,16
719340,"Action,Adventure,Indie,Early Access",0,0,0
752200,"Adventure,Casual,RPG,Simulation",2,0,2
449120,"Action,Casual,Indie,Strategy",9,5,4
777560,"Action,Indie",0,0,0
317610,"Action,Indie,Strategy",13,4,9
1263100,"Action,RPG",8,5,3
1131790,"Action,Adventure,Indie,Strategy",5,5,0
1764950,"Action,Adventure,Indie",0,0,0
485790,"Action,Racing,Early Access",3,1,2
913340,"Indie,Simulation,Sports,Strategy",12,9,3
607560,"Audio Production,Utilities",10,9,1
1916660,"Adventure,Casual,Indie,Simulation",0,0,0
1512720,"Casual,Simulation",1,1,0
1597970,"Casual,Indie",2,2,0
1305060,"Action,Casual,Indie",9,9,0
1132720,Adventure,15,12,3
435020,Sports,97,71,26
1098750,"Action,Casual,Indie,RPG",0,0,0
1502490,"Action,Adventure",0,0,0
932950,"Action,Indie",1,1,0
1065770,"Action,Casual,Indie,Strategy,Early Access",1,0,1
1413020,"Action,Indie,Simulation",348,305,43
436870,"Action,Casual,Indie,RPG",12,8,4
1293610,"Action,Indie",0,0,0
849970,"Adventure,Indie,RPG",2,0,2
1285350,"Casual,Indie",1,1,0
1685950,Casual,2,2,0
1123450,"Adventure,Indie,RPG",1264,1238,26
271260,"Action,Adventure,Indie,RPG,Simulation",1393,1059,334
1028030,"Action,Indie",1,1,0
796330,"Action,Adventure",11,0,11
926610,"Action,Adventure,Casual,Indie,RPG",3,3,0
325790,"Indie,RPG,Strategy",97,28,69
443970,"Animation & Modeling,Design & Illustration,Education,Software Training,Utilities,Game Development",126,87,39
354930,"Adventure,Indie",4,3,1
347230,"Simulation,Strategy",25,14,11
1631120,"Action,Indie,Simulation",3,0,3
898650,"Adventure,Indie",303,257,46
932220,Indie,24,22,2
378660,Adventure,488,267,221
709920,Indie,523,510,13
1769150,"Adventure,Indie,RPG",0,0,0
1696220,"Adventure,Casual,Indie",88,84,4
1153370,"Action,Casual,Indie",1,1,0
2079370,"Action,Adventure,Casual,Indie,Racing,RPG,Simulation,Sports,Strategy",5,3,2
1373740,"Action,Adventure,Indie",5,3,2
611090,"Casual,Free to Play,Simulation",0,0,0
491210,"Action,Adventure",16,13,3
1518360,Indie,13,13,0
341710,"Casual,Indie,Simulation,Strategy",261,162,99
1884210,"Casual,Indie,Simulation",0,0,0
1371000,"Action,Indie,RPG",0,0,0
1033330,"Action,Adventure,Indie,RPG",2,1,1
1694310,"Action,Adventure,Indie,RPG,Early Access",5,5,0
1537700,"Action,Indie",1,1,0
594310,"Adventure,Free to Play,Indie,RPG",0,0,0
1197520,"Adventure,Casual,Indie,RPG",22,22,0
1666510,"Adventure,Indie,RPG",27,17,10
1866460,"Adventure,RPG,Strategy",0,0,0
1900860,"Action,Adventure,Casual",2,2,0
1002690,"Adventure,Casual,Indie,Simulation",0,0,0
629960,"Sexual Content,Nudity,Adventure,Casual",29,24,5
1258370,Casual,0,0,0
1797940,"Adventure,Casual",5,4,1
1373170,"Indie,Strategy",5,5,0
1938150,"Action,Indie,Early Access",10,10,0
960900,"Action,Indie,Strategy",11,8,3
676840,"Action,Adventure,Indie,Simulation",429,288,141
1585990,RPG,0,0,0
909580,"Casual,Indie,Strategy",10,4,6
1253920,"Action,Adventure,Indie,RPG",5199,4689,510
1694810,"Indie,Early Access",0,0,0
442860,"Action,Casual,Indie",0,0,0
945580,"Action,Adventure,Indie",21,20,1
377060,"Action,Indie,Simulation,Sports,Early Access",223,143,80
466560,"Indie,Simulation,Strategy",16456,14341,2115
1833050,"Adventure,Casual,Free to Play,Indie",0,0,0
1559840,"Indie,RPG,Simulation",0,0,0
1292020,"RPG,Simulation,Strategy",307,302,5
890900,"Action,Indie,Simulation,Sports",1,1,0
414720,"Adventure,Indie,Simulation",352,300,52
1088600,"Action,Indie",40,30,10
1399400,Casual,4,3,1
1261660,Indie,5,4,1
268130,"Action,Adventure,Indie,Strategy",5351,5085,266
1243320,"Adventure,Casual,Indie,RPG",7,2,5
527910,"Adventure,Casual",8,7,1
1630360,"Adventure,Indie",6,5,1
289950,"Casual,Simulation",1232,839,393
773640,"Casual,Indie,Simulation,Strategy",6,1,5
504390,Indie,125,108,17
1459580,"Action,Adventure,Indie",0,0,0
1245670,"Adventure,Indie,RPG",22,14,8
1431950,"Adventure,Indie,RPG,Strategy",26,19,7
1898410,Action,0,0,0
1424120,"Action,Adventure,Casual,Indie,Early Access",1,1,0
550580,"Casual,Indie",42,31,11
604500,"Action,Casual,Free to Play,Massively Multiplayer,Simulation",0,0,0
1177030,"Action,Adventure,RPG",14,10,4
1382860,Indie,1,0,1
405440,"Action,Indie,RPG",5,3,2
978700,"Casual,Indie,RPG,Simulation",72,24,48
334980,"Adventure,Indie",38,18,20
359580,"Action,Adventure,Indie",188,108,80
975110,"Casual,Indie",0,0,0
862190,"Action,Indie,Simulation,Sports,Strategy",2,0,2
303680,"Action,Adventure,RPG",304,287,17
494700,"Action,Adventure,Indie",20,12,8
1307550,"Action,Adventure,Indie,RPG,Early Access",5314,4552,762
1879280,"Free to Play,Indie,Massively Multiplayer,RPG,Simulation,Strategy,Early Access",0,0,0
638060,"Adventure,Indie,RPG,Strategy",4,3,1
233270,"Action,Adventure",8626,7504,1122
1002410,"Adventure,Indie",9,3,6
1172530,Casual,46,39,7
928300,Simulation,49,43,6
1933980,"Casual,Indie,Simulation,Strategy",21,18,3
555290,"Adventure,Casual,Indie",90,71,19
386960,"Sexual Content,Nudity,Casual,Indie",5,4,1
1138100,"Casual,Indie,Simulation,Strategy",65,60,5
1781140,"Free to Play,Indie,Massively Multiplayer,Simulation",0,0,0
1920710,"Action,Adventure,Indie,Early Access",0,0,0
867900,"Simulation,Sports,Early Access",0,0,0
1050700,"Casual,Indie",0,0,0
1116880,"Indie,Strategy",129,114,15
1654280,"Casual,Indie,Strategy",0,0,0
1600670,"Action,Adventure,Indie,Simulation,Early Access",6,2,4
1882600,"Action,Indie",2,2,0
1421690,"Adventure,Casual,Indie",14,13,1
750010,"Violent,Gore,Action",58,37,21
49300,Strategy,78,35,43
269290,"Utilities,Video Production",352,165,187
1495560,"Adventure,Casual,Indie",2,0,2
1035530,"Casual,Indie",11,7,4
776670,"Casual,Indie,Simulation",10,6,4
935960,"Adventure,Casual,Indie,Racing,Strategy",5,0,5
1369950,"Action,Adventure,Indie,RPG",3,2,1
402970,"Action,Adventure,Casual,Indie,RPG,Early Access",1,1,0
608190,"Adventure,Casual",12,5,7
1729780,"Action,Indie,RPG,Simulation,Early Access",6,3,3
809700,"Casual,Indie,Racing",2,2,0
1975180,"Action,Indie",77,75,2
593060,"Action,Adventure,Casual,Strategy",7,5,2
747310,"Indie,Simulation,Strategy",39,19,20
1161900,"Adventure,Indie",11,4,7
827940,"Indie,Simulation,Strategy",12,10,2
743850,"Action,Adventure,Indie",36,34,2
772430,"Adventure,Casual,Indie,RPG",418,328,90
1749800,"Adventure,Indie",20,10,10
705280,"Action,Indie,RPG",195,163,32
1823740,Casual,1,0,1
1185740,"Adventure,Casual,Indie",7,6,1
1004860,"Adventure,Casual",52,46,6
1246540,"Action,Adventure,Indie,Simulation,Sports",2,2,0
809140,"Indie,Simulation,Strategy",1427,1205,222
470440,"Casual,Indie,Strategy",11,11,0
1890360,"Action,Casual,Indie",0,0,0
227800,"Action,Indie",67,49,18
1835830,"Adventure,Casual",5,5,0
274500,"Action,Indie",3101,2982,119
656910,"Casual,Indie",2,1,1
1596380,"Free to Play,RPG",2,1,1
275330,Casual,4,1,3
775310,"Action,Casual,Indie",13,12,1
72000,Indie,250,206,44
1464390,"Action,Adventure,Indie",2,1,1
355180,"Action,Free to Play",148,126,22
1732840,"Action,Casual,Indie,Simulation",3,1,2
1895650,"Action,Adventure,Indie",3,3,0
497420,"Casual,Simulation",26,21,5
919240,Casual,1,0,1
1391610,"Casual,Indie,Racing",5,5,0
314540,Adventure,9,6,3
1460000,Racing,0,0,0
724900,"Action,Adventure,Indie",4,2,2
945870,"Casual,Indie,Early Access",0,0,0
342910,"Indie,Simulation",55,32,23
1040740,"Adventure,Casual,RPG,Strategy",4,3,1
757420,"Action,Adventure,Indie",7,2,5
1287840,"RPG,Strategy",604,454,150
1769470,"Casual,Indie,Strategy,Early Access",3,2,1
1154080,"Simulation,Sports",62,50,12
312200,"Action,Adventure,Indie,RPG",623,436,187
1312240,"Casual,Indie,Strategy,Early Access",1,1,0
293220,"Action,Indie",542,371,171
1481810,"Casual,Racing",3,2,1
401420,"Action,Casual,Indie",1,0,1
893940,Indie,1,1,0
835630,"Casual,Simulation",10,9,1
1417280,"Action,Adventure,Casual,Indie",0,0,0
1044640,"Action,Casual,Indie,Strategy",2,1,1
524560,"Adventure,Indie,RPG",39,34,5
672160,Casual,28,17,11
394490,"Casual,Indie,Simulation,Early Access",37,10,27
772730,"Action,Adventure,RPG",13,11,2
46700,Strategy,20,4,16
1716190,Casual,2,2,0
590970,"Nudity,Violent,Gore,Action,Adventure,Indie",75,25,50
1689350,Casual,198,171,27
911310,Utilities,6,5,1
1310520,"Adventure,Free to Play,Indie,Simulation",0,0,0
877200,"Action,Casual,Indie,Simulation,Early Access",2454,1972,482
516110,"Adventure,Casual,Indie",455,418,37
1486970,"Casual,Indie,Racing,Simulation",1,1,0
1341650,"Indie,Racing,Sports",1,0,1
795220,"Casual,Indie,Simulation,Strategy",22,20,2
313190,Casual,9,1,8
397420,Casual,51,24,27
761880,"Action,Indie,Early Access",1,1,0
1072270,"Action,Casual,Indie",17,13,4
214360,"Action,Indie,Strategy",693,481,212
1953530,"Action,Adventure,Indie",4,4,0
428220,"Action,Adventure,Casual,Indie",54,39,15
1085180,Action,201,177,24
395880,"Casual,Indie,Simulation",10,6,4
1633080,"Action,Casual,Indie,Sports",7,6,1
1189460,"Casual,Indie,RPG",23,18,5
833890,Indie,10,6,4
1179310,"Indie,Racing,Simulation",0,0,0
1787640,"Action,Adventure,Casual,Indie",2,1,1
789600,"Action,Casual,Indie",1,1,0
1096540,"Animation & Modeling,Design & Illustration,Utilities,Early Access",11,3,8
2010250,"Casual,Free to Play,Indie,Simulation",0,0,0
764110,"Casual,Simulation",13,11,2
348470,Action,550,399,151
1691290,"Adventure,Casual,Indie,RPG",19,16,3
1401610,"Adventure,Free to Play",0,0,0
1644670,"Action,Adventure,Casual,Indie,RPG",0,0,0
339130,"Adventure,Indie",168,150,18
1042750,"Casual,Indie,Massively Multiplayer",0,0,0
735470,Animation & Modeling,0,0,0
1529430,"Casual,Indie,Simulation,Early Access",4,4,0
785100,"Adventure,Indie",13,12,1
270230,"Adventure,Casual,Indie",91,75,16
841580,"Action,RPG,Early Access",1,1,0
920680,"Indie,Strategy",355,278,77
1318110,"Action,Casual,Indie",4,4,0
1248590,"Adventure,Casual,Indie,RPG",9,3,6
65540,"Action,RPG",1652,1344,308
1737330,"Adventure,Indie,Simulation",0,0,0
1214590,"Adventure,Indie,Strategy",2,1,1
593280,"Action,Adventure,Indie,RPG",2193,2087,106
1721020,"Indie,Strategy",0,0,0
2018260,Indie,10,9,1
346420,"Indie,RPG,Simulation",183,129,54
1290100,"Action,Casual,Indie",2,2,0
1126310,"Adventure,Casual,Indie,RPG,Simulation",58,56,2
927370,"Adventure,Indie,RPG",2,2,0
1063490,Adventure,323,281,42
1541730,"Casual,Indie",0,0,0
1175170,"Adventure,Casual,Indie",3,3,0
1737600,"Action,RPG,Early Access",0,0,0
1024690,"Action,Indie,RPG",1,0,1
1521960,"Action,Adventure,Indie",2,2,0
933740,"Casual,Indie",0,0,0
636390,"Indie,RPG,Strategy",63,55,8
1396390,Indie,0,0,0
1154470,Strategy,0,0,0
1578100,"Adventure,Casual,Indie",13,11,2
1128800,"Indie,Simulation",54,35,19
397390,"Indie,Strategy",184,127,57
1029150,"Adventure,Indie,RPG",8,7,1
1037270,"Indie,Simulation",0,0,0
317940,"Adventure,Indie",67,46,21
1757440,Action,2,2,0
1563780,"Adventure,Casual,Indie,Simulation,Strategy",15,15,0
521150,"Indie,Simulation,Strategy",1031,844,187
1937130,"Action,Casual",0,0,0
341510,"Casual,Indie,RPG",18,14,4
332270,"Action,Adventure,Indie",30,22,8
1009810,"Action,Adventure,Casual",1,1,0
296810,"Action,Indie,Early Access",4,4,0
715980,"Adventure,Casual,Indie,Simulation",29,6,23
906950,Casual,1,1,0
809220,"Violent,Action,Casual,Indie,Simulation",1,0,1
98300,"Action,Casual,Simulation,Strategy",754,681,73
720540,"Casual,Indie,Simulation,Sports",0,0,0
1785200,"Action,Adventure,Indie",9,8,1
291450,"Indie,RPG,Simulation,Strategy",106,54,52
1458210,"Casual,Indie",0,0,0
1189600,"Action,Adventure,Indie,RPG",0,0,0
926720,Adventure,0,0,0
429600,"Adventure,Casual",65,48,17
1419580,"Action,Strategy",0,0,0
502820,Adventure,842,567,275
1655090,"Adventure,Indie",13,8,5
1742940,"Action,Casual",1,1,0
471730,"Action,Indie,Racing,Sports",10,6,4
104200,"Adventure,Indie",1393,1139,254
739270,"Action,Adventure,Early Access",2,2,0
1908500,"Action,Indie,Early Access",0,0,0
1349850,"Adventure,Casual,Indie,RPG,Strategy",45,29,16
945360,Casual,334177,308895,25282
1373380,"Adventure,Indie",5,4,1
513290,"Adventure,Indie",299,135,164
1025140,"Adventure,Casual,Simulation",124,113,11
606150,"Action,Adventure,Indie",4617,3808,809
712100,"Action,Strategy",5884,3960,1924
672970,"Adventure,RPG",16,11,5
1928450,"Adventure,Indie,RPG",1,1,0
1497110,"Casual,Indie,Strategy",0,0,0
1562150,"Casual,Indie",0,0,0
968480,"Action,Adventure,Casual,Indie,Early Access",0,0,0
571020,"Action,Casual,Indie",32,20,12
543430,Indie,12,8,4
1790800,"Adventure,Casual,Indie",10,9,1
1492250,"Action,Indie",5,5,0
820840,"Action,Adventure,Indie",7,5,2
249930,Simulation,19,7,12
367050,"Action,Casual,Indie",6,6,0
420330,"Action,Indie",13,8,5
1148430,"Adventure,Casual,Indie",6,3,3
383590,Simulation,8,5,3
1188720,"Action,Casual,Free to Play,Indie,Simulation,Sports",0,0,0
1364710,Simulation,9,7,2
1281890,Indie,13,11,2
745420,"Casual,Indie,Strategy",4,3,1
527320,"Indie,Strategy",8,6,2
1367950,Strategy,3,1,2
1640360,Casual,0,0,0
714980,Indie,8,5,3
1834120,"Casual,Indie",13,13,0
521560,"Adventure,Indie,Strategy",22,16,6
1175250,"Action,Casual,Indie,Strategy",9,9,0
272510,"Action,Adventure",1731,1365,366
1137410,Indie,344,319,25
1125880,"Action,Adventure,Casual,Indie",1,1,0
1706720,"RPG,Strategy",1,1,0
1024380,"Action,Early Access",2160,1642,518
1323770,"Action,Adventure,Casual,Indie",4,4,0
1260930,Casual,1,0,1
688150,"Indie,Racing",2,0,2
538170,Strategy,3,2,1
774321,"Action,Adventure,Indie",61,36,25
702160,"Action,Adventure,Free to Play,Indie,RPG",0,0,0
1051330,"Casual,Indie",3,2,1
1280760,"Casual,Indie",0,0,0
207430,"Casual,Indie,RPG",242,133,109
1554020,"Adventure,Casual,Indie",0,0,0
366610,"Action,Adventure,Casual,Indie",5,1,4
1672400,"Casual,Free to Play",0,0,0
726460,"Adventure,Indie,RPG",10,6,4
1374290,"Adventure,Indie",187,154,33
465710,"Action,Adventure,Free to Play,Indie,RPG,Strategy",0,0,0
1364100,"Adventure,Indie",277,261,16
270150,"Action,Indie",4315,3850,465
1074620,"Action,Indie,RPG,Early Access",138,120,18
1890690,"Action,Adventure,Casual,Indie,RPG,Simulation",2,2,0
649190,"Action,Casual,Indie,Sports",12,6,6
1562880,"Adventure,Indie",3,3,0
1759590,"Indie,Simulation,Strategy",0,0,0
450860,"Action,Adventure,Casual,Indie,Simulation",142,85,57
565380,"Action,Adventure",7,3,4
1690060,"Action,Adventure,Casual,Indie",0,0,0
947400,"Adventure,Casual,Indie",3,1,2
862580,"Violent,Gore,Adventure,Indie",351,279,72
1434270,"Action,Casual,Indie,Strategy",1,0,1
527820,"Adventure,Casual,Indie,RPG",21,21,0
1719790,"Action,Adventure,Indie,Strategy",2,2,0
1294160,Indie,0,0,0
966160,"Adventure,Casual,Indie,Strategy",0,0,0
1500780,"Action,Adventure,Indie",0,0,0
1370650,"Animation & Modeling,Design & Illustration,Game Development",4,2,2
1770390,"Casual,Indie,RPG",29,19,10
1298890,"Adventure,Casual,Indie",3,3,0
962580,"Adventure,Casual,Simulation",493,379,114
828150,"Action,Casual,Indie",41,30,11
1552210,"Action,Casual,Indie",0,0,0
1301230,"Action,Adventure,Indie",23,18,5
11920,Casual,14,11,3
838740,"Adventure,Casual",1,1,0
1221630,"Action,Casual,Indie",7,6,1
489120,"Action,Adventure,Indie",6,6,0
407380,Action,30,27,3
603810,"Adventure,Indie",85,71,14
1004230,"Adventure,Indie",3,3,0
884160,"Action,Indie",0,0,0
1988360,"Adventure,Casual,Indie",0,0,0
1210010,"Casual,Indie",18,17,1
908050,"Action,Adventure,Casual,Indie,Racing",43,28,15
1232720,"Action,Indie,Early Access",0,0,0
443380,Adventure,54,47,7
734870,"Adventure,Simulation,Early Access",1,1,0
1799710,"Adventure,Casual,RPG",3,3,0
1147510,"Adventure,Casual,Simulation",479,423,56
310790,Action,858,775,83
336030,"Indie,Racing",14,9,5
1366680,"Action,Indie",0,0,0
1377350,"Casual,Indie,Simulation",0,0,0
282560,"Simulation,Strategy",1835,476,1359
1622180,"Casual,Indie",4,4,0
966370,"Action,Casual,Indie,Strategy",3,1,2
1111210,"Adventure,Casual,Free to Play,Indie,Simulation",11,9,2
1899980,"Action,Indie",0,0,0
2100,"Action,RPG",3270,2970,300
340050,"Action,Adventure,Indie,RPG,Simulation,Strategy",1259,1027,232
804120,"Casual,Indie",4,3,1
1807450,"Adventure,Casual,Indie",27,15,12
1032060,Racing,1,1,0
1138630,"Action,Indie,RPG",4,3,1
1938850,"Action,Indie",47,45,2
406110,"Adventure,Casual,Indie,RPG,Strategy",26,20,6
1287240,"Adventure,Indie",3,3,0
661650,"Indie,Simulation,Strategy",2,1,1
751550,"Adventure,Indie,RPG",0,0,0
996620,"Action,Indie,Sports",2,2,0
516950,"Action,Adventure,Indie,Simulation,Early Access",5,2,3
815840,"Action,Adventure,Casual,Indie",3,2,1
356430,"Simulation,Strategy",296,251,45
1125370,Indie,4,4,0
546180,"Action,Casual,Indie",10,7,3
994700,"Action,Casual,Indie,Early Access",1,0,1
1119710,"Adventure,Casual,Indie",36,29,7
896990,"Adventure,Casual",5,2,3
1067720,"Action,Casual,Indie",79,73,6
1075140,"Free to Play,Early Access",0,0,0
1443850,"Adventure,Casual,Indie,RPG",5,4,1
1006390,"Casual,Free to Play,Strategy,Early Access",0,0,0
1275250,"Action,Adventure,Casual,Indie,Racing,RPG,Simulation,Sports",6,4,2
1300310,Indie,25,22,3
800980,Action,3,1,2
331670,"Casual,Indie,Strategy",1153,1060,93
1365710,"Action,Adventure,Casual,Free to Play,Indie,Massively Multiplayer,Racing,RPG,Simulation,Sports,Strategy,Utilities",0,0,0
889990,"Casual,Indie",2,0,2
594130,"Adventure,Indie,RPG",375,364,11
8100,Action,134,59,75
1005780,"Adventure,Casual,Indie,RPG,Strategy,Early Access",2,1,1
1563030,Indie,2,2,0
1652600,Adventure,3,3,0
1589560,"Action,Indie",0,0,0
1541110,Action,2,1,1
857690,"Adventure,Casual,Indie,Simulation",80,73,7
1424720,"Adventure,Indie",6,6,0
759260,"Action,Adventure,Casual,Indie,Sports",11,9,2
2071240,"Action,Adventure,Indie",2,2,0
1197490,Casual,2,2,0
477310,Indie,47,44,3
454190,"Casual,Indie",69,63,6
1461800,"Casual,Free to Play,Indie,Simulation",0,0,0
1000770,"Adventure,Casual,Indie,RPG,Simulation",101,72,29
360880,"Violent,Gore,Adventure,Indie,Simulation",13,6,7
1256710,"Indie,Simulation,Sports",6,2,4
1072860,"Adventure,Casual,Indie,Simulation",40,37,3
1407000,"Action,Adventure,Indie,Early Access",2,1,1
1554790,"Casual,Free to Play,Indie",14,13,1
845150,"Casual,Indie",16,13,3
2330,Action,103,82,21
202310,Racing,394,222,172
569500,"Action,Adventure,Indie",2,2,0
978680,"Animation & Modeling,Design & Illustration",87,72,15
863690,Indie,1,0,1
1927270,"Adventure,RPG,Early Access",10,10,0
987570,"Casual,Indie",5,5,0
1647190,"Adventure,Indie,Simulation,Early Access",107,105,2
1765360,Utilities,0,0,0
437250,"Indie,RPG",297,248,49
303690,"Action,Adventure,RPG",275,255,20
575590,"Casual,Indie",13,13,0
1842130,"Adventure,Casual,Indie",1,0,1
668960,Indie,3,3,0
1139160,RPG,71,65,6
412210,"Action,Indie,Strategy,Early Access",9,3,6
667360,"Action,Casual,Indie",15,6,9
1337010,"Adventure,Casual",1391,1366,25
334120,"Adventure,Indie",515,305,210
1048860,"Adventure,Casual,Indie,Simulation,Early Access",5,5,0
1760090,"Action,Casual,Indie,Simulation",6,6,0
601540,"RPG,Strategy",321,175,146
353550,"Adventure,Indie",231,146,85
661940,"Indie,Sports",137,126,11
472830,"Action,Indie",3,1,2
1860110,"Action,Adventure,Casual,Indie",2,1,1
435030,"Adventure,Casual,Free to Play",35,34,1
1446200,"Casual,Indie",0,0,0
2018850,"Indie,Racing,Simulation,Sports,Strategy",2,1,1
1917860,"Indie,Simulation",14,12,2
709520,"Action,Casual,Indie",1,1,0
502300,"Action,Indie",19,12,7
952250,Indie,4,4,0
811640,"Violent,Indie",5,4,1
1443910,"Adventure,Casual,Indie",0,0,0
1946980,"Action,Indie",3,3,0
1624140,"Adventure,Casual,Indie,RPG,Simulation",8,8,0
1784580,"Casual,Indie,Strategy",0,0,0
275100,"Adventure,Casual,Indie",1674,1459,215
1033420,"Action,Casual,Simulation",120,118,2
2011640,"Adventure,Casual,Indie,RPG,Strategy",0,0,0
940150,"Action,Adventure,Indie",18,17,1
263360,"Action,Indie,RPG",274,214,60
294230,"Action,Casual,Indie",131,98,33
674590,"Adventure,Casual,Indie,RPG,Early Access",0,0,0
1200290,"Action,Casual,Free to Play,Indie,Racing,Simulation",5,5,0
392690,"Adventure,Indie,Strategy,Early Access",1,1,0
299840,"Action,Indie",0,0,0
1078520,"Action,Adventure,Indie",18,11,7
765410,"Action,Indie",4797,4569,228
1368830,"Casual,Indie,RPG,Strategy",1,1,0
274350,"Adventure,Indie",824,782,42
719590,"Action,Adventure,Casual,Indie,Simulation,Strategy,Early Access",327,60,267
1255640,"Casual,Free to Play,Indie",0,0,0
324520,"Action,Indie,Strategy",178,138,40
1905000,"Simulation,Utilities",3,3,0
1135810,"Indie,Strategy,Early Access",846,810,36
409160,"Free to Play,Indie",115,110,5
822700,"Casual,Indie,Simulation,Sports,Strategy",2,2,0
389140,"Action,Casual,Indie,Racing,Sports",977,902,75
467440,"Action,Adventure,Indie,RPG",1,1,0
1327870,"Casual,Indie,Simulation",7,6,1
882330,"Casual,Indie",10,5,5
832690,Strategy,5,4,1
1640920,"Adventure,Casual,Free to Play,Indie",0,0,0
1212170,"Action,Indie",15,10,5
765320,"Casual,Indie,Simulation",4,1,3
1024860,"Indie,Simulation,Sports",2,2,0
394360,"Simulation,Strategy",72563,66758,5805
810570,"Adventure,Indie",8,5,3
1410620,Indie,0,0,0
1078930,"Action,Casual,Indie,Racing,Sports,Strategy",2,2,0
486990,"Action,Indie",6,2,4
411060,"Adventure,Casual,Simulation,Strategy",12,12,0
1186630,"Indie,Strategy",4,1,3
444870,"Action,Indie,Racing",1,0,1
435140,"Casual,Strategy",7,7,0
441230,"Indie,Early Access",24,20,4
1009040,"Adventure,Free to Play,RPG,Simulation,Strategy,Early Access",0,0,0
1097170,"Action,Adventure,Indie,RPG",51,48,3
1204780,"Action,Casual,Indie",0,0,0
1773060,"Action,Adventure,Casual,RPG",28,26,2
1240480,"Adventure,Indie,RPG",1,1,0
926440,"Casual,Indie",0,0,0
1186030,"Adventure,Indie",10,9,1
1324320,"Adventure,Indie,Simulation",0,0,0
622290,"Utilities,Video Production,Early Access",4,3,1
858170,"Adventure,Indie,RPG,Simulation,Strategy",4,4,0
1353850,"Casual,Indie",1,1,0
569340,"Adventure,Casual,Indie,Simulation",69,52,17
679270,"Action,Adventure,Casual,Indie,Massively Multiplayer,RPG,Early Access",198,122,76
775270,"Action,Casual,Indie",2,2,0
550420,"Adventure,Casual,Indie,RPG",10,8,2
1352130,"Casual,Indie,Sports,Early Access",3,3,0
1110980,"Indie,Strategy",29,26,3
453790,"Adventure,Indie,RPG",106,100,6
1628750,"Casual,Free to Play,Indie,Massively Multiplayer,Simulation",0,0,0
842130,"Adventure,Indie,Simulation",0,0,0
1794580,"Action,Indie",3,1,2
994320,"Action,Adventure,Casual,Free to Play,Indie,Massively Multiplayer,Racing,RPG,Simulation,Sports,Strategy",40,20,20
1449020,"Casual,Indie",0,0,0
341080,Action,4,2,2
713070,Action,2,1,1
1077390,"Casual,Indie",0,0,0
1341190,"Casual,Indie",26,22,4
914200,"Casual,Indie,Simulation,Sports",6,2,4
1700840,"Indie,RPG",0,0,0
1861610,"Action,Casual,Indie,Simulation,Early Access",22,15,7
533660,"Action,Adventure,Casual,Indie",3,2,1
493790,"Indie,Sports",23,14,9
600080,"Action,Adventure",118,86,32
1581200,"Action,Simulation",2,1,1
1492370,"Indie,Early Access",0,0,0
1235810,"Action,Casual,Indie",5,4,1
983780,"Animation & Modeling,Utilities",2,1,1
890680,"Action,Adventure,Indie,RPG",1,0,1
1381450,"Action,Adventure,Indie,Massively Multiplayer,Strategy,Early Access",2,2,0
730240,"Action,Adventure,Indie",0,0,0
203750,Action,1329,1107,222
1674810,"Adventure,Free to Play,Indie",0,0,0
1206900,"Action,Casual,Indie",3,3,0
875530,"Action,Indie",0,0,0
1836600,Casual,9,9,0
1255830,"Casual,Free to Play,Indie,RPG,Simulation",1,1,0
1313580,"Free to Play,Indie,Simulation,Strategy",0,0,0
252170,"Action,Strategy",49,34,15
1032570,"Action,Adventure,Indie",3,1,2
1805070,Adventure,0,0,0
293900,"Action,Casual,Indie",110,96,14
3910,Strategy,2850,2623,227
1260300,"Action,Adventure,Casual,Indie",3,2,1
1421900,Strategy,0,0,0
904860,"Action,Adventure,Indie,Simulation",7,2,5
1313490,RPG,23,22,1
646570,"Indie,Strategy",45627,44729,898
522530,"Adventure,Casual,Indie,RPG,Strategy",7,3,4
298360,"Action,Indie,Strategy",98,84,14
1372380,"Action,Indie",1,1,0
1626140,"Adventure,Indie",0,0,0
1100150,"Action,Indie",123,121,2
1880910,Action,7,5,2
1283140,"Adventure,Free to Play,Indie",0,0,0
1719690,"Action,Indie,Early Access",10,10,0
782210,"Action,Indie,Racing,Sports,Early Access",4,4,0
391180,"Action,Adventure,Indie",15,11,4
1233580,"Indie,Strategy",3,3,0
1453430,"Indie,RPG,Simulation",3,3,0
1413990,"Adventure,Indie,RPG",25,24,1
1285560,Indie,36,20,16
717400,"Adventure,Indie",1,1,0
795160,Casual,25,17,8
358420,Action,7,3,4
1266640,"Simulation,Strategy",31,21,10
1119430,"Indie,Simulation",23,15,8
492400,"Action,Indie",4,3,1
251450,"Free to Play,RPG",10,3,7
350090,"Indie,Simulation,Strategy",12,7,5
1809300,"Action,Casual,Indie",1,1,0
1555380,Casual,2,2,0
1811860,Indie,1,1,0
1291990,"Casual,Indie",0,0,0
427820,Strategy,743,634,109
1262180,"Action,Indie",0,0,0
1847200,"Casual,Indie",0,0,0
859970,"Casual,Indie",1,1,0
845110,"Adventure,Indie,RPG,Strategy,Early Access",0,0,0
1152620,"Action,Indie",0,0,0
548810,RPG,18,14,4
1463880,"Action,Adventure,Indie,RPG",0,0,0
359800,"Free to Play,Racing,Simulation,Sports",6,3,3
963280,"Casual,Indie,Simulation",71,67,4
58560,Adventure,107,92,15
1886960,"Action,Adventure,Indie,RPG",0,0,0
1249400,"Casual,Indie,Sports,Strategy",0,0,0
713680,"Casual,Indie",33,12,21
40,Action,879,712,167
1070020,"Adventure,Casual,Indie,RPG",0,0,0
1037260,"Action,Adventure,Indie",2,1,1
73190,"Simulation,Strategy",73,35,38
624690,"Indie,Strategy",46,35,11
1176110,"Audio Production,Education,Utilities",34,28,6
1176480,"Casual,Indie,Strategy",5,4,1
741430,"Action,Simulation",146,117,29
1492720,"Action,Adventure,Casual,Free to Play,Indie",0,0,0
1544820,"Action,Indie",0,0,0
864130,"Indie,Simulation",37,25,12
1285310,"Action,Adventure,Casual,Racing,Simulation,Sports,Early Access",1,0,1
1739060,"Action,Adventure,Casual,Indie,Sports",0,0,0
1666520,"Free to Play,Indie,Strategy,Early Access",0,0,0
201870,"Action,Adventure",3639,3016,623
940870,"Action,Indie",25,17,8
578060,"Casual,Indie",13,12,1
1345470,"Adventure,Indie,RPG",36,36,0
1364830,"Casual,Indie",2,0,2
1620020,"Action,Indie",0,0,0
343410,Indie,3,3,0
504130,"Adventure,Indie",380,294,86
1460310,Casual,9,8,1
2210,Action,1033,879,154
1357150,"Adventure,Early Access",0,0,0
1844510,Indie,10,10,0
802210,"Action,Casual,Racing,Simulation,Sports",9,7,2
849690,"Adventure,Casual,Indie,Simulation,Accounting",5,3,2
553410,Strategy,8,4,4
1152090,"Action,Adventure,Indie,RPG,Simulation,Early Access",199,140,59
1719390,"Indie,Strategy,Early Access",18,14,4
677610,Casual,5,3,2
1414490,"Casual,Indie",0,0,0
1555890,"Action,Casual,RPG,Early Access",0,0,0
1584810,"Action,Indie,Simulation,Strategy",0,0,0
877250,"Adventure,Indie",3,2,1
816040,"Action,Indie",0,0,0
1927400,"Adventure,Casual,Racing,Simulation",3,2,1
1337720,"Casual,Indie",0,0,0
1375640,"Adventure,Casual,Strategy",1,1,0
896160,"Indie,Simulation,Strategy",804,618,186
725110,"Action,Casual,Indie",6,4,2
1204660,"Casual,Indie,Simulation",3,1,2
839080,"Action,Casual,Indie",12,5,7
942030,"Animation & Modeling,Design & Illustration,Game Development",3,3,0
1161320,"Indie,RPG,Strategy",3,0,3
1351820,"Adventure,Casual,Indie",7,7,0
1502550,"Casual,Indie,Racing,Simulation,Sports",0,0,0
934830,"Action,Free to Play,Indie",0,0,0
446480,Simulation,6,1,5
10260,Simulation,12,5,7
226280,"Adventure,Indie",21,20,1
1209520,Indie,4,4,0
1913230,"Casual,Indie",10,9,1
807230,"Action,Adventure,Casual,Indie",35,25,10
987910,"Action,Free to Play,Indie,Strategy,Early Access",0,0,0
211780,Action,554,400,154
732290,"Action,Indie,RPG",4,4,0
1809760,"Adventure,Casual,Free to Play,Indie",0,0,0
1532740,RPG,0,0,0
380130,"Action,Indie",1,0,1
420770,"Action,Adventure,Casual,Indie",87,66,21
1878310,"Indie,Simulation,Early Access",0,0,0
1073640,"Action,Casual,Racing",1,0,1
1217390,"Adventure,Casual,Indie",102,97,5
340320,"Adventure,Indie,RPG",101,85,16
1389160,"Action,Adventure,Free to Play,Indie,Simulation",0,0,0
800700,"Indie,Strategy",9,8,1
1794780,"Action,Adventure,Indie",22,22,0
1613630,"Indie,Strategy",2,1,1
861250,"Action,Indie",440,373,67
1272020,"Simulation,Sports",1,1,0
514670,"Casual,Indie,Simulation",43,27,16
21660,Action,285,186,99
539670,"Adventure,Casual,Indie",98,84,14
1689680,"Adventure,Free to Play,Indie",0,0,0
576430,"Action,Casual,Free to Play,Indie,Massively Multiplayer",0,0,0
879320,"Action,Casual,Indie",0,0,0
1582700,"Adventure,Indie",2,0,2
1532350,"Action,RPG",6,5,1
304530,Action,1574,962,612
1005900,"Action,Adventure,Casual,Indie,Simulation",15,14,1
1891640,"Adventure,Casual,Indie",33,33,0
656880,"Action,Casual,Indie",36,28,8
1580670,"Adventure,Casual,Indie",2,2,0
32510,"Action,Adventure",2848,2676,172
510630,"Free to Play,Indie,Sports,Strategy",8,6,2
878710,"Indie,Simulation,Sports",9,4,5
1014270,"Indie,Strategy",8,8,0
1085310,Simulation,12,3,9
300580,"Action,Indie",193,150,43
443250,"Action,Indie",11,7,4
964620,"Action,Casual,Indie,Simulation",10,7,3
1811920,"Casual,Indie",0,0,0
1346620,Casual,0,0,0
1070280,Strategy,6,2,4
340030,"Indie,RPG",12,0,12
769020,"Action,Adventure,Casual,Indie,Strategy",2,2,0
1291710,Action,0,0,0
1100430,Adventure,54,51,3
371880,"Action,Casual,Indie",7,5,2
1682320,"Casual,Indie,Simulation",2,2,0
1044730,Action,13,11,2
716130,"Casual,Indie,Racing",0,0,0
375680,"Action,Adventure,Indie",60,30,30
2001300,"Casual,Indie",0,0,0
1034890,"Action,Adventure,Indie",25,23,2
1517810,"Adventure,Casual,Indie,RPG,Strategy,Early Access",0,0,0
702190,"Casual,Indie,RPG,Strategy",14,4,10
506030,Utilities,5,1,4
1102030,"Casual,Indie,Early Access",0,0,0
1144400,"Adventure,Casual",480,466,14
1192310,"Casual,Indie",13,11,2
974160,"Casual,Indie,Simulation,Early Access",2,1,1
689050,Indie,2,1,1
1714650,"Adventure,Casual,Racing,RPG",0,0,0
1687550,"Adventure,Indie,RPG",48,47,1
314980,"Indie,Simulation,Strategy",727,552,175
949290,"Casual,Indie,Simulation",595,550,45
623360,"Adventure,Casual",14,10,4
1900930,"Adventure,Casual,Indie",54,45,9
448780,"Adventure,Casual,Indie",299,226,73
248820,"Action,Indie,RPG",14164,13310,854
786410,"Adventure,Casual,Free to Play,Indie,Simulation",0,0,0
1778320,"Casual,Simulation",5,4,1
545130,"Simulation,Sports",20,8,12
1389990,"Action,Casual,Indie,Simulation",400,329,71
828380,Indie,0,0,0
287960,"Indie,Strategy",99,81,18
1820890,Adventure,9,9,0
721470,"Casual,Indie",2,1,1
1775550,"Simulation,Strategy",47,41,6
1606280,"Action,Adventure,Casual,Indie",240,221,19
1851280,"Action,Indie",279,253,26
1296260,Simulation,22,17,5
1098270,"Adventure,Indie",74,54,20
1576900,"Casual,Indie,Early Access",1,1,0
456170,"Action,Adventure,Indie",76,58,18
1278040,"Adventure,Indie,RPG",2,2,0
1757690,Adventure,0,0,0
889710,"Adventure,Casual",89,77,12
1449500,"Simulation,Sports",112,71,41
577530,"Action,Adventure,Indie",116,95,21
1641220,"Casual,Sports,Strategy",1,0,1
883020,"Action,Indie",10,9,1
467010,"Adventure,Simulation,Strategy,Early Access",25,7,18
1093690,Massively Multiplayer,0,0,0
1265280,"Casual,Early Access",0,0,0
863280,"Indie,Strategy",5,4,1
1792380,"Casual,Indie",0,0,0
1234110,"Action,Casual,Indie,Early Access",2,2,0
1675480,"Indie,RPG",9,9,0
1660860,"Adventure,Casual,Indie,RPG",3,2,1
720850,"Action,Indie",2,2,0
1736550,"Action,Adventure,Indie,Early Access",63,54,9
32680,Action,183,160,23
233740,"Indie,Strategy",1912,1720,192
1918130,RPG,45,42,3
1434140,"Casual,Indie",0,0,0
1353950,"Adventure,Casual,Free to Play,Indie,Simulation",0,0,0
1954440,Strategy,1,1,0
576840,"Casual,Free to Play,Indie",12,11,1
1511950,"Action,Adventure,RPG,Strategy",20,20,0
601620,"Design & Illustration,Early Access",8,1,7
1390080,"Action,Casual,Indie,Massively Multiplayer",1,0,1
1436910,"Action,Adventure,Indie",0,0,0
715690,"Violent,Gore,Action,Indie",43,34,9
1101620,"Indie,Simulation,Strategy,Early Access",6,5,1
368500,"Action,Adventure",6300,4914,1386
1454600,"Casual,Indie,Simulation",4,3,1
1253620,Simulation,5,0,5
1824990,Casual,0,0,0
1099660,Indie,3,3,0
551580,"Action,Casual,Indie",46,41,5
1330570,"Action,Adventure,Casual,Indie,Racing",18,16,2
1918890,"Adventure,Indie",11,10,1
1714080,"Action,Indie",25,25,0
1578270,"Adventure,Indie,Simulation",5,2,3
495290,"Racing,Simulation,Sports",191,173,18
1579610,"Action,Casual,Indie,Sports",1,1,0
1120160,Casual,2,2,0
1549570,Indie,0,0,0
1404560,"Casual,Indie,Simulation,Strategy",13,10,3
354920,Indie,20,11,9
873000,"Action,Casual,Indie,Early Access",1,1,0
1427710,Indie,2,2,0
336240,"Adventure,Indie",282,240,42
474010,"Adventure,Free to Play,Indie",5,1,4
867210,"Adventure,Strategy,Early Access",1632,1453,179
1035930,"Casual,Indie",72,62,10
656450,"Action,Indie,Strategy",30,20,10
665270,"Action,Indie",30,28,2
563410,"Action,Casual,Indie,RPG,Sports,Strategy",10,10,0
683770,"Indie,Simulation,Strategy",45,33,12
31890,Action,111,98,13
571740,"Casual,Indie,Simulation,Sports,Early Access",8238,7335,903
1885250,"Action,Adventure,Indie,Early Access",4,4,0
257170,"Indie,RPG,Simulation,Strategy",972,839,133
434070,Indie,5,3,2
1551850,"Casual,Indie",0,0,0
1459510,"Action,Adventure,Indie",2,1,1
247000,"Indie,RPG,Strategy",2838,2204,634
369060,"Action,Adventure,Indie",3,3,0
756810,Strategy,8,3,5
540510,"Casual,Indie",225,185,40
1282630,Casual,0,0,0
1874840,"Casual,Indie",3,3,0
576590,"Nudity,Casual,Simulation",18,6,12
1296610,"Casual,Indie,RPG,Strategy,Early Access",2372,2001,371
1050730,"Action,Casual,Indie,RPG,Strategy",5,5,0
388840,"Action,Adventure,Casual,Indie,Simulation,Strategy",3,1,2
926220,"Action,Adventure",0,0,0
1006150,"Action,Adventure,Casual,Indie",14,9,5
1748640,Adventure,0,0,0
1597520,"Casual,Indie",0,0,0
2074970,Casual,1,1,0
1304090,"Action,Adventure,Indie",152,104,48
870160,"Violent,Gore,Action,Adventure,Indie,Simulation",5,2,3
1086030,"Casual,Indie",22,16,6
1645870,"Action,Adventure,Casual,Indie,Strategy",2,1,1
498310,"Animation & Modeling,Design & Illustration,Game Development",79,74,5
1545780,Indie,1,1,0
253750,"Action,Indie",999,945,54
1554340,"Casual,Indie",1,0,1
920460,"Casual,Indie,Strategy",42,32,10
605860,Casual,3,0,3
1162690,"Adventure,Casual,Indie",3,2,1
1607860,"Action,Adventure,Casual,Indie,Racing,Simulation,Sports",0,0,0
812770,Casual,12,8,4
270110,"Action,Adventure,Indie,RPG",373,278,95
868470,"Action,Indie,RPG",3,1,2
845210,"Racing,Simulation,Utilities,Early Access",2,1,1
1416150,"Action,Adventure,Indie",2,2,0
1250810,Early Access,0,0,0
1491040,"Action,Indie",13,12,1
1886320,"Casual,Indie,Simulation,Strategy",1,1,0
1749120,"Casual,Indie",0,0,0
892490,"Action,Casual,Indie",3,3,0
1625330,"Action,Casual,Indie,Sports,Early Access",2,2,0
1445860,"Adventure,Free to Play,Indie",3,1,2
299400,"Adventure,Indie",183,163,20
777240,"Adventure,Casual,Indie,RPG",0,0,0
215690,"Action,Indie",361,309,52
1215430,"Action,Free to Play,Indie",0,0,0
863670,"Action,Adventure,Indie,Early Access",0,0,0
769630,Adventure,0,0,0
33930,"Action,Simulation,Strategy",8555,7939,616
1213370,"Action,Indie",20,16,4
904590,"Action,Adventure",0,0,0
1410070,"Adventure,Casual,Indie",11,11,0
606790,"Action,Indie,Strategy",4,3,1
1683050,"Action,Adventure,Indie,Early Access",0,0,0
539270,Casual,122,99,23
733250,"Action,Casual,Indie",6,5,1
1464410,"Indie,Strategy",1,0,1
878570,"Casual,Indie",5,1,4
1739880,Action,69,51,18
1993480,Action,0,0,0
1516530,"Action,Indie",1,0,1
980740,Education,0,0,0
713610,"Adventure,Casual,Indie,Racing,Simulation,Sports,Early Access",12,4,8
1265960,"Action,Casual,Indie,Simulation,Sports",12,9,3
1262110,"Adventure,Casual,Indie,Massively Multiplayer,RPG,Simulation",14,5,9
421190,Action,138,101,37
1819770,"Action,Casual,Indie,Early Access",2,1,1
870290,"Nudity,Gore,Adventure,Casual,Indie",286,218,68
937820,"Casual,Indie",3,2,1
1376260,"Education,Game Development",0,0,0
788970,"Adventure,Casual,Indie",32,22,10
1375090,"Action,Adventure,Casual,Indie,Simulation",0,0,0
302670,"Action,Indie,Simulation,Strategy",6174,4962,1212
384500,"Action,Adventure,Indie,RPG",210,157,53
1036400,"Action,Adventure,Indie",1,0,1
1417010,"Action,Free to Play,Indie",0,0,0
751590,"Action,Adventure,Free to Play,Indie,RPG",0,0,0
1283580,"Action,Adventure,Casual,Indie",18,18,0
1011960,"Casual,Indie,Strategy",0,0,0
905390,"Indie,Racing,Simulation,Sports",2,1,1
1452700,"Action,Adventure,Casual,Indie,RPG",6,6,0
1712650,"Indie,Strategy",0,0,0
671800,"Violent,Gore,Adventure,Casual,Indie,Strategy",21,12,9
1585390,"Action,Casual,Free to Play,Indie,Strategy",0,0,0
729980,"Casual,Indie",8,8,0
1675030,Casual,1,1,0
1240140,"Adventure,Indie,RPG,Simulation",0,0,0
778830,"Adventure,Indie",5,0,5
1262260,Casual,2,2,0
1487620,"Action,Adventure,Indie",0,0,0
1721930,"Adventure,Indie,RPG,Strategy",0,0,0
1361860,Simulation,30,25,5
1877970,"Action,Indie",4,3,1
1330660,"Simulation,Early Access",191,147,44
1619890,"Adventure,Casual,Indie",1,1,0
1240270,"Action,Adventure,Casual,Indie",0,0,0
763000,"Adventure,Indie,RPG",0,0,0
425160,"Action,Casual,Indie",23,20,3
1218760,"Adventure,RPG,Simulation,Strategy",3,2,1
660110,"Action,Adventure,Casual,Indie",0,0,0
586160,"Action,Indie",1,0,1
1936200,"Casual,Indie",3,3,0
792850,Indie,9,8,1
1966900,"Action,Adventure,Casual,Indie,Strategy,Early Access",5339,5065,274
610090,"Action,Casual,Simulation,Strategy,Early Access",5,5,0
1169430,"Casual,Indie,Simulation",1,1,0
715990,"Action,Casual,Indie",3,3,0
1334080,"Action,Early Access",0,0,0
705150,"Casual,Indie,Simulation",3,1,2
294370,"Indie,RPG,Strategy",204,145,59
280010,"Action,Indie,Early Access",6,3,3
1012990,"Action,Casual,Indie",11,10,1
1330690,"Action,Casual,Sports",2,2,0
767310,"Action,Adventure,Indie,Strategy",7,1,6
486850,"Casual,Strategy",11,5,6
428510,Casual,19,12,7
567320,"Action,Indie,Racing,Early Access",44,17,27
1497000,"Adventure,Early Access",31,26,5
934840,"Action,Free to Play,Indie",0,0,0
988940,"Action,Casual,Indie",39,21,18
434130,"Action,Adventure,Indie,RPG",16,14,2
2057820,"Action,Indie,Massively Multiplayer",0,0,0
851200,"Casual,Indie",21,15,6
1119890,"Action,Casual,Indie,Strategy",2,2,0
402980,"Action,Adventure,Casual,Indie",14,4,10
843590,"Action,Casual,Indie",4,4,0
1994710,"Action,Indie,Early Access",1,1,0
9060,Action,280,225,55
1270720,"Action,Adventure",5,5,0
842140,"Adventure,Casual,Simulation",34,30,4
1964600,"Casual,Indie,Strategy",2,1,1
555720,"Action,Adventure,Indie",7,6,1
1734320,"Action,Adventure,Casual,Indie,RPG,Strategy",299,292,7
1007470,"Action,Adventure,Indie,Strategy,Early Access",0,0,0
651120,"Action,Adventure,Indie",11,6,5
509290,"Indie,Simulation,Strategy",26,19,7
1863020,"Casual,Indie",10,7,3
1021670,"Adventure,Casual,Indie,Strategy,Early Access",2,0,2
970450,"Action,Adventure,Indie,Strategy,Early Access",0,0,0
613730,"Action,Adventure,Casual,Simulation",174,125,49
503160,"Adventure,Free to Play,Indie,RPG",0,0,0
1339370,Indie,1,1,0
1004510,"Action,Indie,Racing,Simulation,Sports",31,28,3
383800,"Action,Indie",12,8,4
655430,"Action,Casual,Simulation",9,7,2
1142080,Strategy,230,217,13
480710,Early Access,1,0,1
1596130,"Indie,RPG,Strategy",0,0,0
1005820,"Casual,Indie,Simulation,Strategy",0,0,0
1250240,"Action,Casual,Indie,Simulation,Strategy,Early Access",2,1,1
498040,Casual,1,0,1
1598300,Adventure,30,20,10
1443950,"Action,Adventure,Casual,Indie,Strategy",9,6,3
747260,"Violent,Gore,Action,Indie,Simulation",19,6,13
1805270,"Casual,Indie",5,4,1
1764010,"Casual,Indie",1,0,1
454070,"Indie,Massively Multiplayer,RPG",143,80,63
758570,"Adventure,Casual,Indie",87,71,16
557190,"Action,Adventure,Casual,Indie,Strategy",7,4,3
1396350,"Strategy,Early Access",1,1,0
1640,Strategy,445,340,105
454160,"Adventure,Indie,RPG",89,84,5
508890,"Action,Indie",1,1,0
944430,"Action,Indie,Strategy",43,41,2
1355440,"Adventure,Indie,RPG,Strategy,Early Access",1,1,0
911240,"Action,Indie,Simulation,Sports",2,2,0
1769930,"Action,Indie,Massively Multiplayer,Early Access",3,2,1
641960,"Action,Casual,Indie,Sports",916,711,205
1355510,"Adventure,Indie,Simulation,Strategy",6,4,2
458630,"Indie,Simulation,Strategy",82,50,32
1744670,"Action,Adventure,Indie",16,13,3
1634530,"Action,Adventure,Casual,Indie",2,1,1
709470,"Adventure,Casual,Indie,Strategy",6,6,0
1645270,"Casual,Indie,Simulation",10,8,2
754010,"Free to Play,Simulation,Education,Utilities",0,0,0
875400,"Adventure,Indie,RPG",8,8,0
926250,"Action,Indie",7,7,0
1440220,"Adventure,Indie,RPG,Simulation",1,0,1
1082890,"Action,Adventure,Indie,RPG,Strategy",53,35,18
1572080,"Casual,Free to Play,Simulation,Strategy,Early Access",1,1,0
1690380,"Casual,Indie",1,1,0
828800,"Design & Illustration,Photo Editing",9,6,3
34316,Action,2,2,0
1612350,"Action,Adventure,Indie",1,1,0
1778590,"Adventure,Free to Play,Indie",0,0,0
1835790,"Action,Adventure,Indie",1,1,0
1964750,"Action,Casual,Indie,Sports",2,0,2
45000,"Indie,Strategy",222,207,15
1685020,"Casual,Indie",0,0,0
1376010,"Action,Adventure,Indie",4,4,0
1943310,"Adventure,Indie,RPG",8,8,0
545330,"Casual,Indie,RPG,Simulation",32,14,18
1010480,"Action,Indie",0,0,0
1830530,Utilities,0,0,0
1431420,Indie,17,15,2
209790,"Indie,Casual",138,123,15
984300,"Action,Indie",5,4,1
1352000,"Casual,Indie",1,0,1
1237240,"Action,Adventure,RPG,Strategy",0,0,0
793260,"Indie,Strategy",4,2,2
688740,Indie,100,92,8
278590,"Casual,Indie,RPG",18,13,5
1447870,"Action,Adventure,Indie,Early Access",1,1,0
1927220,"Adventure,Indie",2,2,0
1269550,"Action,Casual,Free to Play,Indie",0,0,0
882630,"Casual,Indie",2,1,1
1180820,"Action,Casual,Indie,Racing",1,0,1
288930,"Adventure,Indie",384,302,82
1425090,Indie,0,0,0
1029110,Casual,0,0,0
1605590,"Action,Adventure,Casual,Indie,Simulation,Strategy",4,1,3
974110,"Action,Indie",9,9,0
1280290,"Action,Indie,Strategy,Early Access",1,1,0
1264350,"Adventure,Indie,RPG",0,0,0
730280,"Casual,Indie,Simulation",1,0,1
978470,"Casual,Indie,Simulation",18,8,10
402800,"Indie,Simulation,Early Access",40,17,23
569720,"Action,Free to Play,Indie",1,1,0
763320,"Action,Indie,RPG,Simulation,Early Access",3,3,0
706950,"Action,Indie",5,1,4
1037330,"Casual,Indie,Simulation",3,0,3
1593210,"Casual,Indie",12,12,0
312780,"Action,Adventure",1040,821,219
1661900,"Action,Adventure,Casual,Indie,RPG,Simulation",43,35,8
1222380,"Casual,Indie",0,0,0
60,Action,2058,1738,320
1813930,Indie,0,0,0
993500,"Casual,Indie",5,4,1
787040,"Action,Adventure,Casual,Free to Play,Indie,Strategy",37,22,15
1389010,"Casual,Indie",6,5,1
1413630,"Indie,Strategy",5,2,3
592450,Education,1,1,0
1065570,"Action,Adventure,Indie",30,19,11
376790,Adventure,20,14,6
1763210,"Action,Adventure",0,0,0
410290,"Casual,Indie,Strategy",5,3,2
1976720,"Free to Play,Strategy,Early Access",0,0,0
414160,"Adventure,Indie",14,8,6
822770,"Action,Adventure,Indie,Early Access",7,1,6
375200,"Casual,Indie",440,395,45
301980,"Action,Adventure",65,41,24
1185280,"Indie,RPG,Simulation,Early Access",3,3,0
712650,"Action,Indie,Simulation,Strategy",7,4,3
684410,"Simulation,Strategy",1552,1414,138
1736560,"Adventure,Casual,Indie,Simulation,Early Access",0,0,0
300970,"Free to Play,Massively Multiplayer,RPG",6,4,2
1157250,"Action,Free to Play,Indie,Massively Multiplayer,RPG",0,0,0
1162390,"Action,Indie,Racing",0,0,0
47130,Adventure,7,6,1
545540,"Adventure,Casual,Indie,Simulation",365,308,57
1576830,"Casual,Indie",4,4,0
418340,"Action,Adventure,Indie",5881,4687,1194
1381440,"Indie,Racing",92,65,27
645380,"Action,Indie,RPG",19,17,2
767930,"Action,Indie",260,237,23
691890,Action,5,4,1
1390020,"Indie,Strategy,Early Access",0,0,0
1093360,"Action,Adventure,Indie",18,16,2
490910,"Action,Adventure,Casual,Indie,Simulation,Strategy",21,14,7
1559590,"Adventure,Casual,Indie,Strategy",3,2,1
1911390,"Action,Indie,Racing",1712,1582,130
388980,Animation & Modeling,107,61,46
508540,"Adventure,Indie,RPG",5,2,3
1051830,"Adventure,Indie",5,2,3
2054200,"Casual,Strategy",0,0,0
800330,"Action,Casual,Indie",1,1,0
897690,"Action,Casual,Indie",53,52,1
39500,"Action,RPG",1460,1001,459
1556420,"Racing,Early Access",8,8,0
427810,Indie,181,124,57
776280,"Action,Indie",4,4,0
1018990,"Casual,Indie",17,17,0
1589520,Action,4,3,1
25620,"Indie,RPG",55,48,7
1149210,"Action,Adventure,Casual,Indie",1,1,0
954720,"Action,Adventure,Indie,Simulation",8,5,3
573320,"Adventure,Indie,RPG",481,445,36
327500,"Action,Indie",49,40,9
1034250,Casual,4,2,2
428180,"Indie,Massively Multiplayer,RPG",54,35,19
1210220,"Adventure,Free to Play,Indie",0,0,0
369830,Adventure,121,116,5
328880,"Adventure,Casual",12,6,6
1746560,"Action,Indie,RPG,Strategy",12,12,0
346760,"Casual,Indie,Simulation,Early Access",2,0,2
337320,"Action,Indie",9231,8797,434
509770,"Adventure,Indie,Simulation",65,44,21
543260,"Action,Adventure,Indie",657,590,67
816840,Casual,1,0,1
723270,"Adventure,Casual,Indie",408,369,39
572760,Casual,14,14,0
1901940,Adventure,1,0,1
895740,"Action,Indie",3,2,1
97120,Strategy,82,74,8
1135910,"Action,Adventure,Simulation,Sports,Strategy",194,128,66
1217660,"Action,Casual,Indie",0,0,0
681020,"Violent,Action,Casual",2,1,1
743390,"Adventure,Casual,Indie",415,401,14
509570,"Action,Adventure,Indie,RPG",159,144,15
564900,Indie,25,6,19
1135030,Indie,10,8,2
1102370,"Action,Indie,Massively Multiplayer,Simulation,Strategy,Early Access",16,11,5
492860,"Action,Adventure,Indie,RPG",1,0,1
1555540,"Action,Simulation",0,0,0
632130,"Casual,Indie,Strategy",1,1,0
306370,"Casual,Indie,Simulation",70,43,27
1117500,"Action,Casual,Indie,Simulation,Sports",0,0,0
809410,"Casual,Indie,Strategy",10,8,2
1833670,"Casual,Indie,Simulation,Strategy",3,2,1
617030,"Action,Adventure,Casual,Indie,RPG,Simulation,Early Access",149,73,76
1214990,"Action,Adventure,Indie",1,1,0
1639930,"Casual,Indie,RPG",0,0,0
955980,"Action,Adventure,Indie,Simulation",1,0,1
1262100,"Casual,Indie",4,1,3
810510,"Action,Adventure,Casual,Indie,Simulation,Strategy",20,8,12
977810,Indie,91,82,9
1175070,"Action,Adventure,Indie,Strategy",1,1,0
379640,"Action,Indie",25,22,3
640690,"Adventure,Indie,Early Access",9,6,3
1314410,"Simulation,Sports",42,30,12
993200,Casual,0,0,0
1919850,"Action,Adventure,Indie,Strategy",0,0,0
1776970,"Adventure,Casual",4,4,0
944630,"Indie,Simulation,Strategy",0,0,0
806330,"Action,Indie",0,0,0
1611460,"Action,Casual,Indie,Early Access",75,67,8
1426330,"Action,Adventure",0,0,0
1427290,"Adventure,RPG",3,2,1
1163930,"Action,Adventure,Indie,RPG,Simulation,Strategy",21,11,10
388960,"Adventure,Indie,RPG",10,7,3
261700,"Action,Indie",432,378,54
1011550,"Adventure,Indie",12,7,5
1899160,"Adventure,Indie",1,0,1
1404010,"Adventure,Indie",4,3,1
1477420,"Indie,RPG",0,0,0
1227130,"Action,Adventure,Casual,Indie,RPG,Strategy",0,0,0
423120,"Indie,RPG",214,184,30
1462760,Racing,5,4,1
608110,"Action,Indie",18,17,1
935360,"Adventure,Casual",21,15,6
973170,"Adventure,Indie",7,4,3
1106840,"Adventure,Casual,Indie,Simulation,Strategy",9428,8239,1189
1209200,Simulation,4,2,2
756340,"Action,Strategy",2,1,1
1040490,"Action,Adventure,Free to Play,Indie,RPG",0,0,0
1241510,Simulation,15540,15157,383
111300,"Action,Racing,Sports",26,19,7
1105140,"Casual,Indie",2,2,0
357650,"Action,Adventure,Casual,Indie,Simulation",98,64,34
701810,"Action,Indie",18,17,1
1879820,"Adventure,Indie",23,17,6
207710,"Casual,Indie,Strategy",10,7,3
1530040,"Adventure,Indie,RPG",1,1,0
6840,Action,287,153,134
418460,"Action,Massively Multiplayer,Simulation,Strategy",23088,20502,2586
1955390,"Indie,Strategy",8,7,1
1650670,"Casual,Indie",5,5,0
691590,"Action,Adventure",14,8,6
1345870,"Simulation,Sports,Strategy",195,150,45
1342040,"Action,Adventure,Indie,RPG,Simulation",14,12,2
1064820,"Design & Illustration,Photo Editing,Software Training,Utilities,Early Access",11,7,4
276220,"Casual,Simulation",28,15,13
1691400,"Action,Free to Play",0,0,0
943260,"Adventure,Casual,Indie,RPG,Simulation",286,226,60
928480,"Adventure,Casual",22,21,1
259340,"Action,Casual,Indie",90,60,30
34287,Adventure,3,2,1
725970,"Action,Adventure,Indie,RPG,Sports",6,5,1
2600,Action,7597,7218,379
533070,"Adventure,Casual",5,5,0
710520,"Action,Adventure,Indie",2,1,1
1880720,"Action,Adventure,Indie",2,2,0
948330,"Adventure,Indie,RPG,Strategy,Early Access",2,1,1
975760,"Casual,Indie,Simulation",26,21,5
1992930,"Adventure,Casual,Indie",2,2,0
1554550,Casual,39,38,1
1618140,"Casual,Indie,Simulation",0,0,0
1678930,"Action,Casual,Indie,Sports",1,1,0
546340,"Action,Adventure,Casual,Indie",17,4,13
1258620,"Casual,Indie,Racing,Simulation",1,0,1
1214570,Racing,20,19,1
1906130,Indie,10,9,1
890280,"Adventure,Indie",24,20,4
1139470,"Casual,Indie",16,14,2
1727070,"Action,Casual,Free to Play,Indie,Simulation",0,0,0
1437580,"Adventure,Strategy",3,1,2
611190,"Action,Adventure,Indie,RPG,Early Access",8,7,1
377160,RPG,113131,91783,21348
1163620,"Action,Adventure,Casual,Indie",1,0,1
1333920,"Adventure,Casual,Free to Play,Indie",0,0,0
886780,"Action,Adventure,Casual,Indie,Simulation,Sports",1,1,0
1795760,"Action,RPG,Early Access",3,2,1
645290,"Adventure,Indie",35,21,14
1966940,Simulation,2,2,0
1080290,"Casual,Indie,Simulation",0,0,0
1042130,"Action,Indie",5,4,1
851840,"Casual,Indie,RPG",13,13,0
510840,"Action,Casual,Indie,Simulation",9,7,2
830980,"Casual,Indie,Simulation",197,137,60
416160,"Indie,RPG,Strategy,Early Access",1,0,1
496620,"Action,Indie",550,443,107
1237310,"Casual,Indie,Early Access",5,5,0
1240240,"Action,Indie,RPG,Strategy,Early Access",20,20,0
1594660,"Adventure,Casual,RPG,Simulation",1,1,0
1465500,"Adventure,Casual",52,32,20
1594970,"Action,Adventure,Casual,Indie,Early Access",0,0,0
669910,"Action,Adventure,Indie",35,34,1
1490030,Indie,2,2,0
719320,"Adventure,Simulation,Strategy",5,3,2
1165870,"Action,Adventure,Early Access",138,119,19
508930,"Casual,Indie,Racing",6,2,4
1532810,"Action,Casual,Indie",0,0,0
23450,"Simulation,Strategy",323,238,85
916910,"Action,Casual,Indie",0,0,0
1426450,"Strategy,Early Access",2423,2094,329
1456580,"Action,Indie,Strategy",0,0,0
878670,"Action,Adventure",254,196,58
1368860,"Adventure,Casual,Indie,RPG,Simulation",0,0,0
851320,"Adventure,Casual,Indie",0,0,0
1264470,"Free to Play,Utilities",0,0,0
380220,"Action,Adventure,Indie",566,345,221
1706440,"Casual,Indie",1,1,0
1226990,"Indie,Early Access",318,268,50
1755600,Action,7,6,1
1308550,"Action,Casual,Free to Play,Indie",0,0,0
548790,"Violent,Gore,Action,Indie,Sports,Early Access",0,0,0
674630,Indie,0,0,0
720560,"Action,Indie,RPG",983,856,127
1174720,"Action,Indie,Simulation,Strategy",170,114,56
1623130,"Action,Indie,Early Access",1,0,1
516920,"Adventure,Casual,Indie",5,4,1
1946150,"Casual,Simulation",0,0,0
1896610,"Adventure,Casual",3,2,1
661300,"Action,Indie",10,6,4
578540,"Adventure,Casual,Indie",215,213,2
1837900,"Action,Adventure,Casual,Early Access",0,0,0
1580570,"Casual,Indie,Strategy",22,21,1
740500,"Action,Adventure",0,0,0
1741420,"Action,Free to Play,Indie,Early Access",0,0,0
1122270,"Adventure,Casual,Indie,Strategy",18,6,12
1198110,"Indie,Strategy",4,2,2
655930,"Indie,Strategy",2,1,1
1042080,"Casual,Indie",7,5,2
1269590,"Action,Adventure,Indie,Racing",18,18,0
778610,"Sexual Content,Nudity,Adventure,Indie",199,185,14
1644690,Indie,0,0,0
1931980,Indie,0,0,0
1767990,Indie,4,3,1
278490,"Adventure,Casual,Indie,RPG",21,18,3
228200,"Action,Strategy",3360,3173,187
1415370,"Action,Indie",8,6,2
1889640,"Action,Adventure,Indie,Massively Multiplayer,Simulation,Early Access",291,257,34
281260,Action,37,16,21
628650,"Casual,Indie,Strategy",3,0,3
1794170,"Casual,Indie",12,6,6
1993530,"Action,Indie,Massively Multiplayer",3,0,3
976260,"Adventure,Indie,RPG,Early Access",11,10,1
1373680,"Action,Adventure,Casual,Indie",0,0,0
610160,Strategy,105,54,51
496960,"Action,Casual,Indie",13,4,9
1071920,"Action,Indie",6,6,0
307670,"Adventure,Indie,RPG,Strategy",1922,1465,457
658500,"Action,Indie,Sports",38,37,1
1333420,"Adventure,Indie,Early Access",0,0,0
1372840,Sports,5,2,3
1842310,"Action,Casual",0,0,0
1869710,"Action,Adventure,Indie",13,10,3
302370,Adventure,26,10,16
1503410,"Adventure,Casual,Indie,Simulation",2,1,1
656730,"Action,Adventure,Massively Multiplayer,Racing,Simulation",2,0,2
661230,"Casual,Indie,Simulation",42,36,6
1493000,Casual,4,2,2
775720,"Casual,Indie",3,2,1
1820350,"Action,Adventure,Indie",4,4,0
1290830,"Casual,Indie,RPG",0,0,0
620350,"Adventure,Indie",9,5,4
994790,"Casual,Simulation",3,3,0
885650,Casual,0,0,0
713100,"Casual,Indie,Simulation,Strategy",8,1,7
1117670,"Action,Indie",44,30,14
1435440,"Action,Adventure,Casual,Indie,RPG,Strategy",0,0,0
729190,"Action,Indie",11,7,4
859820,"Action,Indie",3,3,0
939750,"Casual,RPG",5,1,4
1133950,"Adventure,Indie",8,7,1
1046370,"Free to Play,Indie",0,0,0
1643550,"Casual,Indie,Simulation",0,0,0
1631700,"Casual,Indie",0,0,0
757320,"Action,Indie",1365,1279,86
972660,"Adventure,Indie,Simulation",9598,9186,412
976410,"Free to Play,Indie",0,0,0
521300,"Action,Indie,Simulation",4,4,0
648870,Animation & Modeling,0,0,0
806840,"Action,Adventure,Indie,Strategy,Early Access",4,4,0
1894150,Action,0,0,0
1645670,Simulation,11,7,4
1362440,"Action,Adventure,Casual,Indie,RPG,Simulation,Early Access",7,7,0
337350,"Action,Casual,Indie",213,203,10
535490,"Sexual Content,Indie,Simulation",60,26,34
1540150,"Action,Indie",50,46,4
495480,Web Publishing,162,94,68
1361100,"Action,Adventure,Casual,Massively Multiplayer,Early Access",0,0,0
458590,Adventure,1,1,0
843050,Free to Play,0,0,0
1676590,"Action,Adventure,Casual,Indie,Simulation,Strategy",1,0,1
1501760,"Action,Indie,Sports,Early Access",0,0,0
1720580,"Casual,Indie",0,0,0
473460,"Adventure,Casual,Indie",3,3,0
497080,"Action,Adventure,Indie",35,26,9
1214050,"Adventure,Casual,Indie",2,0,2
340770,"Action,Casual,Indie",97,77,20
563420,"Indie,Simulation",15,8,7
40370,"Simulation,Strategy",4,3,1
653550,"Action,Indie",0,0,0
1977190,Casual,4,4,0
572740,Adventure,90,77,13
1484900,"Action,Adventure,Casual",720,676,44
874270,"Action,Adventure,Casual,Indie,Simulation",19,9,10
1364240,"Indie,RPG,Sports",0,0,0
1046910,Education,1,1,0
273960,"Action,Indie,Simulation,Strategy",79,37,42
1487680,"Casual,Indie,Strategy,Early Access",29,28,1
1634150,"Adventure,Casual,Indie",892,852,40
1673300,"Casual,Indie",0,0,0
1099960,"Casual,Indie",28,20,8
1332440,"Casual,Indie,Sports",0,0,0
244770,"Action,Adventure,Indie,RPG,Simulation,Strategy,Early Access",1667,1141,526
1643520,"Action,Adventure",0,0,0
1408000,"Action,Casual",1,0,1
32650,Action,69,48,21
1420930,"Animation & Modeling,Audio Production,Design & Illustration,Education,Photo Editing,Software Training,Utilities,Video Production",1,1,0
1176140,Audio Production,1,1,0
1340760,RPG,1,0,1
1077430,"Casual,Indie",136,111,25
368290,"Free to Play,Indie",13,8,5
1126820,"Action,Adventure,Indie",1,1,0
1066950,Casual,7,7,0
1412180,Casual,5,5,0
800690,"Indie,Strategy",18,18,0
930460,"Action,Casual,Indie",38,32,6
949060,"Casual,Indie,Simulation",0,0,0
1489470,"Action,Adventure,Casual,Indie,RPG",0,0,0
257050,"Action,Adventure,Indie",386,178,208
1638340,"Adventure,Casual,Indie,RPG,Simulation",29,29,0
906730,"Adventure,Casual,Indie",27,22,5
1213570,"Adventure,Casual,Indie",34,32,2
1416850,"Adventure,Indie,Simulation",2,1,1
1492680,"Action,Adventure,Indie",389,359,30
710940,"Casual,Indie,Simulation",1,1,0
71119,RPG,4,4,0
330620,"Indie,RPG,Simulation,Strategy",104,77,27
389680,"Simulation,Strategy",4,1,3
1018700,Adventure,0,0,0
12540,Casual,10,9,1
1635650,Indie,1,1,0
1574000,"Free to Play,Indie,Simulation,Strategy,Early Access",3,3,0
530630,"Free to Play,Strategy",159,92,67
1946280,"Adventure,Casual,Indie",1,1,0
732010,"Casual,Indie,Strategy",0,0,0
1522490,"Casual,Indie,Racing",0,0,0
1873860,"Adventure,RPG",0,0,0
1096120,"Adventure,Indie,RPG",2,1,1
305800,"Action,Indie",36,25,11
392930,"Action,Adventure,Casual,Indie,RPG,Simulation,Strategy",22,11,11
1444700,Strategy,1,0,1
360870,"Casual,Free to Play",7,4,3
1184810,"Indie,Strategy",356,332,24
754050,"Action,Casual,Free to Play,Indie,Early Access",0,0,0
1016630,"Adventure,Indie,RPG",18,17,1
562490,"Action,Adventure,Indie",10,6,4
665160,"Casual,Indie,Simulation",0,0,0
795230,"Casual,Indie,Simulation,Strategy",5,2,3
402020,Adventure,1519,1090,429
252490,"Action,Adventure,Indie,Massively Multiplayer,RPG",358993,315419,43574
1829080,"Casual,Strategy",1,0,1
881520,"Action,Casual,Indie,Strategy,Early Access",9,5,4
1395780,"Action,Indie,Sports,Early Access",1,1,0
664750,"Action,Adventure,Indie,Simulation",275,259,16
321870,"Adventure,Indie",201,151,50
1469300,Casual,21,13,8
1282610,"Action,Casual,Indie",6,6,0
1514640,"Casual,Indie",10,10,0
991280,"Action,Indie",9,5,4
1446370,"Action,Indie,Early Access",2,2,0
1115980,"Adventure,Casual,Free to Play,Indie",0,0,0
9010,Action,2943,2714,229
2004520,Adventure,2,2,0
355920,"Casual,Indie,Simulation,Strategy",33,31,2
1772650,"Casual,Indie,Simulation",0,0,0
1236190,"Action,Adventure",12,10,2
356880,Indie,115,69,46
495540,"Action,Indie",1,0,1
1283690,Indie,0,0,0
664110,"Action,Casual,Indie",1,1,0
986340,Action,9,5,4
651550,"Action,Casual,Indie,Racing",13,11,2
2057460,"Adventure,RPG",0,0,0
1084870,"Action,Adventure,Indie",31,21,10
1225320,Adventure,2,1,1
243450,"Action,Racing,Simulation,Sports",436,327,109
817720,"Sports,Strategy",61,37,24
1492160,"Casual,Free to Play,Indie",0,0,0
1433110,"Action,Adventure,Casual,Indie",0,0,0
316720,Casual,1191,1160,31
770240,Sports,700,349,351
582620,"Casual,Indie",51,40,11
1392490,"Adventure,Indie,Simulation",48,43,5
1342260,Action,187,138,49
710740,"Action,Adventure,Indie,Simulation",7,5,2
1607280,"Action,Adventure,Casual",23,15,8
1533560,"Action,Casual,Indie,Strategy",1,1,0
538410,"Casual,Indie",4,2,2
513680,"Action,Adventure,Casual,Indie,Simulation,Sports,Strategy",7,4,3
476430,"Action,Adventure,Simulation",9,9,0
1101290,"Action,Casual,Indie,Massively Multiplayer,Early Access",0,0,0
1205800,"Casual,Indie",1,1,0
1339550,"Adventure,Indie",0,0,0
581520,"Adventure,Casual,Simulation",72,56,16
1947270,"Action,Casual,Indie",0,0,0
766280,"Casual,Indie",170,152,18
292230,"Design & Illustration,Utilities",140,93,47
1058560,"Action,Adventure,Casual,Indie",57,50,7
332500,"Action,Adventure,Indie,RPG,Early Access",2689,1286,1403
1202480,"Adventure,Casual,Indie",0,0,0
840390,"Simulation,Strategy",191,99,92
1465210,"Action,Indie",6,3,3
1365810,"Indie,RPG,Strategy,Early Access",0,0,0
1543240,"Action,Casual,Indie",54,51,3
1077490,"Action,Adventure,Indie",5,5,0
1204210,"Casual,Indie",1,1,0
1147710,"Casual,Indie",1,1,0
361190,"Action,Casual,Indie,Simulation",144,75,69
603260,"Action,Casual,Indie,Simulation,Sports",339,307,32
394550,"Action,Indie",48,46,2
453960,"RPG,Simulation,Strategy",58,35,23
676680,"Action,Casual,Indie",1,1,0
745840,"Adventure,Casual,Indie",5,5,0
1499640,"Action,Indie",12,10,2
537000,"Action,Indie,Early Access",55,39,16
1387830,"Action,Casual,Indie,Strategy",2,0,2
1227830,"Action,Casual,Indie,Strategy,Early Access",1,0,1
1445670,"Adventure,Early Access",0,0,0
516010,"Casual,Indie,Strategy",0,0,0
937860,"Action,Free to Play,Indie",1,0,1
929670,"Action,Adventure,Casual,Indie,RPG",37,30,7
718020,"Action,Casual,Indie,Racing,Sports,Early Access",6,4,2
1943240,"Action,Adventure,Indie",5,2,3
1740610,"Adventure,Indie",0,0,0
1732590,"Action,Adventure,Indie,RPG",0,0,0
307150,"Action,Adventure,Indie,RPG,Early Access",23,13,10
834530,"Action,Adventure,RPG",5779,5488,291
497150,"Audio Production,Utilities",15,9,6
1949220,"Massively Multiplayer,Simulation",0,0,0
467910,"Action,Adventure,Indie,RPG",25,16,9
1489480,"Action,Casual",2,2,0
882900,"Casual,Indie,Simulation",11,10,1
1194840,"Action,Adventure,Casual,Free to Play,Indie,Simulation",68,68,0
1287250,"Action,Adventure,Casual",4,1,3
970530,"Casual,Indie,Simulation,Strategy",0,0,0
1519010,"Action,Adventure,Indie",15,15,0
1526090,"Action,Indie",1,1,0
1270570,"Action,Adventure,Indie,RPG,Early Access",11,11,0
1676600,"Adventure,Casual,Indie,RPG,Strategy",0,0,0
1478210,"Casual,Indie,Strategy",2,2,0
1835440,Indie,0,0,0
1889520,"Action,Adventure,Free to Play,Indie,Early Access",0,0,0
682990,"Action,Adventure,Indie,Simulation",6174,5294,880
1002890,"Free to Play,Indie,Massively Multiplayer,Early Access",0,0,0
1168650,"Adventure,Casual,Indie,Strategy",10,6,4
1708330,"Action,Free to Play,Massively Multiplayer,RPG",0,0,0
365420,"Action,Adventure,Casual,Indie,RPG,Simulation,Strategy",22,5,17
1515710,"Adventure,Casual,Indie,Simulation,Early Access",6,5,1
270190,"Adventure,Casual,Indie",39,22,17
1674030,"Action,Adventure,Indie,RPG",8,4,4
816590,"Massively Multiplayer,Racing,Strategy",0,0,0
771920,"Adventure,Casual,Indie,Simulation",135,83,52
1975290,"Casual,Indie",12,12,0
939520,"Action,RPG",936,488,448
1238720,"Adventure,Indie",0,0,0
1637520,"Adventure,RPG",6,6,0
1394570,Indie,0,0,0
863840,"Casual,Indie,Strategy",1,0,1
2075590,"Action,Indie",0,0,0
1861760,"Action,Casual",4,2,2
41000,"Action,Indie",1949,1795,154
337880,"Adventure,Indie,Simulation",79,24,55
1066670,"Action,Casual,Indie",9,8,1
873140,"Action,Adventure,Indie,RPG,Simulation,Early Access",1,0,1
1173350,"Adventure,Casual,Indie",45,30,15
1182720,"Adventure,Indie,Strategy",2,2,0
335320,Action,61,42,19
1082180,"Racing,Simulation,Sports",257,204,53
843270,"Adventure,Indie,Massively Multiplayer",9,3,6
908920,"Action,Adventure,Indie,RPG",1,0,1
355690,"Action,Adventure,Indie",13,11,2
261600,"Simulation,Sports",23,3,20
537430,"Action,Adventure",117,49,68
670400,"Free to Play,Indie,RPG",0,0,0
385860,"Action,Indie",13,8,5
1952470,Video Production,0,0,0
1340730,RPG,0,0,0
1527160,"Action,Strategy",0,0,0
1051250,"Action,Adventure,Indie,Simulation",35,12,23
1873990,"Action,Adventure,Casual,Indie,Simulation,Strategy",10,5,5
1683310,"Action,Adventure,Indie",3,1,2
525600,"Adventure,Casual,Indie",6,2,4
1730030,"Adventure,Indie",0,0,0
277560,"Adventure,Casual,Indie",33,14,19
1590680,"Action,Casual,Indie,RPG,Early Access",9,6,3
1840590,"Adventure,Free to Play,Indie,RPG,Early Access",0,0,0
789720,"Action,Adventure,Casual,Indie,RPG",0,0,0
667300,"Casual,Indie",22,8,14
1539640,"Adventure,Casual,Simulation",11,9,2
1591650,RPG,0,0,0
676930,"Action,Adventure,Indie",27,25,2
1072490,"Adventure,Indie,RPG",0,0,0
786100,"Adventure,Casual",3,3,0
770890,"Adventure,Casual",0,0,0
1201550,"Adventure,Casual,Indie,Massively Multiplayer,Simulation,Sports,Strategy",133,104,29
1322170,Indie,108,103,5
1137660,"Action,Adventure",4,4,0
269570,"Education,Software Training",71,60,11
1221420,"Adventure,Casual,Indie,RPG,Strategy,Early Access",0,0,0
1922210,"Casual,Indie",10,9,1
999310,"Casual,Indie",2,2,0
1255680,"Action,Indie,RPG,Early Access",3,3,0
346900,"Casual,Free to Play,Indie",279,240,39
415420,"Action,Casual",405,360,45
1333750,"Casual,Indie",4,3,1
1125330,"Action,Casual,Indie,Simulation,Sports",154,118,36
594770,"Free to Play,Indie,Massively Multiplayer,RPG",343,190,153
721700,"Action,Adventure,Indie,RPG,Early Access",68,55,13
506980,"Violent,Action,Adventure,Strategy,Early Access",0,0,0
618920,Indie,134,113,21
412250,"Action,Indie,Simulation,Early Access",5,3,2
661270,"Action,Casual,Indie",2,2,0
1508730,"Adventure,Casual,Free to Play,Massively Multiplayer,RPG,Strategy",0,0,0
690410,"Action,Indie,Early Access",1,1,0
285310,"Simulation,Strategy",3989,3777,212
1843190,"Action,Casual",0,0,0
1417730,"Action,Adventure,Indie",32,27,5
926490,"Action,Adventure,Casual,Indie",1,1,0
1169310,"Action,Casual,Indie,Strategy",4,3,1
297020,"Action,Casual,Indie,Strategy",80,53,27
420170,"Adventure,Indie",8,5,3
1629600,"Casual,Indie",15,13,2
500350,"Action,Adventure,Indie",6,4,2
903880,"Action,Adventure,Casual,Indie,Simulation,Strategy",7,2,5
1350850,"Adventure,Casual,Strategy",10,8,2
973560,"Adventure,Indie,RPG,Strategy,Early Access",0,0,0
862690,"Adventure,Casual,Free to Play,Indie",2,1,1
1674150,"Casual,Strategy,Early Access",0,0,0
1903770,"Action,Adventure,Casual,Indie",11,11,0
15710,Adventure,712,685,27
857180,"Casual,Indie,Simulation,Early Access",31,20,11
414760,"Casual,Indie,Racing,Simulation",9,8,1
1756790,"Action,Indie",7,5,2
1390920,"Action,Adventure,Casual,Indie",0,0,0
765400,"Adventure,Casual",6,1,5
1813910,"Action,Indie",3,3,0
752900,"Action,Adventure,Indie,Simulation,Early Access",43,33,10
1374330,Casual,3,2,1
464490,"Adventure,Casual",35,34,1
425650,"Action,Indie",121,114,7
420570,"Action,Indie",16,15,1
1791400,"Action,Casual,Indie,Early Access",6,6,0
1468370,"Action,Simulation",1,0,1
1891120,"Casual,Strategy",1,0,1
1094110,Casual,9,7,2
34319,Adventure,2,2,0
1339580,"Adventure,Casual,Free to Play",0,0,0
1014310,Indie,1,1,0
1506080,"Action,Adventure,Casual,Indie",29,29,0
1147170,"Casual,Indie",0,0,0
1142280,"Casual,Indie",0,0,0
726450,"Indie,RPG,Strategy",2,2,0
461480,"Action,Adventure,Casual,Indie",21,20,1
789680,"Action,Adventure,Casual,Indie,Strategy",2,1,1
1389890,"Adventure,Indie",33,32,1
757210,"Simulation,Strategy",360,341,19
272230,"Action,Indie,Massively Multiplayer,Early Access",2112,1586,526
356650,"Action,Adventure,Indie,RPG",1699,1371,328
1876540,"Action,Indie",1,1,0
1503480,"Adventure,Casual,Indie,RPG,Strategy,Early Access",0,0,0
497310,"Design & Illustration,Education,Photo Editing,Software Training",4,3,1
1388310,"Casual,Indie",2,1,1
1326650,Action,0,0,0
967290,"Action,Adventure,Indie,Early Access",2,2,0
298950,"Adventure,Indie",65,40,25
794190,"Casual,Indie,Simulation,Sports",23,17,6
1562060,"Action,Indie,Massively Multiplayer,Early Access",1,1,0
1722100,"Casual,Strategy",2,2,0
1180450,"Action,Adventure,Indie",2,1,1
1259240,"Adventure,Casual,Free to Play,Indie",0,0,0
973720,"Adventure,Indie,Strategy",2,0,2
1831690,"Action,Adventure,RPG",0,0,0
601590,"Action,Casual,Indie,Racing,Simulation,Sports",6,4,2
301120,"Simulation,Sports",776,674,102
1565020,"Casual,Indie",0,0,0
393420,"Action,Adventure,Simulation",4747,2997,1750
1076140,"Action,Adventure,Casual,Indie",3,3,0
386050,"Action,Indie",28,19,9
1348300,"Adventure,Indie,RPG",6,4,2
1178220,Strategy,718,675,43
1028360,Casual,2,0,2
573740,"Adventure,Casual,Simulation,Strategy",2,2,0
522660,"Casual,Free to Play,Indie,Simulation,Sports",6,3,3
1505910,Simulation,5,1,4
1132080,"Casual,Indie,Strategy",9,5,4
754400,"Adventure,Casual,Indie,Simulation",7,5,2
1933330,"Adventure,Casual,Indie",1,0,1
731860,"Casual,Indie",0,0,0
1066840,"Adventure,Indie",1,0,1
1814540,"Casual,Indie,Simulation,Strategy,Early Access",2,1,1
1750600,"Casual,Indie,Strategy",12,12,0
2072550,"Action,Adventure,Indie",0,0,0
1687460,"Action,Casual,Indie,Strategy",1,1,0
1236880,"Action,Adventure,Massively Multiplayer,RPG,Early Access",14,8,6
1115760,"Action,Adventure,Indie,RPG",3,3,0
1185700,"Adventure,Indie",40,35,5
1855170,"Casual,Indie",13,13,0
502500,"Action,Simulation",10805,9385,1420
445040,"Adventure,Indie,RPG",61,57,4
1423450,"Action,Adventure",0,0,0
1810620,"Action,Casual,Indie",0,0,0
1525210,"Action,Indie,Strategy,Early Access",1,0,1
1412840,"Indie,RPG,Strategy",13,11,2
678570,"Action,Sports",1,0,1
668910,"Action,Indie,Massively Multiplayer,RPG,Early Access",5,2,3
1343150,"Action,Adventure,Casual,Indie",29,24,5
1582070,"Adventure,Casual,Racing",3,3,0
1315100,"Adventure,Casual,Indie,Racing,Strategy,Early Access",0,0,0
1214680,"Action,Casual,Indie,Strategy",2,2,0
1983100,"Action,Indie",1,1,0
956620,"Casual,Simulation",7,6,1
331690,"Action,Adventure,Indie",404,291,113
1580770,"Casual,Indie",0,0,0
274700,"Indie,Strategy",73,66,7
1912510,"Adventure,Casual,Indie,Simulation",1,1,0
1736630,Casual,6,4,2
341770,"Indie,Strategy",7,2,5
1866990,"Action,Indie",18,18,0
555210,"Casual,Free to Play,Indie,Simulation",326,279,47
1199620,"Indie,Strategy,Early Access",0,0,0
1043150,"Action,Indie",30,26,4
1145430,"Casual,Indie,Simulation",2,1,1
1212830,"Action,Adventure,Casual,Indie,RPG,Strategy",164,129,35
1427770,Action,0,0,0
1905230,"Action,Adventure,Simulation",4,2,2
1016850,"Action,Casual,Indie,Strategy",1,1,0
674390,"Adventure,Indie",0,0,0
1777830,"Action,Adventure,Casual,Indie",92,87,5
683870,"Action,Adventure,Indie",10,10,0
1722830,"Indie,Simulation",0,0,0
811480,Casual,8,5,3
625470,"Action,Free to Play,Indie",0,0,0
1991630,"Action,Indie,Strategy",2,2,0
287020,Adventure,588,540,48
891200,"Action,Casual",0,0,0
1686900,"Casual,Indie",1,0,1
1568210,"Action,Adventure",7,7,0
1022450,"Free to Play,Indie,Massively Multiplayer,Strategy,Early Access",0,0,0
1388590,"Action,Adventure",1500,1443,57
1772620,"Action,Adventure,Indie",0,0,0
570680,Adventure,55,53,2
1473920,"Action,Adventure,Casual,Indie,RPG,Simulation",7,4,3
1767310,"Adventure,Casual,RPG",4,2,2
1827300,"Action,Indie",1,1,0
980850,"Action,Free to Play,Indie",1,0,1
632110,"Action,Indie,RPG",11,6,5
502420,"Action,Simulation",37,19,18
33610,Adventure,245,146,99
3520,Casual,26,19,7
575720,"Action,Adventure,Free to Play,Massively Multiplayer,RPG,Strategy",0,0,0
1553280,"Action,Adventure",0,0,0
1891230,"Action,Adventure,Casual,Indie,RPG,Simulation,Strategy",5,4,1
294100,"Indie,Simulation,Strategy",71074,69863,1211
577670,"Indie,Simulation",362,270,92
1156120,"Action,Indie,Early Access",38,34,4
626680,"Free to Play,Indie,Racing,Sports",0,0,0
1939270,"Casual,Free to Play,Indie",0,0,0
208650,"Action,Adventure",23712,20535,3177
1290040,Indie,1,1,0
936800,"Casual,Indie,Strategy",6,4,2
1723920,Action,1,1,0
1027710,"Action,Adventure,Free to Play,Indie,RPG",0,0,0
1384840,"Action,Indie,Simulation",2,1,1
1142410,"Action,Adventure,Indie",15,11,4
262610,Audio Production,22,13,9
1528900,"Action,Casual,Indie",1,1,0
1631010,"Action,Adventure,Indie,RPG,Early Access",5,5,0
542730,"Action,Casual",2,0,2
751110,"Casual,Indie,Simulation",62,45,17
739940,"Indie,Strategy",0,0,0
798380,"Action,Adventure,Indie",5,3,2
1548190,"Indie,Strategy",22,22,0
1512940,"Casual,Indie,Simulation,Early Access",15,4,11
1508170,"Action,Adventure,Indie,RPG",49,45,4
1170190,"Adventure,Indie,RPG",14,12,2
291330,"Action,Casual,Indie,Sports",16,10,6
396530,"Adventure,Indie",18,4,14
1500110,RPG,5,4,1
488310,"Casual,Simulation,Sports",1879,1796,83
1270930,"Action,Adventure,Casual,Indie",94,86,8
1078960,"Adventure,Free to Play,Indie,RPG,Strategy",0,0,0
1097570,Adventure,2,2,0
676240,"Adventure,Indie",27,24,3
1507780,"Simulation,Strategy",268,246,22
38180,Casual,1,1,0
823670,"Adventure,Indie",1,0,1
1153980,"Action,Adventure,Casual,Indie,Strategy",16,14,2
1442160,Adventure,14,8,6
1096180,"Action,Adventure,Indie",85,85,0
393280,"Casual,Indie,Sports",0,0,0
1104010,Indie,0,0,0
1199150,"Adventure,Indie",2,2,0
439310,Indie,92,62,30
670270,"Violent,Action",5,3,2
1992840,"Action,Indie,Simulation",0,0,0
260510,Simulation,56,6,50
1652170,"Casual,Indie",0,0,0
1648610,"Action,Adventure,Indie",190,140,50
1787420,"Adventure,Indie,Simulation",3,2,1
532470,"Action,Indie",6,5,1
869930,"Action,Adventure,Casual,Indie",1,0,1
1649960,"Casual,Indie",2,2,0
846020,"Adventure,Free to Play,Indie,RPG,Strategy",5,3,2
718500,"Action,Casual,Free to Play,Indie",0,0,0
1989780,"Indie,Racing",0,0,0
2840,"Simulation,Strategy",143,101,42
882120,"Free to Play,Indie,Strategy",0,0,0
1072280,"Action,Indie",2,2,0
1185000,"Action,Indie,Simulation",5,2,3
457010,"Action,Indie,Massively Multiplayer",146,104,42
1172760,Strategy,4,2,2
1227250,"Adventure,Casual,Indie,RPG,Strategy",0,0,0
496740,"Casual,Indie,Simulation",65,48,17
1074770,"Action,Adventure,Indie,Early Access",32,21,11
1939770,"Action,Adventure,Indie",2,2,0
346920,"Action,Casual,Indie",13,4,9
1671480,"Indie,Simulation,Strategy,Early Access",152,136,16
1563190,"Action,Adventure,Indie",3,1,2
452240,"Action,Indie,Early Access",7,7,0
940600,Simulation,2,1,1
1079730,"Action,Indie",4,4,0
1005120,"Adventure,Indie,RPG",22,18,4
1388910,"Action,Adventure",0,0,0
1134180,"Casual,Indie",38,33,5
1002480,"Action,Indie,RPG,Simulation,Strategy,Early Access",0,0,0
17410,"Action,Adventure",11735,10155,1580
1599000,"Action,Indie,Early Access",32,31,1
794800,"Casual,Strategy",1326,1175,151
786040,"Adventure,Casual",3,3,0
1182020,"Free to Play,Simulation,Sports,Early Access",6,5,1
770850,Indie,7,6,1
739630,"Action,Indie,Early Access",215540,209838,5702
486380,"Indie,RPG",170,165,5
359920,"Indie,RPG,Strategy",125,91,34
1381780,"Action,Casual,Indie",0,0,0
678500,"Action,Adventure,Casual,Racing,Simulation,Sports",1,0,1
1495130,Casual,4,4,0
378100,"Adventure,Indie",19,8,11
391530,"Action,Early Access",7,5,2
1389170,"Adventure,Indie,RPG",0,0,0
1357220,"Action,Casual,Indie,Racing,Sports",9,9,0
765180,"Action,Adventure,Indie,Early Access",20,6,14
1058770,"Adventure,Indie,RPG,Simulation,Strategy,Early Access",23,21,2
862520,Casual,14,0,14
1430320,"Action,Indie",0,0,0
430170,"Action,Indie",2,0,2
1010120,"Action,Adventure,Indie,RPG,Simulation",1,0,1
665030,"Action,Adventure,Indie",40,28,12
1145380,"Action,Casual,Strategy",12,11,1
1965410,"Adventure,Free to Play,Indie",0,0,0
893910,"Adventure,Casual,Indie,Racing,Simulation,Early Access",1,1,0
1892970,"Free to Play,Strategy",0,0,0
364930,Casual,349,337,12
438130,Adventure,146,134,12
589040,"Adventure,Casual,Indie,Simulation",62,58,4
337340,"Adventure,Indie,RPG",3930,3859,71
819550,"Casual,Indie",0,0,0
1432950,"Action,Sports",0,0,0
929320,Adventure,24,24,0
793190,Utilities,35,21,14
1279800,"Free to Play,Indie,RPG,Strategy,Early Access",0,0,0
1265860,"Racing,Sports",1140,935,205
487720,"Action,Adventure,Indie",829,362,467
2001910,"Action,Indie,Racing",4,4,0
734350,"Action,Indie,Racing,Simulation,Early Access",0,0,0
1876390,"Indie,Simulation,Strategy",4,1,3
877400,"Action,Casual,Indie,RPG",0,0,0
1994860,"Casual,Indie",14,10,4
1023710,Education,4,4,0
1828910,Adventure,3,3,0
1868080,"Racing,Simulation,Early Access",4,4,0
510590,Adventure,66,57,9
1468090,"Animation & Modeling,Design & Illustration,Education,Software Training,Video Production,Game Development",3,3,0
261510,"Adventure,Indie",435,395,40
610380,"Action,Adventure,Casual,Indie,Simulation,Strategy",127,68,59
690350,"Action,Casual,Indie,Early Access",5,3,2
1047430,"Adventure,Free to Play,Indie",0,0,0
1810430,"Adventure,Casual",3,3,0
1954020,"Casual,Indie",9,9,0
1231460,"Adventure,Casual,Indie,Strategy",12,10,2
1952740,"Casual,Simulation,Strategy",15,15,0
822970,"Casual,Indie",1,1,0
686720,RPG,64,51,13
938680,"Action,Casual,Indie,Strategy",0,0,0
809830,"Casual,Indie,Strategy",1,1,0
1127470,"Casual,Free to Play",0,0,0
1395760,"Indie,Simulation,Strategy,Early Access",40,29,11
1479480,"Massively Multiplayer,RPG,Simulation,Early Access",2,0,2
1002500,"Action,Adventure,Indie,RPG,Early Access",1,1,0
1800430,"Casual,Indie,Simulation",9,4,5
1281610,"Casual,Simulation,Strategy,Early Access",6,3,3
1639760,"Adventure,Indie",0,0,0
1511090,"Casual,Indie",0,0,0
1177380,"Indie,RPG,Simulation,Early Access",45,40,5
1069480,"Action,Adventure,Casual,Indie,Simulation,Sports",17,14,3
1751850,"Action,Early Access",1,1,0
814540,"Adventure,Indie,RPG",4684,4185,499
1022010,"Action,Adventure,Indie",18,13,5
1893530,Action,6,1,5
646150,"Simulation,Sports,Strategy",3,2,1
1481310,"Adventure,Casual,Indie,Strategy,Early Access",1,1,0
1970770,"Adventure,Casual,Indie",0,0,0
1884380,"Adventure,Casual,Simulation",1,1,0
733820,"Adventure,Indie,RPG",26,9,17
936980,"Indie,Simulation,Strategy,Early Access",40,24,16
1462650,"Adventure,Indie,RPG",22,18,4
779260,Utilities,0,0,0
255520,"Gore,Indie,Simulation",971,766,205
1527080,Racing,0,0,0
654670,"Casual,Indie",6,6,0
455230,"Indie,Strategy",9,8,1
341500,"Action,Adventure,Indie,Strategy",431,263,168
887090,Strategy,31,19,12
1260520,"Casual,Indie,Strategy",810,805,5
1451950,Racing,15,11,4
291860,"Action,Indie,RPG,Strategy",4115,3851,264
1749260,"Casual,Indie,Strategy",0,0,0
868150,"Casual,Indie,Early Access",195,154,41
1248450,"Adventure,Casual,Indie,Simulation",18,18,0
521540,"Adventure,Casual,Indie",27,22,5
494810,"Adventure,Indie",171,150,21
8640,Racing,0,0,0
1459740,"Casual,Indie",0,0,0
288750,"Adventure,Indie",14,9,5
1375920,"Casual,Indie",2,2,0
1758600,"Adventure,Indie,Early Access",1,1,0
1188160,Action,9,4,5
414500,"Action,Adventure,Casual,Indie",3,0,3
1075390,Casual,21,15,6
1040900,"Action,Indie",0,0,0
1225040,"Casual,Indie",1,1,0
16120,"Casual,Simulation",94,87,7
1836030,"Action,Adventure,Indie,RPG,Early Access",0,0,0
740720,Indie,1,0,1
266170,"Action,Indie,RPG",241,161,80
330000,"Free to Play,Strategy",3,0,3
652030,"Indie,RPG",0,0,0
1945800,"Action,Indie",4,4,0
731680,"Adventure,Indie,RPG",0,0,0
668430,"Action,Indie,Racing,Simulation,Sports,Early Access",152,137,15
1424960,"Action,Casual,Indie",0,0,0
892160,"Casual,Indie",5,3,2
757050,"Action,Indie",0,0,0
1843900,"Action,Adventure,Indie",2,2,0
365210,"Indie,RPG",75,66,9
1939930,"Action,Indie,Racing,Simulation,Sports,Early Access",1,1,0
868230,"Casual,Indie",25,19,6
345480,"Adventure,Indie",49,35,14
1331710,"Action,Indie",0,0,0
1619060,"Action,Adventure,Indie",3,3,0
1669890,"Casual,Indie",0,0,0
1289060,"Adventure,Casual,Indie,Simulation",4,4,0
612750,Strategy,0,0,0
369310,"Casual,Indie,Strategy",11,11,0
944300,"Action,Indie,Racing",5,5,0
1169160,"Adventure,Indie,RPG,Strategy",5,5,0
1798410,"Indie,RPG",1,1,0
594980,"Action,Adventure,Casual,Indie,Racing,Simulation",28,23,5
448580,"Action,Indie,Racing",166,143,23
447690,"Casual,Simulation",34,24,10
1383050,"Casual,Indie,Strategy",51,45,6
607780,"Indie,RPG",4,4,0
1743880,"Indie,Strategy",4,3,1
1117420,Action,1,1,0
374510,"Adventure,Indie",18,6,12
1123770,"Action,Adventure",2701,2339,362
818940,"Casual,Indie",25,23,2
1577750,"Casual,Simulation,Sports",8,7,1
386770,Action,97,76,21
1137400,"Adventure,Indie,RPG",47,40,7
888620,Indie,1,0,1
1574270,"Indie,RPG,Simulation",1252,1236,16
1287880,Indie,2,0,2
2056480,"Casual,Indie,Strategy",0,0,0
102840,"Action,Adventure,Indie",556,441,115
357840,Action,21,11,10
759830,"Action,Indie",7,4,3
1727430,"Adventure,Casual,Indie,RPG",2,2,0
765940,"Casual,Indie",38,33,5
1866780,"Casual,Indie",0,0,0
1533770,"Action,Indie",0,0,0
1500820,"Indie,RPG,Simulation,Strategy",167,154,13
1254540,"Casual,Free to Play,Indie,RPG,Simulation,Strategy",0,0,0
1722310,"Casual,Indie",1,1,0
1468390,"Animation & Modeling,Early Access",4,4,0
938320,"Action,Adventure,Strategy",9,5,4
258970,"Action,Adventure,RPG",3816,2973,843
769390,"Nudity,Violent,Gore,Action,Adventure,Indie",3,0,3
793850,"Action,Indie,Early Access",0,0,0
349040,"Action,Adventure",14031,12618,1413
1325610,"Adventure,Indie",0,0,0
1228410,"Action,Adventure,Casual,Indie,Strategy",4,2,2
1619750,"RPG,Simulation,Strategy",705,677,28
246110,"Indie,Strategy",911,652,259
997020,"Action,Adventure,Indie,Simulation,Strategy",1,0,1
873830,"Casual,Indie",2,2,0
1653850,"Action,Free to Play,Strategy",0,0,0
352120,"Action,Simulation",19,10,9
1081670,"Action,Casual,Free to Play,Indie,Sports",1,0,1
981120,"Action,Casual,Indie",0,0,0
1857540,"Adventure,Free to Play,RPG,Strategy,Early Access",0,0,0
27900,"Action,Adventure",115,44,71
1164350,Casual,0,0,0
1264890,"Action,Casual",1,0,1
980320,"Adventure,Casual,Indie,Strategy",10,6,4
491540,"Simulation,Early Access",755,569,186
1436450,"Casual,Indie",0,0,0
1135090,"Adventure,Indie",22,20,2
1550740,"Indie,RPG,Strategy",25,21,4
264710,"Adventure,Indie",111269,107079,4190
1665000,Casual,1,1,0
1114730,Indie,28,23,5
1580750,RPG,0,0,0
1086970,Action,15,13,2
1655670,"Adventure,Casual,Indie,Strategy",10,9,1
368670,Software Training,3,3,0
1423750,Casual,0,0,0
1728740,Indie,0,0,0
774461,Casual,1483,1382,101
813780,Strategy,37485,35612,1873
764830,"Casual,Indie",5,3,2
1290070,Casual,73,63,10
939100,"Action,Indie",634,429,205
1347590,Adventure,1,1,0
831040,Education,0,0,0
769920,Indie,13,13,0
1564130,"Adventure,Casual,Indie,Strategy",1,1,0
616030,"Action,Casual,Indie,RPG",2,2,0
1819620,"Action,Indie",0,0,0
596910,"Adventure,Indie,RPG",50,41,9
1371790,"Action,Adventure,Indie",3,2,1
1081460,RPG,0,0,0
1028350,"Action,Casual,Indie",185,179,6
1665250,RPG,7,2,5
1242730,"Action,Casual,Free to Play,Indie,Massively Multiplayer,Early Access",0,0,0
1530180,"Adventure,Indie,RPG",0,0,0
646310,"Adventure,Simulation",30,22,8
1014460,"Adventure,Casual,Indie",28,20,8
1115040,"Action,Indie",3,0,3
437630,"Adventure,Indie",437,342,95
542410,"Violent,Action,Adventure,RPG,Strategy,Early Access",13,4,9
1109220,"Casual,Free to Play,Indie,Early Access",0,0,0
887590,"Action,Casual,Indie",0,0,0
215120,"Free to Play,Massively Multiplayer,RPG",5,5,0
1165750,"Indie,RPG",30,25,5
1610870,"Casual,Free to Play,Simulation",0,0,0
1670870,"Action,Adventure,Indie,Simulation",387,331,56
593250,"Action,Casual,Indie",8,4,4
1023100,"Action,Casual,Indie,Early Access",0,0,0
792220,"Action,Free to Play,Indie,Massively Multiplayer,RPG,Sports",1,1,0
1178790,RPG,117,94,23
933770,"Adventure,Casual,Indie,Simulation",12,12,0
1075400,Adventure,132,81,51
1174830,"Adventure,Casual,Indie,RPG",9,6,3
1150130,Indie,0,0,0
509880,"Action,Adventure,Free to Play,Indie",0,0,0
748130,"Adventure,Casual,Indie,RPG,Simulation",6,3,3
607490,"Action,Indie",11,10,1
1780490,Action,0,0,0
1556920,"Action,Casual",3,3,0
1746770,"Casual,Indie,Simulation,Strategy",0,0,0
477800,"Casual,Free to Play,Indie,Simulation",1,0,1
986950,"Action,Adventure",0,0,0
1139920,"Action,Adventure,Casual,Indie,RPG,Simulation",0,0,0
1534860,"Action,Adventure,Indie",3,2,1
1695150,"Adventure,Indie,Simulation",0,0,0
727510,"Action,Adventure,Indie,RPG",49,20,29
1646240,"Action,Adventure,Indie",0,0,0
1600240,Casual,1,1,0
997280,Indie,3,3,0
816180,"Adventure,Casual,Indie",8,5,3
1028830,"Action,Adventure,RPG",0,0,0
277540,"Adventure,Casual,Indie",15,5,10
1074350,"Action,Casual,Indie",0,0,0
1545880,"Indie,Strategy",3,3,0
914680,"Adventure,Casual,Indie,Simulation,Strategy,Early Access",4,1,3
1609710,"Adventure,Casual,Simulation",0,0,0
1664350,"Action,Adventure,Casual,Indie,Simulation,Strategy",0,0,0
1736590,"Adventure,Casual",1,1,0
285070,"Action,Adventure,Indie",41,30,11
916640,"Adventure,Indie",4,0,4
1689140,Adventure,3,1,2
1425790,"Casual,Free to Play,Massively Multiplayer,RPG",0,0,0
629400,"Action,Indie",1,1,0
1187430,"Action,Adventure,Casual,Indie,Sports",1,0,1
6010,Adventure,658,620,38
1027900,"Adventure,Casual,Indie,RPG,Strategy",8,6,2
253310,Adventure,18,13,5
1790420,"Action,Adventure,Indie",0,0,0
512170,"Casual,Indie,RPG,Early Access",2,1,1
1375070,"Free to Play,Indie,Sports",0,0,0
766700,"Action,Adventure,Casual,Indie,RPG",9,4,5
426010,Simulation,35,12,23
1228560,"Action,Adventure,Indie",58,47,11
1729810,Adventure,1,1,0
874020,"Casual,Strategy",7,2,5
1322650,"Action,Adventure,Casual,Indie",176,154,22
646240,"Action,Casual,Free to Play,Indie",0,0,0
526780,"Action,Adventure",10,9,1
1869890,"Action,Casual,Indie",3,3,0
749900,Indie,1,0,1
1001910,"Casual,Indie",6,5,1
1333870,Strategy,1,1,0
540250,Strategy,2,1,1
624070,"Adventure,RPG",12,9,3
654690,"Action,Adventure,Indie,Strategy",302,173,129
1097630,"Action,Adventure,Indie,Strategy",1,1,0
1234900,"Action,Indie,RPG",3,2,1
375870,"Indie,Early Access",2,2,0
1340330,Indie,0,0,0
1133260,"Casual,Indie",2,2,0
895370,Racing,3,2,1
2074130,RPG,0,0,0
34820,Simulation,178,136,42
1190120,"Casual,Indie,Simulation",6,1,5
530530,"Adventure,Casual,Indie",2,1,1
643820,"Adventure,Indie,Simulation",93,60,33
1244300,"Action,Indie",3,3,0
1935960,"Adventure,Indie,RPG,Strategy",0,0,0
1486060,Adventure,5,2,3
2063420,"Casual,Indie,Simulation",21,21,0
1466610,"Simulation,Strategy",8,7,1
1604450,"Indie,Simulation",6,6,0
370480,"Action,Indie",49,39,10
1224480,"Adventure,Casual,Indie",27,20,7
1221590,"Action,Indie,Racing",10,8,2
1303740,"Casual,Indie",72,66,6
1179530,"Action,Adventure,Casual,Indie",0,0,0
553530,"Action,Adventure,Indie,RPG,Sports,Strategy,Early Access",0,0,0
869090,"Action,Adventure,Indie",0,0,0
840180,"Adventure,Casual,Indie",0,0,0
1673520,"Casual,Indie,Racing",4,2,2
403400,Action,225,201,24
917940,"Action,Adventure,Indie",10,9,1
511830,"Action,Indie,Early Access",8,3,5
1394760,Casual,2,2,0
1518820,Adventure,25,22,3
343810,"Adventure,Indie",43,39,4
895430,"Adventure,Casual,Indie",0,0,0
204860,"Action,Strategy",108,70,38
1427210,"Action,Adventure,Casual,Free to Play,Indie",0,0,0
1056170,"Action,Indie,Early Access",25,17,8
846040,"Casual,Indie",0,0,0
571060,"Nudity,Violent,Adventure",24,20,4
1781170,"Action,Indie",3,3,0
1406630,"Action,Indie",0,0,0
845200,"Action,Adventure,Casual,Free to Play,Indie,Racing,RPG,Simulation,Sports,Strategy",4,1,3
1629160,"Casual,Indie,Strategy",1,1,0
705450,"Action,Adventure,Indie",42,37,5
378450,Action,2,1,1
805070,"Action,Indie",1,1,0
922530,Strategy,16,14,2
1634410,"Action,Indie,Racing",0,0,0
682970,"Action,Free to Play,Indie",0,0,0
1595230,"Casual,Simulation,Strategy",1,0,1
880570,"Casual,Indie",4,4,0
869630,"Action,Casual,Indie",0,0,0
1823710,"Casual,Indie,Simulation,Strategy",20,20,0
1095520,"Adventure,Free to Play,Indie",0,0,0
885240,"Casual,Indie",4,2,2
1666890,"Casual,Simulation,Animation & Modeling,Audio Production,Design & Illustration,Education,Video Production,Early Access",17,17,0
1225100,Indie,0,0,0
1437820,"Action,RPG,Simulation,Strategy",7,6,1
33120,"Action,Indie,RPG",335,303,32
880300,"Action,Adventure,Indie,RPG,Strategy",32,19,13
628050,Strategy,31,24,7
1153880,"Casual,Free to Play,RPG,Simulation,Early Access",0,0,0
1669360,"Indie,Simulation,Early Access",18,17,1
1014240,"Action,RPG",0,0,0
714580,"Adventure,Free to Play",0,0,0
7660,Strategy,477,427,50
3730,Action,1329,1171,158
681330,"Action,Indie,Simulation,Strategy",162,128,34
763630,"Violent,Action,Adventure",5,3,2
1588380,"Action,Adventure,Indie",124,112,12
581840,Indie,7,7,0
817250,"Action,Casual,Indie",1,1,0
486670,Education,6,2,4
424170,"Action,Adventure,Indie,RPG,Strategy",25,19,6
1284190,"Adventure,Early Access",6816,6582,234
929530,"Action,Indie,Early Access",1,0,1
485230,"Casual,Indie",2,1,1
1901060,RPG,2,0,2
65560,Action,168,70,98
1539780,"Free to Play,RPG,Simulation",0,0,0
652050,"Adventure,Indie,RPG",17,15,2
928690,"Indie,Simulation,Strategy",0,0,0
1385760,"Action,Adventure,Casual,Indie,Racing",3,1,2
504700,"Action,Casual,Indie,Early Access",17,16,1
1578080,"Action,Adventure,Casual,Free to Play",0,0,0
865540,"Casual,Indie,Simulation",742,719,23
1039880,"Action,RPG",1856,1564,292
1588050,"Action,Indie",0,0,0
727130,"Action,Adventure,Indie,RPG,Simulation,Strategy,Early Access",879,714,165
1567550,"Casual,Free to Play,Sports",0,0,0
1471450,Casual,0,0,0
869130,"Action,Adventure,Indie,Massively Multiplayer,Early Access",3,1,2
910730,"Action,Indie",8,8,0
881260,"Action,Casual,Indie",3,3,0
417890,"Action,Free to Play,Indie",7,7,0
1423410,"Action,Indie,Massively Multiplayer,Early Access",2,0,2
711050,"Violent,Action,Indie,RPG,Strategy",5,3,2
1095320,"Action,Indie",5,5,0
1929820,"Action,Adventure,Casual,Indie,Early Access",0,0,0
1628650,"Adventure,Casual,Free to Play,Indie,Early Access",0,0,0
383980,Indie,19061,18310,751
1219790,"Action,Indie,Strategy,Early Access",1,1,0
1766230,"Action,Indie",5,3,2
1238840,"Action,Massively Multiplayer",14715,12904,1811
1596820,"Casual,Indie,Simulation",1,1,0
1010600,"Adventure,Casual",65,52,13
843370,"Action,Indie",8,8,0
545410,"Action,Adventure,Casual,Indie",107,93,14
1427950,Casual,1,0,1
1173780,RPG,892,688,204
1030960,"Casual,Indie,Strategy",9,9,0
347400,"Animation & Modeling,Design & Illustration,Education,Photo Editing,Software Training,Utilities,Video Production,Web Publishing,Game Development",120,95,25
927150,"Indie,RPG,Early Access",0,0,0
1554520,"Action,Indie,Sports",3,3,0
1149690,Strategy,15,13,2
1981530,"Action,Adventure,Massively Multiplayer,RPG,Strategy,Early Access",1,0,1
277450,Strategy,468,350,118
640290,"Action,Casual,Indie",3,3,0
1777080,Indie,0,0,0
339570,"Indie,RPG,Strategy",117,98,19
1199930,"Action,Adventure,Casual,Indie,Early Access",0,0,0
317080,"Racing,Simulation,Sports",12,1,11
1533410,"Action,Adventure,Casual,Indie",10,10,0
1634970,"Adventure,Indie,RPG",2,0,2
1111390,Adventure,77,57,20
261960,"Adventure,Casual,Indie",27,20,7
1386940,"Action,Adventure,Free to Play,Indie",0,0,0
590510,"Indie,Simulation",85,67,18
981270,Adventure,2,2,0
1102780,"Action,Adventure,Indie",255,168,87
1364800,"Adventure,RPG",0,0,0
1181300,"Action,Adventure,Casual,Indie,Early Access",11,11,0
631660,"Casual,Free to Play,Sports,Strategy",0,0,0
1069190,"Simulation,Early Access",39,37,2
796860,"Violent,Action,Adventure,Casual,Indie,RPG,Simulation,Early Access",212,72,140
1340240,"Adventure,Indie",1,1,0
1094820,"Adventure,Casual",44,44,0
1200110,Adventure,7,7,0
799310,"Audio Production,Utilities",3,3,0
549240,"Casual,Indie,Simulation",88,58,30
1453870,"Free to Play,Indie,Simulation",0,0,0
714120,"Adventure,Casual,Indie",2408,2129,279
1900280,"Adventure,Casual,Indie",6,5,1
893810,"Action,Adventure,Indie",0,0,0
1872160,Adventure,5,3,2
1743280,"Action,Adventure,Indie",0,0,0
907220,"Adventure,Indie",1,0,1
1626640,"Action,Casual,RPG,Simulation,Sports",309,215,94
1944270,Casual,0,0,0
794030,"Adventure,Casual,Indie,RPG",16,16,0
1623560,Adventure,1,1,0
1146090,"Action,Casual,Indie",3,3,0
406300,"Action,Casual,Indie,Sports",5,4,1
1511410,"Casual,Free to Play,Indie",0,0,0
1281510,"Adventure,Casual,Indie",3,3,0
1194740,"Free to Play,Indie",0,0,0
1017660,"Adventure,Indie",0,0,0
975860,"Casual,Strategy",0,0,0
826480,Free to Play,0,0,0
1023060,"Action,Adventure,Casual,Indie,Racing",7,4,3
1656860,"Free to Play,Strategy,Early Access",0,0,0
429220,"Action,Casual,Indie",21,13,8
1647280,"Action,Adventure,Casual,Indie",0,0,0
1320230,"Action,Indie",9,9,0
1964780,"Action,Adventure,Casual,Indie,RPG",1,1,0
655620,"Action,Indie,Early Access",1,1,0
818570,"Violent,Gore,Action,Casual,Indie",26,21,5
661050,"Action,Casual,Indie,Early Access",3,3,0
12310,"RPG,Casual,Adventure",53,39,14
1053160,"Adventure,Casual,Indie,Simulation,Strategy",4,2,2
1190150,"Action,Casual,Free to Play,Indie,Massively Multiplayer,Simulation,Strategy",5,3,2
2003600,Simulation,0,0,0
701860,"Adventure,Indie",20,18,2
896960,Adventure,44,34,10
1116650,"Casual,Free to Play,Indie,Simulation",3,3,0
935720,"Casual,Indie,Simulation",4,2,2
1791710,"Casual,Indie,Simulation,Strategy",5,5,0
1432500,Adventure,89,83,6
1667170,"Action,Adventure",6,4,2
597220,"Adventure,Indie,RPG",6347,6224,123
340680,"Action,Casual,Indie,Early Access",2,1,1
358170,"Action,Adventure",11,8,3
451940,Indie,3,3,0
1199650,"Action,Indie,Sports",1,1,0
1482820,"Indie,Strategy,Early Access",33,28,5
1352180,"Action,Adventure,Indie,RPG,Early Access",2,1,1
1694200,"Adventure,Casual,Free to Play,Indie,Massively Multiplayer,RPG",0,0,0
446850,"Action,Casual,Indie,Racing,Simulation",19,17,2
1920850,Simulation,5,2,3
1433830,"Casual,Indie",2,2,0
1272520,"Casual,Indie",0,0,0
1636700,"Action,Adventure,Indie,RPG",22,21,1
778570,"Adventure,Casual,Indie,Simulation",15,7,8
1944280,Action,1,1,0
322780,"Action,Adventure,Indie,Massively Multiplayer,Early Access",3433,2111,1322
467820,"Action,Indie",218,195,23
951360,Action,10,8,2
1111880,"Action,Adventure",5,2,3
265380,"Action,Adventure,Indie",35,20,15
1752760,"Action,Adventure,Casual",4,3,1
779100,"Action,Indie,Early Access",38,25,13
1071030,"Adventure,Casual,Indie",1,0,1
785150,"Action,Indie,Early Access",1,1,0
1287830,"Action,Adventure,Casual,Indie,RPG,Simulation",8,4,4
799860,"Adventure,Free to Play,Simulation",0,0,0
870580,"Action,Indie,Racing",4,3,1
1874380,"Adventure,Indie,Early Access",0,0,0
1207380,"Adventure,Indie",4,3,1
800200,"Action,Adventure,Indie",74,53,21
1039310,"Casual,Simulation",8,4,4
351970,RPG,3202,2554,648
244910,"Adventure,Indie",655,484,171
377660,"Casual,Indie",65,64,1
1359770,"Design & Illustration,Photo Editing,Utilities",3,1,2
822760,"Adventure,Casual,Simulation",139,137,2
2015710,"Casual,Free to Play,Early Access",0,0,0
1391600,"Adventure,Casual,Indie,Simulation,Strategy",0,0,0
669040,"Adventure,Casual",4,4,0
1387870,"Action,Adventure,Indie",1,1,0
794780,"Action,Indie,Simulation,Early Access",3,3,0
987240,"Free to Play,Indie",0,0,0
438820,Indie,16,12,4
1036820,"Adventure,Indie",10,5,5
1587530,Casual,1,1,0
449420,"Action,Adventure,Casual,Indie",0,0,0
1587350,Casual,9,9,0
504980,"Action,Adventure",10,6,4
512240,"Action,Casual,Indie",34,33,1
1518140,"Casual,Indie,Simulation",6,4,2
606140,"Action,Free to Play,Indie,Massively Multiplayer,RPG,Early Access",1,0,1
777140,"Free to Play,Indie",0,0,0
1071170,Indie,4,3,1
1391400,"Adventure,Casual,Indie",4,2,2
33110,"Action,Indie,RPG",97,65,32
553290,"Indie,Massively Multiplayer,Racing,Simulation,Sports",23,10,13
1789360,"Action,Indie,Strategy,Early Access",4,1,3
1412030,"Action,Adventure,Casual,Indie,RPG",6,2,4
1228950,"Casual,Free to Play,Racing",0,0,0
680750,"Adventure,Casual,Indie",20,17,3
1011860,"Casual,Strategy",0,0,0
1510720,"Adventure,Casual,Simulation",1,1,0
1726180,"Adventure,Indie,RPG,Early Access",1,1,0
1938660,"Action,Adventure,Indie",0,0,0
531540,Strategy,3,1,2
492170,"Action,Adventure,Casual,Indie,Strategy",9,4,5
1595310,"Indie,RPG,Simulation,Strategy",4,0,4
857520,Racing,5,2,3
502090,"Adventure,Indie",18,6,12
445310,"RPG,Strategy",413,252,161
2061290,"Casual,Free to Play,Indie",0,0,0
1394410,Action,1,1,0
744170,"Action,Free to Play,Indie",1,1,0
840730,"Casual,Indie,Simulation,Strategy",6,5,1
1422050,Early Access,0,0,0
1151570,"Free to Play,Indie",0,0,0
1093830,"Adventure,Casual,Indie,RPG",3,1,2
713080,"Adventure,Indie",5,0,5
220160,"Action,Racing",1257,925,332
1355430,"Adventure,Casual,Free to Play,Indie",0,0,0
279580,"Action,Adventure,Casual,Indie",54,35,19
1275390,"Casual,Indie,Simulation",13,7,6
678410,"Adventure,Casual",4,3,1
1370600,"Free to Play,Indie,Sports",0,0,0
461940,"Action,RPG",14,4,10
1275610,"Action,Indie",0,0,0
1916480,"Adventure,Casual,Indie,RPG",5,4,1
257630,"Action,Indie",77,41,36
881130,"Indie,Racing,Simulation,Early Access",30,30,0
1020560,"Simulation,Early Access",3,2,1
1788910,"Casual,Simulation,Strategy",0,0,0
1330920,"Action,Indie",1,1,0
1222690,"Action,Adventure,RPG,Strategy",4883,3703,1180
675940,"Action,Casual,Indie",32,23,9
719740,"Action,Indie,Racing",2,2,0
1787870,Simulation,0,0,0
1881690,"Adventure,Indie",0,0,0
515060,"Action,Adventure,Indie",6,5,1
295630,"Indie,Strategy",71,58,13
975050,"Adventure,Casual,Free to Play,Indie,RPG",0,0,0
271370,"Simulation,Strategy",115,48,67
887060,"Action,Adventure",143,109,34
1573130,Casual,4,3,1
680590,"Adventure,Indie,Early Access",101,98,3
739660,"Action,Indie",1,1,0
3560,"Casual,Strategy",255,211,44
351250,"Action,Indie",63,59,4
464050,RPG,3,2,1
1646030,"Casual,Indie",41,40,1
319910,"Action,Adventure,Indie",2062,1269,793
1092070,"Action,Indie",0,0,0
999480,"Adventure,Casual,Indie,Simulation,Sports,Strategy",3,0,3
363130,Action,390,255,135
1644020,"Adventure,Casual,Indie,Strategy",2,2,0
705370,"Action,Adventure,Casual,Free to Play,Indie",0,0,0
1404070,"Action,Adventure,Casual,Indie",11,11,0
381640,"Action,Free to Play,Massively Multiplayer,RPG",0,0,0
636050,Casual,10,10,0
1376070,"Action,Adventure,Indie,Sports",0,0,0
846780,"Action,Free to Play,Indie",0,0,0
1568620,"Action,Adventure,Indie,Early Access",5,3,2
495050,Action,486,424,62
907210,"Indie,RPG",46,24,22
72400,"Adventure,Indie",85,63,22
317250,"Action,Adventure,Indie",868,668,200
1097420,"Adventure,Casual,Indie,RPG,Simulation,Strategy",38,22,16
749990,"Action,Casual,Indie",6,5,1
1592230,"Action,Adventure,Indie,RPG,Simulation,Strategy",28,19,9
709380,"Casual,Indie",18,12,6
2069990,"Action,Adventure,Indie",0,0,0
223870,"Action,Adventure,RPG",130,125,5
1799590,"Action,Adventure,Casual,Indie",2,1,1
1292750,"Adventure,Casual,Indie,RPG",12,8,4
788540,Simulation,0,0,0
1809310,"Indie,RPG,Strategy",2,1,1
540660,"Adventure,Indie,RPG",19,16,3
821820,"Casual,RPG,Simulation",13,4,9
1191100,"Casual,Indie,Strategy",21,16,5
448570,"Adventure,Free to Play,Indie,RPG,Early Access",0,0,0
1987650,"Action,Adventure",10,10,0
1498990,"Indie,Animation & Modeling,Design & Illustration,Education,Photo Editing,Software Training,Video Production",3,3,0
653970,Simulation,8,7,1
757240,"Action,Free to Play,Indie,Early Access",2,2,0
500320,"Adventure,Indie",23,14,9
1144270,"Action,Adventure,Indie,RPG,Early Access",2,2,0
977540,"Action,Indie",0,0,0
877310,"Action,Strategy",1,1,0
980880,"Indie,Strategy",10,9,1
674840,"Adventure,RPG",4,2,2
949880,"Action,Casual,Indie,RPG,Strategy",11,5,6
240600,"Racing,Simulation,Sports",247,188,59
1673650,"Casual,Indie,Strategy,Early Access",1,1,0
1180660,Adventure,1610,1460,150
1525560,"Action,Adventure,Indie,RPG,Early Access",2,2,0
1232640,"Action,Adventure,Casual,Indie,Simulation,Sports",17,15,2
856990,"Indie,RPG,Strategy",31,15,16
1410050,"Casual,Indie",1,0,1
1211370,"Action,Casual,Indie",3,3,0
1244450,"Action,Adventure,Casual,Indie,Sports,Early Access",0,0,0
327880,"Action,Indie",360,313,47
746770,"Action,Casual,Indie,Strategy",3,3,0
965310,Strategy,182,134,48
1002230,"Casual,Indie,Strategy",2,1,1
1117760,"Adventure,Indie",2,2,0
350550,"Adventure,Casual,Indie,Simulation",15,15,0
1106340,"Action,Indie,Simulation,Sports",555,507,48
1944020,"Casual,Indie",0,0,0
2720,"Action,Indie,Strategy",14,13,1
703960,"Action,Indie,Simulation",2,2,0
951000,Casual,451,421,30
1090340,"Action,Casual,Indie",0,0,0
1351400,"Action,Casual,Sports",22,21,1
1036260,"Adventure,Casual,Indie,Simulation",36,29,7
60340,"Action,Adventure,Casual",20,13,7
220700,"Design & Illustration,Web Publishing",1974,1854,120
1908430,"Casual,Indie",2,2,0
1139830,"Action,Casual,Indie,Strategy",4,3,1
1136930,Racing,5,3,2
301460,"Action,Indie",166,126,40
857600,"Action,Indie",3,2,1
378420,Strategy,63,2,61
676000,"Action,Casual,Indie",23,16,7
1734890,"Casual,Indie",12,10,2
1774080,"Casual,Strategy",6,4,2
1181290,"Casual,Indie,RPG,Simulation",4,2,2
342580,"Casual,Strategy",732,663,69
1018820,"Action,Adventure,Indie,Racing,RPG",4,2,2
384250,"Action,Indie",12,11,1
1801560,Action,1,1,0
1272050,"Simulation,Sports",0,0,0
1031580,"Casual,Indie,Strategy",4,4,0
329490,Action,910,749,161
1246710,"Action,Adventure,Casual,Indie,Sports",4,4,0
1190110,"Action,Adventure,Indie,RPG,Simulation,Strategy",438,398,40
1895240,"Adventure,Casual,Indie",0,0,0
1488700,"Casual,Indie",0,0,0
1306990,"Adventure,Casual,Free to Play,Indie",0,0,0
454950,"Adventure,Indie,Simulation",203,161,42
1472040,Action,3,3,0
1604240,Sports,63,61,2
809210,"Action,Indie,RPG,Simulation,Early Access",60,47,13
433190,"Action,Adventure,Casual,Indie,Simulation",75,48,27
1351950,"Action,Indie,Early Access",32,23,9
932530,"Action,Adventure,Indie,RPG",7,7,0
1154680,"Action,Adventure,Indie",13,10,3
11480,Strategy,189,156,33
41740,"Action,Adventure,Simulation",159,131,28
1769750,"Adventure,Casual,Indie,Strategy",0,0,0
1048780,Indie,0,0,0
1361240,"Adventure,Casual,Free to Play,Indie,RPG,Simulation,Sports",0,0,0
1295670,Free to Play,0,0,0
1705470,Casual,1,1,0
1605910,"Casual,Indie",0,0,0
221540,"Indie,Strategy",1422,1194,228
1394340,"Action,Adventure,Free to Play,Indie",0,0,0
1240550,"Casual,Indie,Strategy",46,30,16
818370,"Casual,Indie,Racing",0,0,0
998740,"Indie,Strategy",1072,1002,70
1230650,"Action,Indie,Simulation",5,5,0
1906110,"Adventure,Casual,Indie,RPG",3,3,0
1869310,"Action,Free to Play,Indie,Early Access",0,0,0
754540,"Action,Casual,Indie",16,14,2
503090,Casual,4,1,3
1531940,"Casual,Indie",0,0,0
18070,"Action,Adventure,RPG",99,74,25
1974090,"Action,Free to Play,Simulation,Strategy",0,0,0
1153520,"Action,Adventure,Casual,Indie",4,3,1
2005260,"Adventure,Indie",0,0,0
1431290,"Adventure,Indie",59,26,33
1464130,Strategy,1,0,1
611390,"Adventure,Casual,Indie,Simulation",5,5,0
1675510,"Free to Play,Indie,RPG,Strategy",0,0,0
1519140,"Indie,RPG,Early Access",2,2,0
1281590,Adventure,1881,1726,155
1613150,"Casual,Indie,Strategy",9,9,0
705530,"Action,Indie",6,6,0
1506020,"Action,Casual,Indie",3,3,0
1846510,"Action,Adventure,Indie",1,1,0
1730020,"Action,Indie,Early Access",9,9,0
1931890,"Casual,Indie",3,3,0
390090,"Free to Play,Massively Multiplayer,Sports",0,0,0
1585340,Free to Play,0,0,0
610940,Action,0,0,0
1492870,"Indie,Strategy",0,0,0
1343640,"Casual,Simulation",83,76,7
336420,"Action,Adventure,Casual,Free to Play,Indie,Sports,Strategy",96,82,14
774091,"Indie,Simulation,Strategy",205,184,21
1626890,"Adventure,Indie",5,5,0
1164330,"Casual,Indie,Simulation,Strategy",4,4,0
260750,"Adventure,Casual",445,427,18
1795970,Adventure,0,0,0
1610410,Action,0,0,0
1413980,"Adventure,Indie,RPG",16,6,10
1346870,"Casual,Indie",2,1,1
907650,"Simulation,Strategy",1260,789,471
1865470,"Action,Adventure,Casual,Indie",0,0,0
433110,Indie,10,5,5
1382330,"Action,Adventure",5267,4931,336
1256510,"Indie,Strategy,Early Access",17,14,3
1623220,"Action,Adventure,Casual,Indie",1,1,0
1262240,"Action,Casual,Strategy",1652,1305,347
762860,"Action,Indie",1,1,0
322130,Adventure,112,106,6
533030,Casual,10,4,6
621070,"Action,Adventure,Indie,RPG,Strategy",567,344,223
819870,"Adventure,Casual,Indie,RPG,Simulation,Strategy",2,2,0
969240,Indie,0,0,0
720330,"Utilities,Early Access",2,1,1
1646770,"Action,Adventure",1,1,0
1364730,"Adventure,Casual,Indie",46,44,2
849030,"Action,Casual,Indie,Simulation,Strategy",0,0,0
1609680,"Adventure,Indie,RPG",0,0,0
1079430,RPG,0,0,0
1863310,"Adventure,Indie,RPG",1,1,0
2002670,"Action,Casual,Indie",0,0,0
1910740,Indie,0,0,0
781830,"Action,Adventure,Casual,Indie,Simulation",0,0,0
1827780,"Action,Casual,Indie",0,0,0
698300,"Casual,Indie",33,30,3
1010590,"Casual,Indie,Strategy",4,1,3
413480,"Action,Casual,Indie,Strategy",12,9,3
1244040,"Animation & Modeling,Design & Illustration",75,70,5
754040,"Adventure,Casual,Indie,Simulation",168,147,21
407300,Indie,101,72,29
657530,Indie,19,9,10
689120,"Action,Indie,Early Access",1,1,0
1515400,"Action,Casual,Indie,RPG",20,19,1
11190,"Adventure,RPG",350,263,87
1373760,"Action,Adventure,Indie",2,1,1
282010,"Action,Indie,Racing",178,152,26
1552460,"Adventure,Free to Play,Indie,Simulation",0,0,0
1384820,"Action,Indie",5,5,0
987720,"Action,RPG",150,99,51
1810130,"Action,Adventure,Free to Play,Indie",0,0,0
729030,"Action,Adventure,Indie,Early Access",15,2,13
1113360,"Action,Adventure,Indie",1,1,0
1500350,"Action,Adventure,Indie",0,0,0
865040,"Action,Casual,Indie",272,258,14
1280420,"Design & Illustration,Game Development,Early Access",36,32,4
212070,"Action,Free to Play,Massively Multiplayer,Simulation",87,53,34
1829130,Indie,0,0,0
1975810,"Action,Adventure,RPG,Early Access",1,0,1
1449420,Casual,5,3,2
412460,"Indie,Simulation,Strategy",106,36,70
1047720,"Casual,Free to Play,Indie",0,0,0
392190,"Indie,Sports",62,45,17
1239300,"Action,Adventure,Indie,Early Access",29,25,4
1705030,"Action,Casual,Free to Play,Indie,Sports,Early Access",5,5,0
1713210,"Action,Adventure,Casual,Indie,Massively Multiplayer,Racing,Simulation,Strategy",1,0,1
1823370,"Action,Adventure,Indie",0,0,0
1804280,"Action,Casual,Indie",4,4,0
1770140,"Casual,Indie",7,6,1
1391550,"Action,Adventure,Casual,Indie,Racing,RPG,Simulation,Sports,Strategy",1,0,1
1604390,"Action,Adventure,Indie",1,1,0
2010110,"Action,Adventure,Indie",14,14,0
1838660,"Adventure,Casual,Indie,RPG,Strategy",0,0,0
651320,Video Production,0,0,0
652910,"Action,Indie",2,2,0
625320,"Action,Casual,Indie,Simulation",6,4,2
1449200,Adventure,697,635,62
575080,"Action,Indie",1,0,1
630230,"Action,Adventure,RPG,Simulation",0,0,0
1380840,"Adventure,Casual,Indie,RPG",5,5,0
686550,"Action,Casual,Indie,Simulation,Strategy",16,7,9
1789160,"Design & Illustration,Photo Editing,Utilities,Video Production,Game Development",2,1,1
786490,"Action,Casual,Free to Play,Indie,Simulation",0,0,0
1137670,Action,1,0,1
974920,"Action,Adventure,Casual,Simulation",2,1,1
764490,"Action,Casual,Indie,Simulation",6,2,4
989080,"Casual,Indie",29,24,5
1232500,"Action,Indie",4,3,1
1373810,"Action,Free to Play,Simulation",2,0,2
1138190,"Free to Play,Indie,Massively Multiplayer,Sports",0,0,0
1422220,"Casual,Indie",7,7,0
1581040,Action,94,85,9
1655890,Adventure,26,26,0
762100,Adventure,1,1,0
1874720,"Casual,Indie",73,63,10
527240,"Casual,Indie",35,18,17
1795750,"Action,Adventure,Indie,RPG,Strategy,Early Access",21,17,4
385360,"Indie,Strategy",47,30,17
1398860,Action,0,0,0
1770440,"Simulation,Early Access",5,5,0
643970,"Action,Adventure,Indie",12,8,4
1664060,"Free to Play,Indie,RPG,Early Access",0,0,0
1758110,Indie,1,1,0
1689020,"Action,Adventure,Indie",1,0,1
1931960,"Casual,Free to Play,Simulation,Strategy",0,0,0
2017870,"Indie,Strategy",0,0,0
529520,"Action,Indie,Sports",501,474,27
1093900,"Adventure,Indie,RPG",0,0,0
1620100,"Action,Free to Play,Indie",0,0,0
544600,"Adventure,Casual,Indie",44,38,6
737260,"Violent,Gore,Simulation,Early Access",21,7,14
912170,"Software Training,Utilities",17,15,2
510850,Simulation,48,31,17
898450,"Action,Indie",86,80,6
1745650,"Casual,Indie,Simulation",0,0,0
1234560,"Action,Indie",0,0,0
212390,"Action,Free to Play,Massively Multiplayer,RPG",5,2,3
435300,"Adventure,Casual,Indie",597,565,32
1260860,"Action,Indie",4,2,2
840440,"Sexual Content,Action,Adventure,Indie,Racing,Simulation,Sports",5,5,0
1124300,Strategy,8637,5940,2697
1531620,Action,32,32,0
715470,"Adventure,Indie",3,1,2
1853190,"Adventure,Indie",0,0,0
1959440,"Action,Adventure,Casual,Indie",1,0,1
1327030,"Casual,Utilities",0,0,0
564330,"Action,Strategy",4,4,0
2015110,"Casual,Indie",0,0,0
1474200,"Indie,RPG",33,29,4
1854280,"Indie,RPG",0,0,0
726200,"Adventure,Casual,Indie",112,90,22
1531010,"Action,Casual,Indie,Simulation,Early Access",15,14,1
1150230,"Design & Illustration,Education",0,0,0
711320,"Action,Adventure,Casual,Indie,Simulation",14,8,6
1927020,"Adventure,Casual,Indie",5,5,0
912580,"Action,Indie",1,1,0
862490,"Adventure,Casual,Indie,RPG,Early Access",1,1,0
622670,"Adventure,Indie,RPG,Strategy",7,6,1
1325520,"Action,Adventure,Indie",9,7,2
449310,"Action,Indie",3,2,1
1377970,RPG,1,1,0
1553210,"Action,Adventure,Indie,Strategy",0,0,0
326460,"Action,Casual,Indie,Massively Multiplayer,Strategy",14931,13986,945
1428820,"Casual,Indie,Simulation,Sports",118,102,16
1981710,"Action,Adventure,Free to Play",0,0,0
1822900,"Adventure,Casual,Indie,RPG",10,10,0
977490,"Casual,Free to Play",1,1,0
319280,"Action,Indie",137,92,45
1133210,Indie,7,6,1
554570,"Adventure,Indie,RPG,Early Access",49,21,28
940700,"Action,Adventure,Indie,Simulation,Sports",1,1,0
1068910,"Action,Indie",5,4,1
1583530,"Action,Adventure,Casual,Indie",2,1,1
568200,"Casual,Indie",11,10,1
1073410,"Action,Casual,Indie,Simulation,Sports",9,6,3
623810,"Adventure,Casual,Indie",43,31,12
1543990,"Adventure,Casual,Indie",3,2,1
864680,"Indie,Simulation",142,123,19
1188490,"Action,Indie",0,0,0
459130,"Casual,Indie,Simulation",21,14,7
393750,"Adventure,Indie",110,75,35
528930,"Casual,Indie",3,1,2
440870,"Adventure,Indie",25,17,8
792040,"Adventure,Indie",202,189,13
1910080,"Action,Indie",0,0,0
1236250,"Adventure,Casual,Indie,RPG,Sports,Strategy",0,0,0
928520,"Indie,RPG,Strategy",106,81,25
1627850,"Action,Adventure,Indie,Early Access",22,18,4
366210,"Casual,Indie,Strategy",17,13,4
1619830,"Adventure,Casual,Indie,Early Access",0,0,0
410840,"Casual,Indie,Simulation",208,151,57
1737760,"Adventure,Casual,Indie",21,21,0
1234700,"Action,Free to Play,Indie",9,8,1
876220,"Action,Indie",8,7,1
1674510,"Adventure,Casual,Indie",0,0,0
1832260,Action,1,1,0
38410,RPG,5443,5112,331
615350,"Adventure,Casual",78,69,9
1273720,"Action,Free to Play,Indie,Strategy",0,0,0
402560,"Casual,Free to Play,Indie,RPG,Simulation,Strategy",81,56,25
893090,"Casual,Indie,Simulation",5,2,3
1371160,"Action,Adventure,Casual,Indie",1,1,0
739360,"Casual,Indie,Strategy",10,8,2
845750,"Action,Adventure,Indie",7,7,0
1116590,"Action,Casual,Indie,Early Access",8,4,4
753920,"Violent,Action,Indie,Simulation",8,3,5
1792820,"Action,Adventure,RPG",18,14,4
283680,"Action,Indie",492,435,57
1440940,"Free to Play,Indie",0,0,0
778930,"Action,Indie",35,28,7
679080,"Action,Adventure,Indie,RPG,Strategy,Early Access",3,1,2
1489660,"Casual,Indie,Simulation,Strategy",36,20,16
447570,"Adventure,Free to Play,Indie",5,5,0
1493400,"Adventure,Casual,Indie",3,3,0
823610,"Adventure,Indie,RPG,Strategy",106,76,30
1675270,"Casual,Indie",12,12,0
615120,"Action,Indie",1229,1202,27
1565850,"Casual,Indie",0,0,0
1140620,"Action,Free to Play,Massively Multiplayer,RPG",0,0,0
935840,"Free to Play,Indie,Simulation,Strategy",0,0,0
1394830,"Adventure,Indie",14,11,3
2061260,"Adventure,Indie",4,4,0
1375000,"Adventure,Casual",0,0,0
1049720,"Action,Indie",1,1,0
1970730,"Action,Casual,Indie,Racing,Sports",0,0,0
1939140,"Action,Adventure,Casual,Indie,Early Access",0,0,0
113020,"Action,Adventure,Casual,Indie,Strategy",2496,2307,189
1151770,"Adventure,Indie,RPG",2,1,1
1824760,"Casual,Indie",1,1,0
925470,"Adventure,Indie,RPG",40,25,15
463670,"Action,Adventure,Casual,RPG",9,5,4
1835220,"Action,Indie",1,0,1
1051850,"Action,Adventure,Indie,RPG,Simulation,Strategy,Early Access",24,14,10
1303210,"Casual,Indie",0,0,0
1757470,Casual,9,8,1
621810,"Action,Adventure,Indie,RPG,Strategy",132,115,17
1591910,"Adventure,Casual,Indie",0,0,0
1455590,"Action,Adventure,Free to Play,Indie,RPG",0,0,0
1384460,Indie,1,1,0
1380320,"Action,Adventure,Indie,RPG,Early Access",0,0,0
707610,"Adventure,Casual,Indie,Sports,Strategy",8,5,3
699760,"Sexual Content,Nudity,Casual,Indie",13,4,9
246090,"Indie,Simulation,Strategy",2762,457,2305
1775470,"Adventure,Indie",8,8,0
1411090,"Action,Adventure,Early Access",0,0,0
366290,"Simulation,Sports",77,47,30
711310,"Action,Adventure,Casual,Indie",1,0,1
286660,"Action,Indie",82,71,11
1642460,"Action,Casual",2,1,1
602040,"Casual,Indie",0,0,0
852920,"Action,Adventure,Indie,Early Access",1,1,0
9960,Adventure,16,7,9
681390,"Action,Indie,RPG",433,371,62
259080,"Action,Adventure",40,39,1
1801200,"Casual,Indie",0,0,0
347820,"Action,Indie,Racing",20,14,6
1505450,"Action,Adventure,Casual",3,3,0
1988880,Casual,39,22,17
418060,"Action,Casual,Indie,Racing,Simulation",40,27,13
840140,"Action,Adventure,Massively Multiplayer,RPG",160,57,103
899530,"Action,Adventure,Casual,Free to Play,Indie",0,0,0
1450190,"Action,Casual,Indie,Racing",1,0,1
852750,"Adventure,Casual,Indie",0,0,0
1827720,"Casual,Indie,Strategy",0,0,0
1628930,Casual,1,1,0
786080,"Adventure,Casual",0,0,0
923470,"Action,Adventure,Indie",166,135,31
1054700,"Action,Adventure,Indie,RPG,Early Access",50,39,11
568800,"Action,Adventure,Casual",2,2,0
424370,"Action,Adventure,Indie,RPG",25736,14719,11017
1370430,"Casual,Indie,Racing,Simulation,Strategy",6,2,4
609940,"Casual,Free to Play,Massively Multiplayer,Strategy",0,0,0
1347080,"Casual,Indie,RPG,Simulation",44,37,7
844390,"Action,Adventure,RPG,Simulation,Early Access",57,46,11
1200250,Casual,0,0,0
1762450,"Adventure,Casual",5,4,1
1509340,"Adventure,RPG",0,0,0
1485260,Casual,1,1,0
783260,Early Access,7,4,3
427480,Strategy,35,17,18
1546570,RPG,52,52,0
800520,"Action,Adventure,Indie",1,1,0
1501650,"Action,Indie",15,14,1
1121590,"Action,Adventure,Indie",67,54,13
944250,"Adventure,Casual,Indie,Simulation",415,256,159
527330,"Violent,Action,Adventure",4,2,2
844520,"Action,Casual,Indie,Sports",0,0,0
1310970,"Action,Indie",21,16,5
793360,"Action,Casual",4,3,1
795950,"Action,Adventure,Indie",3,3,0
1450310,"Casual,Indie",18,18,0
1043800,"Action,Casual,Indie",0,0,0
1782320,"Casual,Indie",4,3,1
1436590,"Action,Adventure,Indie,RPG",372,322,50
299150,Adventure,84,56,28
1968870,"Adventure,Casual,Indie,Simulation,Sports",3,0,3
1156640,"Casual,Indie",2,2,0
1058430,"Indie,RPG",1528,1302,226
1427890,"Action,Indie,Strategy",192,177,15
787860,Simulation,20786,19399,1387
1252810,Action,0,0,0
887890,"Casual,Indie,Strategy",5,5,0
363430,"Action,Casual,Indie,Racing,Simulation,Sports",47,18,29
1303670,"Casual,Indie,Simulation,Strategy",22,21,1
780430,"Casual,Indie",0,0,0
1433010,"Racing,Simulation,Sports,Strategy",55,35,20
1079620,"Action,Indie,Massively Multiplayer,Simulation,Early Access",316,257,59
397840,"Casual,Indie",36,22,14
703100,"Action,Adventure,Indie",0,0,0
1790780,"Action,Adventure,Indie,Strategy",1,1,0
1096340,"Action,Adventure,Indie",1,1,0
24870,Racing,791,548,243
678310,"Casual,Indie,Simulation",69,68,1
1442070,"Casual,Simulation",11,8,3
1267870,Action,16,16,0
698030,Indie,1,0,1
1599220,"Action,Free to Play,Massively Multiplayer,Racing,Strategy",1,0,1
488790,RPG,9782,7841,1941
1394240,"Casual,Free to Play,Indie,RPG,Simulation",0,0,0
1611860,"Adventure,Casual,Indie",2,2,0
918300,"Action,Indie",1,1,0
1081430,Indie,1,1,0
1050540,"Adventure,Indie",5,1,4
354620,"Action,Casual,Indie",58,47,11
2012830,"Action,Adventure,Indie,RPG",0,0,0
1199220,"Adventure,Casual,Indie,RPG",8,5,3
861760,"Sexual Content,Nudity,Adventure,Indie",43,28,15
1292010,"Action,Casual",125,110,15
684050,Casual,147,120,27
1508920,"Adventure,Casual,Indie,RPG",1,1,0
687420,"Action,Adventure,Indie",0,0,0
1544580,Simulation,12,9,3
790760,"Casual,Indie",4,2,2
865640,"Casual,Indie,Strategy,Early Access",0,0,0
1374740,"Adventure,Indie,Simulation",9,0,9
805690,"Casual,Indie",1,0,1
766730,"Sexual Content,Nudity,Violent,Gore,Action,Adventure,Indie",94,88,6
1638520,"Action,Casual,Indie,Racing,Simulation,Sports",27,19,8
500180,"Action,Adventure,Casual,Indie,RPG",2,2,0
349150,"Action,Indie,Early Access",3,2,1
1131580,"Action,Adventure,Indie",1,1,0
1047910,"Action,Free to Play,Indie",0,0,0
1528470,"Indie,Strategy,Early Access",6,4,2
1478480,"Action,Indie",2,2,0
1540430,"Action,Adventure,RPG",6,6,0
906740,"Action,Adventure,Indie,Simulation,Strategy",84,59,25
343020,"Action,Indie",1,1,0
587430,Adventure,1384,1314,70
798710,"Action,Adventure,Casual,Indie",8,2,6
1264800,"Action,Casual,Indie,Strategy",3,1,2
1264230,"Indie,Strategy",0,0,0
1577570,"Action,Adventure,Casual,Indie",3,3,0
678560,"Indie,RPG",23,21,2
1031320,Adventure,2,2,0
1364460,Adventure,1,1,0
863310,"Action,Adventure",2,2,0
1560260,"Action,Adventure,Casual,Free to Play,Indie",0,0,0
317580,Casual,16,9,7
1234830,"Casual,Indie,Strategy",13,11,2
1050350,"Casual,Sports",4,1,3
371570,"Action,Adventure,Casual,Indie,RPG",159,100,59
549220,"Adventure,Casual",1,1,0
664160,"Casual,Indie",3,3,0
458520,"Action,Adventure,Indie",29,22,7
1143710,"Adventure,Indie",6,5,1
328640,"Action,Adventure,Indie",11,5,6
505700,"Adventure,Casual,Indie,Massively Multiplayer",143,138,5
669320,"Casual,Indie,Simulation,Strategy",7,4,3
1410980,"Adventure,Indie,RPG",12,10,2
1142230,"Adventure,Indie",2,2,0
1195830,"Adventure,Casual,Free to Play,RPG",0,0,0
1537970,"Action,Indie",0,0,0
708820,"Action,Adventure,Casual,Indie,RPG,Simulation",44,36,8
761150,"Casual,Indie",0,0,0
1156330,"Casual,Indie,Strategy",0,0,0
1927560,"Action,Casual,Indie",1,1,0
1781050,"Adventure,Casual,Indie,Strategy",3,3,0
251890,"Adventure,Indie,Simulation,Early Access",296,143,153
1959960,"Action,Casual,Free to Play,Indie",0,0,0
1273890,"Adventure,Indie",1,1,0
1405040,"Simulation,Strategy",2,1,1
1274190,"Action,Casual,Indie",1,1,0
428190,"Action,Indie,Racing,Simulation,Sports",91,24,67
642600,"Action,Indie",11,11,0
987990,"Adventure,Casual,Indie,RPG",4,3,1
329680,Simulation,17,11,6
1437980,"Action,Adventure,Indie,RPG,Early Access",0,0,0
733570,"Adventure,Indie,RPG",1,1,0
589870,"Action,Adventure,Casual,Free to Play,Indie,Simulation,Strategy",0,0,0
1656230,"Casual,Indie",0,0,0
1358540,"Adventure,Casual,Indie",6,5,1
1123000,"Software Training,Utilities",3,2,1
1385050,"Action,Indie",1,1,0
1363980,"Action,Adventure,Indie,Early Access",5,5,0
841800,"Violent,Action,Indie,Simulation",3,1,2
1184820,"Adventure,Indie,RPG,Strategy,Early Access",282,261,21
1875710,"Action,Adventure,Casual,Indie,RPG,Strategy",0,0,0
718830,RPG,4,2,2
432980,"Action,Casual,Indie,Strategy",109,101,8
1035600,"Action,Indie,Massively Multiplayer,Early Access",1,0,1
513310,"Action,Casual,Indie,Sports,Early Access",0,0,0
1290710,"Action,Adventure,Indie",117,98,19
1714640,Casual,0,0,0
454830,"Casual,Simulation,Sports",5,5,0
837190,"Action,Adventure,Indie",33,30,3
1145680,"Action,Casual",2,2,0
1434620,Indie,1,0,1
694150,"Action,Casual,Indie",3,2,1
646470,"Casual,Indie,Strategy",35,27,8
1854580,"Adventure,Indie",3,2,1
373880,"Action,Indie",7,2,5
722250,"Casual,Indie",36,25,11
761130,"Action,Casual,Indie",0,0,0
496810,Action,499,422,77
996450,"Adventure,Indie,RPG",20,17,3
584890,"Action,Casual,Indie",58,35,23
771710,"Action,Adventure,Indie,Simulation",36,25,11
531200,"Adventure,Casual,Free to Play,Indie",2,1,1
971640,Casual,1,1,0
1487730,"Casual,Indie,Racing",0,0,0
753060,"Casual,Free to Play,Early Access",0,0,0
299440,"Action,Indie,Strategy",10,9,1
1695830,"Action,RPG",430,365,65
1060550,"Action,Indie,Simulation",2,2,0
439420,"Adventure,Casual,Indie",7,3,4
1570080,"Action,Adventure,Indie",0,0,0
1074900,Software Training,4,2,2
42147,"Adventure,Casual,Indie",0,0,0
1680690,"Casual,Indie,RPG",3,3,0
1012360,"Action,Indie,Strategy",1,1,0
306000,"Action,Adventure,Casual,Indie",17,12,5
1272470,"Action,Adventure,Indie,RPG",0,0,0
1283880,"Casual,Indie",1,0,1
551330,"Adventure,Casual",0,0,0
18500,"Indie,Strategy",2892,2802,90
629040,"Indie,Simulation",23,17,6
1144020,"Indie,Simulation,Strategy",355,345,10
1460710,"Adventure,Casual,Indie,Simulation,Sports",1,0,1
544400,"Violent,Action,Indie",13,13,0
1172140,"Free to Play,Simulation,Strategy",0,0,0
411980,"Action,Adventure,Indie",131,117,14
886010,"Action,Adventure,Casual,Indie",4,2,2
723910,"Adventure,Casual",1,1,0
552210,"Action,Casual,Indie",0,0,0
1542870,"Action,Casual,Indie",1,1,0
1755970,"Action,Indie",0,0,0
1370820,"Action,Adventure,Casual,Indie,Simulation,Strategy",4,3,1
1117160,"Free to Play,Indie,Massively Multiplayer,Simulation,Strategy,Early Access",0,0,0
1134260,"Free to Play,Indie,Strategy",0,0,0
1804870,"Action,Adventure,Indie",1,0,1
334830,"Action,Indie",23,12,11
1069720,Casual,0,0,0
1584660,Simulation,0,0,0
1510040,"Adventure,Casual,Indie",3,3,0
1637610,"Adventure,Casual,Indie",0,0,0
362610,"Indie,Racing",4,3,1
1180530,"Action,Free to Play,RPG,Strategy",0,0,0
1443810,"Action,Indie",1,1,0
738500,"Action,Adventure,Free to Play,Indie,Early Access",0,0,0
805920,"Casual,Indie,RPG",32,24,8
1763150,"Adventure,Casual,Free to Play,Indie",0,0,0
1333330,"Casual,Indie,Simulation",20,13,7
1990300,"Casual,Indie",0,0,0
1258780,"Casual,Free to Play,RPG,Strategy",0,0,0
1682550,"Indie,Early Access",1,1,0
588690,"Casual,Indie,Simulation",260,233,27
1002800,"Action,Indie",3,2,1
1342540,"Casual,Indie",1,1,0
722060,"Indie,Strategy",1380,1295,85
1354750,"Action,Adventure,Indie,Strategy",3,3,0
1403570,"Action,Indie,Early Access",0,0,0
885220,"Action,Adventure,Casual,Indie",1,1,0
557180,"Action,Adventure,Casual,Free to Play,Indie,RPG,Strategy,Early Access",64,56,8
1200140,"Indie,Racing,Simulation",7,5,2
296150,"Action,Indie,Simulation,Sports",36,11,25
462930,"Casual,Free to Play,Indie,Simulation,Strategy,Early Access",112,71,41
1146950,"Casual,Indie,RPG,Simulation",712,672,40
644890,"Action,Adventure,Indie",7,2,5
632020,"Adventure,Casual,Indie,RPG,Strategy",22,19,3
1968880,Casual,0,0,0
222140,"Action,Indie,Simulation",201,139,62
1161800,"Adventure,Casual,Indie",1,1,0
373420,"Adventure,Indie,RPG,Strategy",8120,7070,1050
312600,"RPG,Strategy",63,44,19
685420,"Free to Play,Indie,Strategy,Early Access",0,0,0
443530,"Action,Adventure,Casual,Indie",0,0,0
921530,"Action,Adventure,Casual,Indie,RPG",63,43,20
447820,"Action,Indie,Strategy",9364,8064,1300
1248570,"Casual,Indie,Early Access",1,1,0
1172810,"Simulation,Education",0,0,0
687650,"Indie,RPG,Simulation,Strategy",0,0,0
712910,"Action,Casual,Indie",0,0,0
475630,"Action,Free to Play,Massively Multiplayer,Strategy",20,13,7
1396490,"Casual,Free to Play,Strategy",0,0,0
287600,"Adventure,Casual,Indie,Simulation",93,59,34
1408150,Casual,0,0,0
741140,"Action,Adventure,RPG",223,210,13
1665810,"Casual,Indie,Strategy",2,1,1
736050,"Casual,Indie",1,1,0
988430,"Free to Play,Strategy",0,0,0
1788520,"Casual,Indie,Early Access",2,2,0
1666170,"Action,Adventure,RPG",14,14,0
1859650,"Casual,Indie,Strategy",13,12,1
781490,"Casual,Indie",1,1,0
1178430,"Indie,Sports",2,2,0
1265390,"Adventure,Strategy",6,2,4
956480,"Casual,Indie,Simulation",6,1,5
1479310,Casual,22,22,0
275530,"Action,Strategy",368,246,122
842810,"Adventure,Indie,RPG",75,64,11
1400210,"Action,Casual,Indie,Strategy",8,8,0
1461420,"Casual,Indie,Racing,Simulation",5,4,1
839870,"Adventure,Casual,Indie,Simulation",263,253,10
1407870,Indie,5,4,1
1167350,"Action,Adventure,Casual,Indie",0,0,0
1824810,"Adventure,Casual,Indie,Simulation",0,0,0
1403280,"Action,Casual,Indie,Early Access",53,33,20
420550,"Action,Casual,Indie,Sports",76,50,26
605830,"Violent,Gore,Action,Adventure,Indie",198,179,19
1016740,"Action,RPG",2,0,2
717940,"Action,Adventure,Indie",0,0,0
1362520,"Action,Adventure,Casual,Indie,RPG",6,4,2
1590180,Action,6,4,2
814740,"Action,Adventure,Casual,Indie,Simulation,Strategy,Early Access",354,132,222
371320,"Adventure,Indie,RPG",13,11,2
503290,"Indie,RPG,Simulation",5,3,2
556820,"Free to Play,Indie,Strategy",367,226,141
725380,"Action,Indie",6,6,0
537520,"Adventure,Indie,Simulation,Strategy",45,23,22
587290,Simulation,10,9,1
796950,Indie,0,0,0
859870,"Casual,Indie,Racing",3,2,1
1334980,"Adventure,Casual,Indie",2,2,0
836600,Adventure,9,7,2
1959510,RPG,0,0,0
1061200,"Casual,Indie,Simulation,Strategy",1,1,0
599900,"Violent,Action,Adventure,Casual,Indie,RPG,Simulation,Strategy",22,13,9
1886670,"Indie,Simulation,Education,Software Training,Utilities",0,0,0
1139000,"Adventure,Casual,Indie,RPG,Simulation,Strategy",0,0,0
1397050,"Action,Adventure,Indie",1,1,0
996050,"Indie,Strategy",14,9,5
322750,"Action,Indie,RPG",100,70,30
724690,"Casual,Indie,Strategy",9,5,4
1277510,"Adventure,Strategy",178,159,19
1241040,"Action,Adventure,Indie,RPG",160,114,46
650680,"Casual,Indie",18,16,2
754000,"Action,Indie",0,0,0
812840,Adventure,148,143,5
1594410,"Adventure,Free to Play,Indie",0,0,0
1633020,"Action,Simulation,Early Access",3,2,1
1307200,"Action,Adventure,Free to Play,Indie",0,0,0
1117330,"Action,Casual,Indie",3,1,2
1457140,"Action,Casual,Free to Play,Indie,Strategy",0,0,0
214590,"Action,Indie",333,303,30
323040,Indie,48,38,10
978300,"Action,Adventure",878,521,357
875510,"Action,Adventure,Indie",4,3,1
1784570,Simulation,22,11,11
1335400,"Action,Indie",1,1,0
690850,"Action,Adventure,Indie,Strategy",2,2,0
1017160,"Action,Racing",30,25,5
911210,"Action,Adventure,Indie",4,1,3
1095750,"Adventure,Indie",6,5,1
1191450,"Casual,Indie",0,0,0
71115,"Action,Simulation",4,2,2
2022120,"Free to Play,Indie,Strategy",0,0,0
1399600,"Action,Adventure,Indie,Simulation,Early Access",1,1,0
345130,"Action,Casual,Indie",15,12,3
1547780,"Indie,RPG",0,0,0
661430,"Casual,Indie",172,154,18
1006700,"Indie,Racing,Simulation,Sports",14,8,6
1855030,"Action,Casual,Indie",4,4,0
340300,"Adventure,Casual,Indie",228,199,29
1220930,"Adventure,Free to Play,Indie",0,0,0
1502620,"Action,Free to Play,Indie",0,0,0
1589890,Simulation,0,0,0
1265360,"Casual,Simulation,Sports,Strategy",13,11,2
606890,"Action,Adventure,RPG,Strategy",95,70,25
1493950,Action,4,3,1
1310050,Indie,7,4,3
80000,"Action,Indie,Strategy",86,18,68
586560,"Design & Illustration,Photo Editing,Utilities",2,2,0
1078800,Simulation,0,0,0
1442480,"Casual,Indie",18,12,6
1397290,"Indie,Simulation",94,71,23
1173830,"Casual,Indie",63,62,1
497050,"Casual,Indie",24,12,12
1611140,"Indie,Strategy",2,2,0
1957880,Adventure,4,4,0
242720,"Action,Free to Play,Indie",29,23,6
26800,"Casual,Indie,Strategy",2983,2741,242
853110,"Casual,Indie",21,18,3
421620,Indie,7,4,3
911510,"Adventure,Indie",31,10,21
503130,"Action,Adventure,Casual,Indie,Strategy",7,6,1
293720,"Action,Indie",14,2,12
1752190,"Casual,Indie",1,1,0
722570,"Violent,Action,Casual",7,3,4
839500,"Action,Indie,RPG,Strategy",0,0,0
1936180,"Action,Adventure,Casual,Indie,Massively Multiplayer,Racing,RPG,Simulation,Sports,Early Access",0,0,0
343170,"Action,Indie",6,2,4
1213700,"Adventure,Casual,Indie",999,883,116
243930,"Action,RPG",1321,844,477
1403590,"RPG,Simulation,Strategy,Early Access",0,0,0
962730,"Action,Indie,Simulation,Sports",11391,9616,1775
1673740,"Casual,Free to Play,Indie,Simulation,Strategy",0,0,0
1878350,"Adventure,Indie,RPG",5,4,1
974310,"Action,Adventure,Indie,RPG",6,4,2
2010790,Adventure,1,1,0
1730390,"Action,Adventure,Indie",1,1,0
218090,"Indie,Strategy",503,390,113
1372580,Indie,0,0,0
1227530,"Indie,Strategy",1117,884,233
949050,Simulation,0,0,0
1654680,"Action,Indie",2,1,1
490220,"Free to Play,Indie,Simulation,Strategy,Early Access",93,86,7
652410,"Action,Adventure,Indie,RPG,Simulation,Strategy",229,220,9
1864620,"Casual,Indie",2,1,1
371660,"Action,Adventure",8841,7452,1389
2060530,"Casual,Indie",0,0,0
1234340,"Casual,Indie",0,0,0
1216480,Casual,0,0,0
1153330,"Casual,Indie",2,2,0
823100,"Action,Adventure,Indie",7,5,2
950700,"Adventure,Casual,Indie,Simulation",41,26,15
750360,"Adventure,Free to Play",0,0,0
1565680,"Adventure,Indie",4,3,1
251110,"Adventure,Indie",1454,1286,168
513560,"Action,Adventure,Free to Play,Indie,RPG,Strategy",38,20,18
1841590,Indie,0,0,0
1563010,Casual,13,13,0
1419480,"Casual,Indie",21,20,1
1191840,"Casual,Indie,Strategy",42,33,9
803150,"Adventure,Casual",65,55,10
1886170,"Action,Adventure,Early Access",3,0,3
381560,"Casual,Free to Play,Strategy",3,3,0
317380,"Indie,Strategy",25,18,7
1002440,"Indie,Strategy",5,2,3
1892790,"Casual,Indie,Strategy",16,15,1
1696820,"Action,Free to Play,Indie",0,0,0
702670,"Adventure,Casual,Indie",3954,3515,439
1089090,Action,2148,2013,135
1623390,"Casual,Indie",31,18,13
1885980,"Adventure,Indie,Massively Multiplayer,Simulation,Early Access",3,2,1
1912340,"Casual,Simulation",9,8,1
938560,"Adventure,Indie",950,836,114
1465400,RPG,1,1,0
1298820,"Casual,Indie,Simulation,Early Access",15,7,8
693430,"Violent,Gore,Action,Casual,Indie,Early Access",1,0,1
557570,Indie,22,22,0
952400,"Action,Adventure,Casual,Indie",11,8,3
1013710,"Indie,Simulation,Sports",16,9,7
1198290,"Action,Casual,Sports,Early Access",13,13,0
1186100,"Action,Early Access",5,4,1
220,Action,50510,49047,1463
748930,"Action,Indie,Strategy",6,3,3
684270,"Indie,Simulation",173,157,16
442230,Education,0,0,0
1903730,Adventure,36,32,4
843380,"Action,Adventure,Casual,Free to Play,Indie,Massively Multiplayer",3043,2927,116
1666830,"Adventure,Casual,Indie",0,0,0
888400,"Violent,Action,Adventure,Indie,Massively Multiplayer,RPG,Simulation,Strategy",3,0,3
932850,"Indie,Simulation",594,506,88
1771430,Casual,9,9,0
1698870,"Action,Adventure,Indie,RPG,Early Access",1,1,0
795320,"Action,Adventure,Indie,Simulation",2,1,1
1991990,"Casual,Indie",0,0,0
1440730,Indie,0,0,0
307590,"Action,Indie",35,33,2
378770,Action,121,116,5
1250040,Indie,0,0,0
508630,"Action,Casual,Indie",7,5,2
1856900,Action,19,18,1
649670,"Action,Adventure,Indie",15,8,7
362890,"Action,Adventure,Indie",44450,42421,2029
1287750,"Indie,Simulation",15,10,5
720000,"Indie,Strategy",5,3,2
807140,"Indie,Simulation",5,4,1
1754750,"Casual,Indie,Racing,Sports,Early Access",3,3,0
356260,Strategy,113,96,17
701910,"Casual,Indie",5,4,1
1671350,"Action,Casual,Indie,RPG,Strategy",57,52,5
479000,"Action,Indie",31,24,7
1217610,"Casual,Indie,Simulation,Sports",11,6,5
257830,"Adventure,Indie",245,134,111
575940,"Indie,RPG",80,70,10
575360,"Action,Indie",4,3,1
713340,"Action,Adventure,Indie,Strategy",1,1,0
858940,Casual,78,78,0
1003260,Action,0,0,0
1431180,Indie,2,1,1
259470,Indie,21,17,4
1394320,"Adventure,Casual,Indie",15,14,1
805420,"Casual,Indie",2,2,0
1001550,"Indie,Simulation",0,0,0
1695400,"Casual,Simulation,Strategy",3,3,0
31860,Adventure,122,110,12
1409610,"Casual,Free to Play,Indie",0,0,0
492610,"Action,Adventure,Casual,Indie,RPG",9,3,6
15200,Simulation,500,360,140
1035990,"Casual,Indie",561,555,6
565630,"Adventure,Casual",8,8,0
1381030,"Action,Adventure,Early Access",0,0,0
1463020,"Action,Simulation,Early Access",6,4,2
765850,Adventure,11,11,0
669310,"Indie,RPG",3,3,0
456660,Casual,8,4,4
890920,"Adventure,Casual,Free to Play,Indie,Strategy",0,0,0
319430,"Action,Adventure,Indie,RPG",17,5,12
577490,Strategy,23,22,1
1171570,"Action,Adventure,Casual,Indie",3,3,0
726760,"Nudity,Adventure,Casual,Indie",23,12,11
298520,"Action,Indie,Simulation",599,494,105
1703480,"Action,Adventure,Casual,Indie",1,1,0
967970,"Casual,Indie,Strategy",1,1,0
1271510,"Action,Adventure,Indie",2,1,1
669740,"Action,Casual,Indie",3,3,0
389510,"Action,Casual,Indie,Racing,Simulation,Sports",1300,1230,70
1159360,Indie,1,1,0
1766690,Indie,0,0,0
567140,Casual,35,30,5
1150820,"Action,Indie,Strategy,Early Access",5,3,2
555920,"Action,Adventure,Indie",25,3,22
1849200,"Casual,Indie,RPG",5,3,2
853250,"Adventure,Casual,Free to Play,Indie,RPG",0,0,0
1133300,"Action,Indie",15,15,0
1484800,"Action,Free to Play,Indie,Strategy",0,0,0
898800,"Indie,Simulation,Strategy",121,107,14
6550,Action,1025,496,529
1512790,"Adventure,Casual,Indie",7,3,4
1458420,"Action,Casual,Free to Play,Early Access",0,0,0
1583450,"Action,Adventure,Indie",3,3,0
748520,"Action,Casual,Indie",2,0,2
698540,"Indie,Strategy",389,359,30
1151500,"Action,Casual,Indie",2,2,0
312900,"Action,Casual,Indie",36,23,13
1235570,"Action,Adventure",2,2,0
220090,"Adventure,Indie",487,426,61
435230,"Simulation,Early Access",12,5,7
491110,"Action,Casual,Indie,Racing",4,4,0
674480,"Action,Adventure,Indie,RPG,Strategy,Early Access",3,1,2
1357860,"RPG,Simulation,Strategy",309,295,14
974520,"Indie,Massively Multiplayer,RPG",0,0,0
1331460,"Action,Casual,Indie",0,0,0
1242910,"Adventure,Casual,Indie,Simulation",21,12,9
1558330,"Action,Adventure,Early Access",1,0,1
1422780,"Casual,Indie,Strategy",4,4,0
1049530,"Action,Casual,Indie",9,8,1
1111830,"Casual,Indie,RPG,Simulation",39,27,12
1189080,"Adventure,RPG",6,3,3
1932330,"Casual,Indie,Racing",0,0,0
358770,"Casual,Indie",115,98,17
598150,"Audio Production,Early Access",0,0,0
1336690,"Action,Casual,Indie,Simulation",0,0,0
1464320,"Action,Adventure,Indie,Racing,Simulation",4,1,3
729960,"Adventure,Casual",1,1,0
641590,"Action,Casual,Indie,Simulation,Strategy",2,1,1
1060810,"Action,Adventure,Indie,RPG,Early Access",2,2,0
760710,Utilities,4,2,2
1112230,"Adventure,Indie,Strategy",1,1,0
727790,Action,7,6,1
1397160,"Action,Adventure,Casual,Indie,RPG",0,0,0
1332690,"Action,Indie",0,0,0
1630520,"Action,Adventure,Indie,RPG,Simulation,Early Access",4,3,1
1238470,"Casual,Indie,Simulation,Strategy",0,0,0
628950,"Adventure,Casual,Indie",132,87,45
270950,"Casual,Simulation",150,114,36
1060570,"Adventure,Casual,Indie,RPG,Simulation,Strategy",9,7,2
654110,"Action,Casual",0,0,0
1091200,"Casual,Indie,Simulation",17,11,6
1293370,"Indie,Simulation",0,0,0
562040,"Action,Simulation,Strategy",0,0,0
1593180,"Casual,Simulation,Sports,Strategy",14,10,4
1797710,"Action,Adventure,Casual,Indie,RPG",5,4,1
688380,"Indie,RPG",14,12,2
1206660,"Adventure,Indie,RPG",2,1,1
1909150,"Adventure,Casual,Indie,Early Access",5,5,0
1458680,"Casual,Utilities",15,8,7
1672830,"Casual,Indie,Simulation,Strategy,Early Access",0,0,0
1604000,"Casual,Indie",2458,2415,43
434490,"Action,Indie",6,6,0
1094540,"Action,Adventure,Indie,Simulation,Strategy",74,54,20
365270,"Free to Play,Indie,RPG,Strategy",0,0,0
1193520,"Action,Adventure,Indie",2,1,1
1074070,"Adventure,Indie,RPG,Simulation,Strategy",169,138,31
1746870,"Free to Play,Indie",0,0,0
1172220,"Action,Indie",1,1,0
880200,"Action,Adventure,Casual,Indie,Racing,RPG,Simulation,Sports,Strategy,Early Access",7,2,5
623170,"Casual,Indie,Strategy",21,18,3
1367130,"Action,Adventure,Casual,Indie",1,1,0
1869990,Indie,0,0,0
938170,"Action,Indie",3,3,0
651940,"Action,Indie",0,0,0
1237690,"Action,Free to Play,Indie,Massively Multiplayer",0,0,0
528120,"Adventure,Casual",55,48,7
1256040,"Adventure,Indie",6,6,0
1158840,"Adventure,Casual,Indie,RPG",2,2,0
1623870,"Action,Indie",1,0,1
873270,"Indie,Racing,Early Access",242,230,12
840050,"Adventure,Indie,Simulation",3,2,1
1137870,"Action,Free to Play",0,0,0
621150,RPG,10,5,5
1854890,"Action,Adventure,Indie,Simulation",2,0,2
1138010,Action,0,0,0
1694160,"Casual,Free to Play,Early Access",0,0,0
857740,"Action,Free to Play,Indie,Racing",2,2,0
801890,"Casual,Indie,Racing",4,3,1
842780,"Indie,Simulation,Strategy,Early Access",354,328,26
748830,"Action,Casual,Indie,Simulation,Sports",0,0,0
1418680,Casual,17,14,3
1248740,Casual,2,2,0
579210,"Violent,Action,Adventure",8,3,5
908020,"Casual,Indie,Strategy",2,2,0
995460,"Casual,Indie,Simulation",83,81,2
1701140,"Adventure,Casual,Indie,Strategy",34,29,5
1739360,"Casual,Indie",0,0,0
1032790,"Indie,Strategy",55,47,8
325160,"Adventure,Indie",33,31,2
450850,"Indie,Strategy",30,15,15
536630,"Adventure,Indie",10,3,7
743070,"Casual,Indie,Sports",1,1,0
1299660,"Action,Indie",0,0,0
1081240,"Action,Adventure,Casual,Indie,Strategy",4,3,1
1343990,Indie,8,7,1
1100350,"Action,Casual,Indie",12,9,3
265550,Action,4440,3243,1197
360640,"Casual,Strategy",522,464,58
1521820,"Action,Indie,Racing,Early Access",0,0,0
1161200,"Adventure,Indie,RPG",0,0,0
505220,"Action,Casual,Simulation,Sports",7,4,3
1573790,"Adventure,Casual,Indie,RPG,Simulation",20,13,7
1254820,"Action,Casual,Indie",1,0,1
392280,"Adventure,Indie",149,82,67
828240,"Adventure,Indie,Early Access",17,16,1
1298320,"Action,Indie",3,3,0
872750,"Adventure,Indie",129,114,15
1792610,"Adventure,Casual,Free to Play,Indie",0,0,0
961540,"Indie,Simulation,Strategy,Early Access",0,0,0
500120,"Action,Indie",3,2,1
1920450,"Casual,Indie",8,6,2
908310,"Action,Adventure,Casual,Indie",5,2,3
1869090,"Action,Adventure,Casual,Indie,RPG,Simulation",1,1,0
294720,Casual,38,34,4
531270,"Action,Indie",260,181,79
1093370,Indie,6,5,1
374150,"Indie,Simulation,Strategy",19,13,6
954760,"Casual,Indie",0,0,0
1188970,"Action,Adventure,Indie",129,94,35
1610700,"Casual,Indie",2,2,0
1087320,Education,0,0,0
264200,"Action,Casual,Indie",8880,8719,161
1173940,"Action,Indie",31,30,1
359420,"Adventure,Casual,Indie",39,39,0
1720560,"Adventure,Casual,Indie",60,51,9
1737480,Action,3,1,2
1215320,"Action,Adventure,Casual,Indie,Simulation",29,27,2
583150,"Casual,Racing,Sports",19,14,5
575090,"Indie,Strategy",9,5,4
407120,"Free to Play,Indie,Sports,Strategy",1,1,0
691150,"Sexual Content,Nudity,Casual",70,64,6
1921390,"Casual,Indie,Early Access",15,14,1
1476850,"Adventure,Indie,RPG",2,1,1
773580,"Casual,Indie,Simulation,Strategy",272,241,31
298140,"Adventure,Indie",54,38,16
451350,Casual,6,3,3
990050,"Action,Adventure,RPG",357,281,76
969700,"Adventure,Indie",175,169,6
658050,RPG,38,37,1
789750,"Casual,Indie",17,13,4
1502060,"Action,Casual,Strategy",5,4,1
1994230,"Adventure,Free to Play,Indie",0,0,0
700750,Casual,11,6,5
1463840,"Action,Indie",5,4,1
1083460,"Action,Indie,Strategy",5,5,0
41660,"Action,Adventure,Indie",8,4,4
434190,"Action,Adventure,Indie",42,29,13
1258340,"Adventure,Indie",80,74,6
660290,"Action,Adventure,Indie",12,6,6
983670,"Action,Adventure,Indie,RPG",23,12,11
1371480,"Action,Indie,Strategy,Early Access",147,98,49
558340,"Adventure,Casual",24,16,8
1947210,"Casual,Indie",0,0,0
933390,Free to Play,0,0,0
1603970,"Adventure,Casual,Indie",0,0,0
760320,"Action,Adventure,Indie,RPG",11,7,4
1194480,"Action,Adventure,Casual,Indie",11,11,0
251270,"Adventure,Indie,RPG",755,680,75
1150800,"Action,Casual,Indie",1,1,0
1469090,"Action,Casual,Indie",0,0,0
652900,Action,0,0,0
732240,"Indie,RPG,Simulation",416,311,105
1766150,"Casual,Simulation",6,6,0
1526220,"Action,Indie",1,1,0
1777930,"Adventure,Casual,Indie",4,2,2
883680,Strategy,1,1,0
813030,RPG,12,9,3
1924370,"Indie,Simulation",0,0,0
314280,"Action,Adventure,Free to Play,Indie",15,9,6
783400,"Action,Adventure,Indie",0,0,0
883070,"Adventure,Indie",99,86,13
1482620,"Casual,Free to Play,Sports,Early Access",0,0,0
1099140,Indie,2,1,1
1135210,Indie,6,2,4
1196550,Casual,1,1,0
1738650,"Casual,Indie",1,1,0
970600,"Adventure,Indie,RPG,Simulation",29,19,10
416250,"Adventure,Indie",29,23,6
841790,"Casual,Indie",2,1,1
342870,"Action,Adventure,Indie,Racing,Simulation,Sports,Early Access",12,6,6
848700,Free to Play,0,0,0
1538340,"Action,Indie",7,7,0
914130,"Indie,Simulation,Early Access",9,2,7
1662990,"Action,Adventure,Casual,Indie,Strategy",1,1,0
894070,"Indie,Simulation",6,3,3
1815050,"Casual,Indie",0,0,0
421890,"Action,Casual,Simulation",17,6,11
1666320,"Casual,Indie,Strategy",4,4,0
1495400,"Indie,RPG,Strategy",0,0,0
840690,"Indie,Racing",11,9,2
1212940,Indie,205,172,33
1050080,"Action,Adventure,Casual,Indie,Simulation,Early Access",1,0,1
25850,"RPG,Strategy",61,46,15
761440,"Adventure,Casual,Indie",4,2,2
517100,"Action,Adventure,Casual",13,10,3
871220,"Action,Adventure,Casual,Indie,RPG,Early Access",0,0,0
914850,"Casual,Indie",55,46,9
1150720,"Simulation,Strategy",217,202,15
708720,"Action,Free to Play,Sports,Early Access",0,0,0
1040860,"Indie,RPG",6,3,3
415960,"Casual,Indie",28,22,6
848710,"Casual,Indie,Strategy",5,3,2
1138900,"Adventure,Casual,Indie,RPG,Strategy",0,0,0
1204490,"Adventure,Casual,Indie,RPG,Simulation,Strategy",0,0,0
783270,"Action,Indie",1,1,0
558050,"Action,Adventure,Casual,Indie,Strategy",3,1,2
935120,"Free to Play,Indie,Early Access",0,0,0
1098840,Indie,0,0,0
690980,"Action,Free to Play,Indie,Early Access",0,0,0
1589830,"RPG,Simulation,Strategy,Early Access",0,0,0
770630,"Action,Indie",7,7,0
440380,"Action,Indie",3,3,0
530020,"Action,Adventure,Indie,RPG",67,49,18
733030,"Casual,Indie",4,2,2
658210,"Casual,Indie",3,3,0
664080,"Casual,Indie",1,0,1
1299990,"Adventure,Indie",0,0,0
301760,"Action,Adventure,Racing",115,71,44
450760,"Action,Adventure,Indie,Early Access",7,7,0
1008370,"Action,Adventure,Indie",1,1,0
911690,"Adventure,Casual,Indie",2,2,0
331920,Simulation,196,147,49
563910,"Adventure,Casual,Indie,RPG,Strategy",3,2,1
1825990,"Action,Adventure,Indie",3,0,3
1628480,"Action,Adventure,Casual,Indie,Strategy",3,2,1
491130,"Action,Adventure,Free to Play,Indie",16,14,2
463180,"Action,Casual,Indie",8,5,3
95400,"Action,Adventure,Indie",1027,952,75
1232810,"Action,Casual,Indie",30,29,1
1684670,"Casual,Indie,Racing,Simulation,Early Access",95,85,10
1381280,"Casual,Indie",2,2,0
343370,"Indie,RPG",94,89,5
1615380,"Action,Free to Play",0,0,0
1259890,"Adventure,Simulation,Strategy",6,6,0
506470,"Action,Indie",5,4,1
747660,"Action,Adventure,Indie",22696,18843,3853
1052150,"Action,Casual,Indie",0,0,0
739210,"Casual,Indie",19,17,2
17710,"Action,Strategy",920,710,210
506930,"Casual,Indie",9,4,5
548680,"Action,Indie",55,49,6
1807920,"Casual,Indie",0,0,0
652230,"Adventure,Casual,Indie,Racing,Simulation,Sports",4,0,4
778780,"Action,Adventure,Casual,Indie,Strategy",4,4,0
1322310,Action,29,25,4
1383220,"Action,Adventure,Casual,Indie,Simulation",1,1,0
1397830,"Action,Free to Play,Early Access",0,0,0
1725850,"Casual,Indie",14,10,4
748480,Casual,40,31,9
1498790,"Adventure,Indie",2,2,0
667170,"Action,Indie",7,1,6
1037430,"Action,Casual,Indie,Early Access",1,1,0
1378850,"Action,Adventure,Casual,Indie",3,1,2
289260,Adventure,38,31,7
657200,Simulation,9201,7715,1486
436490,"Adventure,Indie",137,105,32
1142030,"Casual,Indie,RPG,Strategy",5,4,1
356460,"Action,Indie,Racing",16,12,4
1408860,"Adventure,Casual,Indie",41,33,8
1485340,"Action,Adventure,Indie",24,22,2
547880,"Action,Indie,Strategy",5,4,1
1822470,"Casual,Strategy",0,0,0
1739010,"Indie,Simulation,Sports,Strategy",371,320,51
1336960,Casual,2,1,1
1055540,"Adventure,Indie",6599,6547,52
1181000,"Action,Indie",87,83,4
1031290,"Adventure,Casual,Indie,Simulation",0,0,0
1607200,"Adventure,Casual",45,44,1
932160,"Adventure,Casual,Indie",14,6,8
1780270,"Indie,Simulation,Strategy",40,32,8
1490680,"Massively Multiplayer,RPG",0,0,0
521330,"Action,Casual,Free to Play,Indie,Sports,Early Access",2,2,0
1893620,Strategy,243,233,10
1632710,Simulation,16,11,5
1553650,"Action,Adventure,Indie,Simulation,Strategy",3,3,0
994900,"Adventure,Casual,Indie",2,2,0
1340160,"Action,Indie,Massively Multiplayer,Strategy",24,13,11
656510,Simulation,67,38,29
937390,"Casual,Indie",1,1,0
1595710,"Action,Indie",92,66,26
612620,"Adventure,Casual,Free to Play,Indie",0,0,0
1108130,"Action,Adventure,Indie,Strategy",0,0,0
614660,"Indie,Strategy",9,5,4
1351980,"Action,Casual,Indie",3,2,1
1247040,"Indie,RPG",4,0,4
1746730,"Casual,Indie,RPG,Strategy",1,0,1
294670,"Adventure,Casual",176,163,13
878540,Simulation,1,0,1
354200,"Action,Adventure,Free to Play,Indie,Massively Multiplayer,RPG",7,3,4
1227780,"Action,Indie,Strategy",816,641,175
1897330,"Action,Casual,Indie",1,0,1
266510,"Action,Indie,RPG",3090,2750,340
1936860,"Action,Adventure,Indie,Early Access",0,0,0
1140630,"Action,Indie",15,8,7
446600,"Adventure,Casual,Indie",71,58,13
1501570,"Action,Adventure,Casual,Indie,RPG,Simulation",170,134,36
1493300,"Adventure,Casual,Indie",104,95,9
352850,"Action,Adventure,Casual,Indie,Strategy",5,2,3
1587490,Strategy,2,1,1
985770,"Action,Indie,Strategy",1,0,1
321940,"Action,Indie,RPG",14,11,3
1523890,"Action,Adventure,Indie",0,0,0
725660,"Action,Indie",0,0,0
1449100,"Adventure,Free to Play,Indie",0,0,0
905970,"Action,Indie,Simulation,Early Access",217,203,14
504460,"Racing,Early Access",9,8,1
1207400,"Action,Casual,Indie",7,7,0
1598210,"Action,Adventure,Casual,Indie",19,18,1
842990,"Action,Casual,Indie",4,4,0
1395190,"Casual,Indie",3,3,0
963670,Indie,0,0,0
280500,"Action,Indie,Racing",8,6,2
716770,"Indie,Strategy",6,5,1
460790,"Action,Adventure",6902,6329,573
1688440,"Casual,Indie,Sports",0,0,0
4530,"Action,Strategy",86,61,25
938940,Indie,7,2,5
1110600,Action,0,0,0
586340,"Action,Indie",8,7,1
569770,"Indie,Early Access",90,48,42
1266260,"Action,Casual,Indie",1,0,1
1268860,"Action,Casual,Indie",11,11,0
1437830,"Action,RPG,Simulation,Strategy",26,26,0
1560560,"Adventure,Casual,Indie,RPG,Strategy",0,0,0
2310,Action,6916,6634,282
667760,"Action,Adventure",15,15,0
525590,"Indie,Sports",1,0,1
1050500,"Indie,Simulation",8,8,0
650670,"Adventure,Indie,RPG",456,317,139
1237760,"Adventure,Indie",12,6,6
919890,"Action,Indie",3,3,0
2067170,Indie,13,11,2
1747030,"Adventure,Indie",11,11,0
1344110,Simulation,5,3,2
1127520,"Action,Casual,Indie",1,1,0
18110,"Action,Indie",256,226,30
944810,"Adventure,Casual,Simulation",12,11,1
1009990,Indie,0,0,0
699970,"Casual,Indie,RPG,Simulation",2,1,1
2064110,Indie,12,11,1
35800,"Casual,Indie",55,46,9
1398950,"Indie,Strategy,Early Access",1,0,1
348490,"Action,Indie,Strategy",135,107,28
974860,"Action,Casual,Indie,Early Access",2,2,0
1427970,Casual,1,0,1
792470,"Indie,Strategy",0,0,0
677380,"Casual,Free to Play,Indie,Simulation",5,5,0
1092160,"Action,Adventure,Indie,Early Access",0,0,0
1152340,"Action,Adventure,Indie,Massively Multiplayer,RPG,Early Access",756,613,143
628710,"Action,Adventure,Casual,Indie,RPG,Strategy",43,32,11
315830,"Action,Indie",56,49,7
570710,"Action,Adventure",61,19,42
946240,"Casual,Indie,Sports,Strategy",0,0,0
416110,"Action,Indie",56,49,7
1043610,"Action,Adventure,Indie",8,5,3
1174780,"Action,Adventure,Indie,Simulation,Early Access",8,5,3
1806690,"Action,Adventure,Indie",2,0,2
503820,"Adventure,Indie",21,12,9
381550,Action,4,3,1
311910,Simulation,63,38,25
791300,"Action,Adventure,Casual,Free to Play,Indie",0,0,0
968310,"Casual,Free to Play,Indie",0,0,0
1272970,"Adventure,Casual,Indie,Simulation,Strategy",8,7,1
669830,"Action,Casual,Indie",17,15,2
1449570,"Adventure,Indie",8,7,1
1530580,"RPG,Strategy,Early Access",0,0,0
546980,"Casual,Early Access",81,27,54
274880,"Indie,Racing,Sports",61,49,12
1294650,"Adventure,Casual,Indie,Early Access",42,33,9
679160,"Design & Illustration,Utilities",4,2,2
1658290,"Action,Adventure,Indie,RPG",305,278,27
787850,"Action,Adventure,RPG",56,42,14
1082430,"Adventure,Indie",6256,6133,123
1153720,"Casual,Indie,Early Access",0,0,0
1479030,"Casual,Free to Play,Indie",1,1,0
1414720,"Action,Casual,Indie,RPG,Simulation",5,5,0
1153300,"Action,Casual,Indie",0,0,0
1103940,"Free to Play,Simulation",0,0,0
993400,"Action,Adventure,Indie",5,1,4
611660,RPG,3459,2192,1267
1585120,"Adventure,Strategy",7,3,4
1864710,"Adventure,Indie,RPG,Strategy,Early Access",2,1,1
1719550,"Action,Adventure,Casual,Indie,RPG",16,16,0
800580,"Adventure,Indie,RPG",13,9,4
1943400,"Adventure,RPG",2,1,1
1186650,"Adventure,Indie,Simulation",5,0,5
895570,"Casual,Indie",1,0,1
1417250,Casual,1,0,1
1642230,"Action,Indie",4,1,3
395150,"Action,Adventure,Indie,Strategy,Early Access",12,4,8
786450,"Action,Adventure,Indie,RPG,Simulation,Strategy",108,85,23
257670,"Casual,Indie,Strategy",286,213,73
2015140,"Action,Casual,Free to Play",0,0,0
673600,"Indie,Simulation",152,133,19
1308920,"Action,Adventure,Indie",1,0,1
1117120,"Action,Adventure,Indie",6,3,3
596140,"Design & Illustration,Photo Editing",13,9,4
337220,"Indie,Simulation,Strategy",57,28,29
1183750,"Casual,Simulation,Early Access",0,0,0
297330,"Casual,Indie,Simulation,Strategy",68,41,27
554940,"Action,Indie,Early Access",4,3,1
323680,"Adventure,Indie",2,0,2
3450,Casual,219,183,36
1414600,Strategy,1,0,1
339530,"Action,Adventure,Casual,Indie,Strategy,Early Access",8,3,5
605450,"Action,Indie",676,571,105
417880,"Adventure,Casual,Indie",899,634,265
611360,"Action,Free to Play,Indie,Early Access",21,16,5
1271090,"Casual,Indie",33,33,0
1508960,"Free to Play,Indie,Massively Multiplayer,Strategy",0,0,0
1128170,"Action,Indie",4,3,1
576280,"Action,Indie,RPG,Strategy",16,11,5
785920,"Adventure,Indie,Strategy",10,4,6
986680,"Action,Adventure,Indie,RPG",11,10,1
664630,"Action,Adventure,Casual,Indie",3,1,2
1074340,"Adventure,Casual,Indie",3,3,0
1858580,"Action,Indie",2,2,0
873930,"Action,Adventure,Casual,Indie",18,15,3
970890,Casual,4,4,0
772650,"Action,Adventure,Indie",1,1,0
279540,"Casual,Indie",86,68,18
1480010,"Adventure,Casual",5,5,0
1015920,"Action,Adventure,Casual,Indie",182,180,2
321270,Action,568,459,109
633970,"Action,Adventure,Indie,Early Access",7,1,6
1950690,Casual,0,0,0
1304660,"Indie,RPG,Strategy",0,0,0
1730540,"Casual,Indie",9,6,3
1755270,"Action,Adventure,Indie,RPG",16,8,8
2009800,Casual,42,42,0
644530,"Action,Indie",6,3,3
706030,"Casual,Indie,Simulation",8,6,2
970460,Casual,1,1,0
227580,"Action,Casual,Indie,RPG",1142,1015,127
1853690,"Indie,RPG,Strategy,Early Access",1,0,1
1060600,"Action,Adventure,Casual,Indie",581,553,28
1713070,"Casual,Indie",1,1,0
384180,"Casual,Free to Play,Massively Multiplayer,Simulation,Strategy",35,29,6
468900,Animation & Modeling,3,1,2
409580,"Action,Indie,RPG,Early Access",6,1,5
1268190,"Action,Casual",2,1,1
1269940,"Action,Adventure,Casual,Indie,Early Access",4,3,1
335000,"Adventure,Casual,Indie",1217,1131,86
782700,"Adventure,Casual,Indie",7,2,5
918430,Strategy,21,15,6
1491280,"Adventure,Casual",1,1,0
1598920,"Adventure,Indie,Simulation",33,13,20
666590,"Action,Casual,Indie,Sports,Early Access",3,3,0
501940,"Action,Adventure,Indie",22,12,10
18430,"Casual,Strategy",1,1,0
2072330,Indie,0,0,0
1322730,"Adventure,Casual,Indie,RPG,Simulation,Strategy",15,9,6
1332470,"Indie,Simulation,Strategy",0,0,0
1143870,"Indie,Simulation,Early Access",0,0,0
1357540,Adventure,1,1,0
765690,"Adventure,Casual,Indie",25,24,1
1287590,"Casual,Racing,Simulation,Sports,Strategy",28,21,7
352430,"Indie,Simulation,Strategy",124,74,50
1120370,"Casual,Indie,Simulation,Early Access",3,2,1
1142710,"Action,Strategy",18585,11949,6636
984780,"Racing,Simulation,Sports",468,413,55
1179910,"Action,Adventure,Casual,Indie,Early Access",0,0,0
16720,Action,872,496,376
368890,"Adventure,Indie",54,46,8
1558900,"Free to Play,Indie,Simulation",0,0,0
981130,"Casual,Racing,Simulation,Sports",2,0,2
767010,Indie,1,1,0
428920,Action,4,3,1
802390,"Action,Adventure,Casual,Free to Play,Indie,Massively Multiplayer,RPG,Strategy,Early Access",0,0,0
1794120,"Casual,Indie",1,1,0
312610,Action,678,582,96
1572020,"Adventure,Casual,Indie",0,0,0
801840,"Casual,Indie,Strategy",0,0,0
700920,"Casual,Indie",5,3,2
274980,"Indie,Simulation,Strategy",638,480,158
851110,"Casual,Racing,Simulation,Early Access",0,0,0
1332590,"Action,Adventure,Casual,Indie,RPG",9,5,4
1289550,Strategy,0,0,0
244750,"Action,Indie,Strategy",118,88,30
1874990,Simulation,0,0,0
1731850,"Casual,Indie",0,0,0
1198490,Adventure,7,4,3
1997230,"Adventure,Free to Play,Early Access",0,0,0
1936840,Casual,0,0,0
907670,"Action,Indie",80,78,2
897360,"Casual,Indie",1,1,0
1839700,"Casual,Indie",30,28,2
1707540,"Action,Adventure,Indie,Massively Multiplayer",68,43,25
322770,"Action,Adventure,RPG",2016,1838,178
1715130,Action,600,373,227
1223270,"Indie,Simulation",3,1,2
1204110,"Action,Adventure,Indie,RPG",0,0,0
955750,"Action,Early Access",0,0,0
1231790,"Casual,Sports,Strategy",0,0,0
1238340,"Casual,Indie",3,3,0
457770,Action,13,12,1
568090,"Action,Indie",2134,1988,146
108110,"RPG,Simulation",84,24,60
1389420,RPG,0,0,0
604170,"Adventure,Casual,Simulation",14,12,2
1331410,"Action,Adventure,Indie",0,0,0
1479610,"Indie,Simulation,Strategy",6,5,1
1577240,"Adventure,Indie",33,26,7
978440,"Action,Adventure,Casual,Racing",4,4,0
1246650,"Action,Adventure,RPG",0,0,0
491660,"Action,Indie,RPG",7,5,2
976160,Simulation,4,1,3
1139310,"Action,Adventure,Casual,Indie",34,27,7
1353310,"Action,Casual,Indie",0,0,0
787580,"Simulation,Sports,Early Access",0,0,0
710470,"Action,Adventure,RPG",294,227,67
1033090,"Adventure,Indie,RPG",1,1,0
1755610,Action,0,0,0
507140,"Adventure,Casual",6,5,1
560720,"Adventure,Casual",48,39,9
1814710,Casual,12,11,1
799500,"Action,Adventure,Casual,Indie",51,27,24
552920,"Indie,Massively Multiplayer,Racing,Simulation,Sports",484,316,168
634090,"Action,Adventure,Indie,RPG",1,1,0
1228910,"Action,Indie,Simulation",10,5,5
1432560,"Casual,Indie,Simulation",2,1,1
1246390,Indie,0,0,0
1139880,"Action,Casual,Indie",7,7,0
1070110,"Action,Adventure,Indie",4,4,0
622980,"Casual,Indie,Simulation",46,32,14
1509130,"Casual,Indie",1,1,0
1358590,"Casual,Indie",1,1,0
500110,"Action,Adventure,Casual,Racing,Simulation,Sports",30,26,4
1882050,"Adventure,Casual,Indie,Strategy",1,1,0
570840,"Free to Play,Indie",6,6,0
1163470,Indie,4,4,0
1310080,"Action,Adventure,Casual,Free to Play,Indie",0,0,0
280380,"Action,Strategy",25,4,21
1832540,"Adventure,Casual,Free to Play,Indie,Massively Multiplayer,RPG",0,0,0
1618280,Casual,1,0,1
622310,"Casual,Free to Play,Massively Multiplayer,Simulation,Strategy",0,0,0
1730110,"Casual,Simulation",9,9,0
904750,"Adventure,Indie",139,138,1
442190,"Action,Indie",5,2,3
749890,"Adventure,Casual,Indie",69,60,9
668300,"Action,Indie,RPG",4,1,3
372970,"Action,Early Access",30,23,7
1712880,"Action,Adventure,Indie,Early Access",0,0,0
606000,"Action,Adventure,Indie,RPG",29,22,7
1215930,Indie,10,7,3
1030580,"Adventure,Casual,Indie",68,54,14
993780,"Casual,Indie",35,34,1
809790,Indie,9,4,5
884640,"Strategy,Early Access",29,19,10
604530,"Casual,Free to Play,Massively Multiplayer,Early Access",0,0,0
1516350,Indie,10,10,0
262940,Adventure,688,617,71
2000000,"Action,Early Access",0,0,0
278910,"Indie,Strategy",438,345,93
266190,"Action,Adventure,Indie,RPG,Early Access",67,23,44
1700040,"Casual,Simulation",7,5,2
1059620,"Adventure,Casual",3,1,2
2069010,"Action,Adventure,Casual,Indie,Racing,Simulation,Strategy",0,0,0
487770,"Simulation,Sports",32,25,7
1394510,"Casual,Indie",1,1,0
607020,"Adventure,Casual,Indie,RPG,Strategy",9,5,4
833150,"Action,Adventure,Casual,Indie,RPG,Simulation",6,3,3
1401870,"Action,Adventure,Casual,Indie,RPG,Early Access",0,0,0
1862600,"Action,Adventure,Indie",0,0,0
606690,Indie,24,21,3
265750,"Action,Indie",434,330,104
39550,"RPG,Strategy",300,185,115
1055360,"Action,Indie",0,0,0
1859010,"Casual,Indie,Simulation",1,0,1
912110,"Adventure,Casual,Indie",32,17,15
1890760,"Casual,Indie,RPG",13,12,1
55150,Action,6530,6079,451
1849070,"Simulation,Early Access",2,1,1
1054520,"Casual,Indie,RPG,Simulation",1,0,1
1816050,"Indie,Massively Multiplayer,Strategy",2,2,0
1686060,"Indie,Strategy",3,3,0
1215260,"Casual,Indie,RPG,Strategy",79,66,13
758870,"Adventure,Indie,RPG,Simulation,Early Access",974,846,128
332530,"Action,Indie",33,30,3
918850,"Action,Casual,Indie",0,0,0
1216470,"Action,Adventure,Free to Play,Indie,RPG,Strategy",0,0,0
1201870,"Free to Play,Indie",0,0,0
1009960,"Action,Adventure,Casual,Indie,RPG,Early Access",8,8,0
1936250,"Action,Indie",0,0,0
1719200,"Action,Adventure,Casual",1,1,0
1214760,"Action,Adventure,Casual,RPG,Strategy",3,3,0
577890,"Action,Indie,Simulation",9,2,7
1853380,"Casual,Free to Play,Indie,Strategy,Early Access",0,0,0
762560,"Free to Play,Indie,Massively Multiplayer,Strategy",0,0,0
216890,"Sports,Strategy",939,740,199
893360,"Adventure,Casual,Free to Play,Indie",0,0,0
1861700,"Action,Adventure,Casual,Indie,Racing,RPG,Sports,Strategy",2,1,1
15100,"Action,Adventure",5864,4737,1127
1081040,"Adventure,Casual,Indie",28,20,8
1139140,"Casual,Indie",27,23,4
703940,"Action,Casual,Free to Play,Indie,Massively Multiplayer,Simulation,Sports",3,1,2
854710,Utilities,5,1,4
315650,"Action,Casual,Indie,Strategy",12,12,0
1564920,"Action,Adventure,Indie",6,6,0
1153550,"Indie,RPG",1,0,1
1836900,"Action,Indie",2,2,0
1915170,"Action,Adventure,RPG",4,4,0
373140,"Adventure,Casual,Indie",7,6,1
249680,"Action,Adventure",932,856,76
515020,"Casual,Free to Play,Indie,Simulation",14,14,0
2064530,"Action,Racing",2,1,1
546160,"Action,Adventure,Indie",13,12,1
946810,"Action,Adventure,Casual,Indie",1,0,1
726570,"Violent,Gore,Action,Adventure,Indie,RPG",2,0,2
2007060,Adventure,0,0,0
1100270,"Casual,Free to Play,Indie",0,0,0
1840380,"Action,Adventure",10,9,1
1271990,"Simulation,Sports",1,1,0
1398900,"Adventure,Indie",1,1,0
1953210,"Casual,Indie,Simulation,Strategy",1,0,1
961660,"Action,Indie",135,131,4
431940,Indie,171,146,25
989640,"Action,Casual,Indie,Strategy",2,2,0
814590,"Action,Adventure,Strategy",5,3,2
1058320,Adventure,65,50,15
1305220,"Action,Indie",2,1,1
1523640,"Action,Adventure,Indie",0,0,0
287120,"Action,Casual",100,68,32
707560,"Violent,Action,Adventure,Indie",1,1,0
1825130,"Action,Indie,Strategy",2,0,2
1507400,"Casual,Indie",1,1,0
1916150,"Casual,Indie",7,6,1
1608040,"Indie,Strategy",39,27,12
1761810,Casual,0,0,0
1581660,"Action,Casual,Indie",0,0,0
1353920,"Casual,Indie,RPG,Simulation,Early Access",1,1,0
1837530,"Casual,Indie,Strategy",2,1,1
1772270,"Casual,Indie,Early Access",2,2,0
696500,"Action,Indie",11,1,10
504400,"Adventure,Casual,Indie",61,46,15
1799520,"Design & Illustration,Education,Software Training,Utilities,Game Development,Early Access",11,10,1
808360,"Adventure,Indie",4,4,0
1267940,"Action,Simulation,Sports",14,11,3
289600,"RPG,Strategy",170,104,66
1529240,Audio Production,13,10,3
1308450,"Indie,Simulation",0,0,0
1465450,"Action,Casual,Simulation,Early Access",5,1,4
1104280,"Action,Adventure,Indie,RPG,Early Access",1105,960,145
915960,"Casual,Indie,Strategy",0,0,0
1528570,"Action,Free to Play,Indie",0,0,0
1833820,Indie,1,1,0
772090,"Indie,RPG",12,12,0
1284850,"Casual,Indie",1,0,1
1082620,"Indie,Early Access",0,0,0
1731630,"Action,Casual,Indie,Sports,Strategy",1,1,0
836760,"Adventure,RPG,Strategy",62,45,17
421050,"Adventure,Indie",737,587,150
569530,"Action,Indie",249,205,44
1391540,"Action,Indie,Early Access",39,35,4
1123310,"Action,Adventure,Casual,Indie,Racing,Simulation",9,8,1
1915940,"Action,Adventure,Casual,Indie,Simulation,Sports,Strategy",9,7,2
6850,Action,1058,854,204
735410,Indie,18,8,10
892510,"Action,Adventure,Free to Play,Indie,Massively Multiplayer,RPG,Early Access",6,4,2
667820,"Casual,Simulation",33,31,2
921710,Strategy,226,170,56
1809900,"Casual,Indie",2,2,0
1561860,"Action,Indie,Racing",2,1,1
1246490,Simulation,18,14,4
1263680,"Action,Adventure,Indie,RPG",4,3,1
364480,"Casual,Indie",10,3,7
1442770,Indie,2,2,0
1800360,"Casual,Indie",0,0,0
1126680,"Action,Indie",1,1,0
262810,"Adventure,Indie",15,6,9
1349340,"Casual,Indie,Early Access",0,0,0
1081030,"Action,Early Access",0,0,0
9420,Strategy,4177,4039,138
993110,"Action,Adventure,Indie,Early Access",258,249,9
1288040,"Action,Adventure,Indie,Massively Multiplayer,Racing,Simulation,Sports,Strategy",0,0,0
1061540,"Adventure,Casual",11,11,0
883710,Action,29170,28349,821
1337170,"Casual,Massively Multiplayer,RPG,Strategy,Early Access",1,1,0
591760,"Action,Adventure,Casual,Indie,Sports",38,32,6
529440,"Action,Casual,Indie,Sports",323,288,35
1785440,"Adventure,Simulation",8,4,4
1587430,Casual,0,0,0
1054770,"Casual,Indie,Strategy",2,1,1
1485900,"Casual,Indie",11,11,0
587460,"Casual,Free to Play,Strategy",0,0,0
474980,"Casual,Indie,Simulation",88,80,8
702320,"Free to Play,Massively Multiplayer,RPG,Strategy",0,0,0
1932490,"Action,Adventure,Casual,Indie,Strategy",2,2,0
1530860,"Action,Indie",12,8,4
1503060,"Adventure,Simulation",0,0,0
1590320,"Action,Casual,Free to Play,Indie,Massively Multiplayer,Racing",0,0,0
554680,"Action,Simulation",9,6,3
812810,"Casual,Free to Play,Indie,Simulation",10,10,0
1721460,Casual,15,12,3
423810,"Action,Casual,Indie",87,48,39
1491180,"Adventure,Casual,Indie,RPG",3,3,0
1897420,"Action,Indie,Early Access",2,2,0
1548400,"Action,Casual,Racing",40,37,3
742220,"Adventure,Indie,Simulation",3,3,0
327260,Indie,133,96,37
1840150,"Free to Play,Indie",0,0,0
1067800,"Adventure,Free to Play",0,0,0
473540,"Adventure,Casual",7,2,5
1179560,"Action,Adventure,Casual,Indie,Simulation",47,35,12
316430,"Action,Strategy",944,571,373
1745690,"Free to Play,Indie,Simulation",0,0,0
1343510,Action,1,1,0
697810,"Action,Adventure,Early Access",6,2,4
1390670,"Action,Adventure,Indie",46,42,4
1270820,"Action,Indie,Early Access",4,0,4
645280,Adventure,5,4,1
774721,Utilities,0,0,0
300400,Racing,81,64,17
1750960,"Action,Adventure,Casual,Indie,RPG",2,2,0
1349970,"Casual,Free to Play,Indie,Simulation",0,0,0
1131780,"Action,Adventure",1,1,0
278420,"Action,Adventure,Indie",42,37,5
697960,"Casual,Indie,Strategy",7,6,1
1253690,Indie,32,18,14
1270670,"Action,Adventure,Indie",14,9,5
536210,"Adventure,Casual,Free to Play",1,0,1
400790,"Action,Indie",121,114,7
2017460,"Casual,Strategy",1,1,0
286260,Adventure,683,626,57
797440,"Casual,Indie,Strategy",3,3,0
466290,"Action,Indie,Early Access",3,3,0
833820,"Adventure,Racing",8,2,6
46370,Simulation,137,82,55
269990,"Adventure,Indie",40,30,10
1847810,Indie,4,3,1
1174990,"Casual,Indie",1,1,0
2012270,"Action,Free to Play",0,0,0
375750,"Action,Casual,Free to Play,Indie,Strategy",223,203,20
294750,"Action,Indie,Strategy",137,95,42
2570,"Indie,RPG",78,7,71
1465330,"Adventure,Casual",5,5,0
509560,"Adventure,Free to Play,Indie,Massively Multiplayer,RPG,Strategy",0,0,0
958880,"Adventure,Casual",31,29,2
654010,"Action,Indie",4,4,0
1024540,"Action,Casual,Indie",3,2,1
1579530,"Casual,Indie",4,4,0
403640,Action,14076,12123,1953
771570,"Violent,Gore,Action,Indie,RPG,Simulation,Strategy",6,2,4
1736980,"Action,Indie",20,19,1
2065110,"Adventure,Casual,Indie",1,1,0
575920,"Action,Casual,Indie",9,4,5
250110,"Action,Indie",870,833,37
1786690,"Casual,Indie,Sports",1,1,0
1425280,"Action,Adventure,Casual,Indie",5,5,0
497940,"Action,Adventure,Free to Play,Massively Multiplayer,RPG,Strategy",3,1,2
719040,"RPG,Strategy",7902,6703,1199
1985150,"Casual,Strategy",9,1,8
1655560,Indie,0,0,0
1292630,"Action,Casual,Free to Play,Indie,Sports",2,2,0
1765150,"Action,Indie,RPG",4,3,1
1144030,"Adventure,Indie,RPG",894,827,67
1240790,"Action,RPG,Strategy",16,10,6
387400,"Action,Indie,Strategy",1,1,0
914230,"Casual,Indie",2,1,1
1677730,"Adventure,Indie,RPG",1,0,1
710400,"Adventure,Indie",0,0,0
1617800,"Adventure,Indie,RPG,Early Access",1,1,0
463390,"Casual,Free to Play,Simulation",15,13,2
1618240,"Action,Adventure,Casual,Indie,Racing,Simulation",0,0,0
1133990,"Casual,Indie,Simulation",36,35,1
1524920,"Action,Adventure,Casual,Indie,Simulation,Strategy,Early Access",1,1,0
242880,"Action,Indie",2201,1754,447
845940,"Action,Casual,Indie",8,7,1
9710,Action,60,26,34
461400,"Action,Adventure,Indie",20,8,12
850320,"Adventure,Casual,Indie",224,206,18
449760,"Casual,Indie",29,20,9
1252330,Action,9252,7146,2106
855630,"Adventure,Indie",57,45,12
437730,"Action,Indie,Racing,Simulation,Sports",24,19,5
1466240,"Action,Indie",0,0,0
527280,RPG,187,126,61
501270,"Indie,Strategy,Early Access",3,2,1
1792710,"Adventure,Free to Play,Massively Multiplayer,RPG,Simulation,Strategy",0,0,0
1544040,"Indie,Simulation,Strategy",3,1,2
1809710,"Action,Adventure,Casual,Indie,RPG",2,2,0
1051580,"Action,Adventure,Indie,RPG",6,6,0
1402350,"Action,Adventure,Casual,Strategy",4,1,3
1856480,Adventure,9,9,0
1835210,"Simulation,Strategy",1,1,0
1243100,"Action,Indie",5,2,3
639180,"Action,Adventure,Indie",3,1,2
1564080,"Adventure,Indie",4,0,4
268850,Utilities,37,25,12
1271690,"Action,Indie,Racing",9,6,3
253630,"Indie,RPG,Strategy",184,100,84
699940,"Casual,Indie,Simulation",47,34,13
548840,"Adventure,Strategy",121,105,16
960610,"Action,Indie",6,1,5
634070,"Action,Free to Play,Indie,Early Access",0,0,0
758080,"Action,Indie,RPG",66,49,17
1280260,"Action,Adventure,RPG",99,85,14
1495380,"Action,Racing,Simulation",17,14,3
760660,"Action,Adventure,Casual,Indie",8,2,6
2019270,"Casual,Free to Play,Indie",0,0,0
679190,"Adventure,Casual,Indie",52,34,18
1996420,"Casual,Indie",26,25,1
491330,"Casual,Indie,Strategy",103,97,6
682610,"Indie,Strategy",16,10,6
998150,"Adventure,Indie,RPG,Simulation,Strategy,Early Access",0,0,0
1893200,"Adventure,Indie,Simulation,Strategy",13,9,4
968540,"Adventure,Indie",5,1,4
760970,Utilities,2,2,0
1076070,"Action,Casual,Indie",16,16,0
860450,"Indie,Strategy",24,14,10
1803530,"Casual,Strategy",1,1,0
688330,Adventure,0,0,0
1685010,"Action,Indie",0,0,0
805400,"Casual,Indie",25,15,10
371280,Indie,11,5,6
1698920,Indie,0,0,0
1325870,"Action,Casual,Indie",21,19,2
1077890,"Action,Indie",25,19,6
376780,Adventure,15,10,5
1382710,"Free to Play,Indie",0,0,0
1191680,"Adventure,Casual,Indie,Strategy",0,0,0
209060,"Action,Indie",425,365,60
860030,"Casual,Indie,Simulation",4,4,0
209630,"Action,Adventure,Indie",183,146,37
1298140,Indie,101,91,10
1805150,"Action,Adventure,Indie,RPG",1,0,1
537920,"Violent,Action,Indie,Early Access",3,2,1
1937700,"Action,Indie,Simulation,Early Access",0,0,0
390930,"Action,Indie",13,10,3
1780730,"Indie,Simulation,Strategy",0,0,0
997670,Action,1,1,0
418280,"Action,Adventure,Indie",15,6,9
262240,"Action,Indie",90,78,12
1492940,Action,0,0,0
787510,"Adventure,Casual",52,50,2
703300,"Animation & Modeling,Design & Illustration,Photo Editing,Utilities",18,10,8
1766180,"Adventure,Casual,Indie,RPG,Strategy",0,0,0
1382800,"Adventure,Indie",9,9,0
1498280,Adventure,6,5,1
1995180,Action,2,2,0
73060,Strategy,36,9,27
1594120,"Casual,Indie",16,14,2
518790,"Adventure,Simulation,Sports",33482,29610,3872
651010,"Casual,Indie,Simulation",4,3,1
623800,"Action,Adventure,Indie,Early Access",11,11,0
1455490,"Action,Adventure",2,2,0
1467390,"Action,Indie",19,17,2
1403080,"Action,Adventure,Indie",13,13,0
593950,"Action,Adventure,RPG,Simulation",2,2,0
493840,Action,917,561,356
625910,"Action,Adventure,Indie,Sports",42,32,10
967430,Indie,7,4,3
1311990,"Adventure,Indie",4,1,3
941040,"Adventure,Casual",7,4,3
562240,"Violent,Adventure,Indie",13,4,9
1351960,"Adventure,Casual,RPG",3,3,0
719470,"Nudity,Adventure,Indie,Early Access",2,2,0
696480,"Adventure,Casual,Indie",346,334,12
1142240,Indie,31,29,2
501180,"Action,Adventure,RPG",12,8,4
922100,"Indie,Simulation",192,181,11
344190,"Free to Play,Indie,RPG,Strategy",1,1,0
641990,"Indie,Simulation,Strategy",7870,7123,747
729320,"Sexual Content,Indie",0,0,0
1286810,"Adventure,Simulation",0,0,0
1142460,"Casual,Indie",1,1,0
1439320,"Action,Adventure,Indie,Early Access",9,9,0
639490,Adventure,480,461,19
1743230,"Casual,Indie,Strategy",0,0,0
32160,"Sports,Casual",89,81,8
1533470,"Action,Indie",52,51,1
1237120,"Action,Casual,Indie",0,0,0
47500,Casual,10,8,2
514410,"Action,Adventure,Indie",29,6,23
1470480,"Action,Casual,Indie",4,3,1
1052540,"Adventure,Indie",0,0,0
1667590,"Action,Casual,Indie,Early Access",7,7,0
1388090,"Casual,Indie",4,4,0
1375460,"Casual,Free to Play,Simulation",0,0,0
1971630,"Casual,Free to Play,Indie,RPG",0,0,0
684430,Indie,9,9,0
888610,"Simulation,Strategy",7,4,3
710220,Action,19,15,4
310490,"Simulation,Strategy",95,79,16
938270,"Adventure,Casual,Simulation",21,18,3
1087960,"Free to Play,Indie,RPG,Strategy",0,0,0
953790,"Adventure,Casual,Indie,RPG",1,0,1
614550,"Action,Casual,Indie,Early Access",1,1,0
1445890,"Casual,Indie",1,1,0
1771310,"Action,Indie",1,0,1
518140,"Casual,Indie,Strategy",4,2,2
1774700,"Casual,Indie,Strategy",21,20,1
1097810,"Casual,Indie",30,24,6
1810870,"Adventure,Casual",0,0,0
1250560,"Casual,Indie,Strategy",122,117,5
1154490,"Casual,Indie,Strategy,Early Access",2,2,0
801290,"Action,Adventure,Indie",134,116,18
957810,"Action,Adventure,Indie,RPG",0,0,0
810680,"Action,Casual,Indie",5,4,1
1971180,"Free to Play,RPG",0,0,0
41900,"Action,Adventure,RPG",544,423,121
957830,"Adventure,Free to Play,Strategy",0,0,0
1095060,"Action,Free to Play,Indie",0,0,0
803600,"RPG,Strategy",1316,1185,131
509830,"Action,Adventure,Indie",1,0,1
31170,"Adventure,RPG",341,300,41
654640,RPG,2,2,0
222820,Strategy,7,7,0
431750,"Casual,Indie,Strategy",105,84,21
911040,Indie,19,9,10
656170,"Casual,Indie",0,0,0
1525060,"Action,Adventure,Indie",6,6,0
1202300,"Adventure,Indie,RPG",1,1,0
417020,"Adventure,Indie",2,2,0
9850,"Simulation,Strategy",69,42,27
494740,Adventure,50,42,8
773460,"Adventure,Indie,Early Access",23,13,10
253920,"RPG,Strategy",261,200,61
219760,RPG,183,84,99
1247870,"Casual,Indie",2,2,0
1458960,"Action,Indie,Racing,Simulation,Sports",10,8,2
1283180,"Action,Indie,Massively Multiplayer",3,2,1
745820,RPG,0,0,0
611050,"Gore,Adventure,Casual,Indie",4,2,2
1971690,"Action,Adventure,Casual",1,1,0
672570,"Casual,Simulation",2,1,1
1874680,"Casual,Indie",9,7,2
1320110,"Adventure,Casual,Indie,RPG",0,0,0
283350,Action,38,15,23
661280,"Casual,Indie,Strategy",85,67,18
420930,"Adventure,Casual,Indie,Early Access",804,640,164
1779210,"RPG,Design & Illustration,Utilities",5,3,2
803920,"Adventure,Casual,Indie",7,6,1
751280,"Adventure,Indie",76,75,1
557810,Free to Play,19,7,12
1254070,"Action,Adventure,Indie",4,4,0
1720540,"Action,Casual,RPG,Simulation",4,3,1
1370610,"Casual,Indie,Simulation",8,5,3
1072190,"Action,Strategy,Early Access",149,113,36
1033960,Casual,0,0,0
1642560,Casual,0,0,0
607080,"Action,Adventure",4860,4759,101
1893330,Indie,4,3,1
1433310,"Casual,Indie",0,0,0
1731490,"Adventure,Indie",0,0,0
573730,"Adventure,Casual,Simulation,Strategy",5,4,1
1140140,"Adventure,Casual,Indie,Simulation",2,1,1
1389530,"Free to Play,RPG",0,0,0
1307670,"Adventure,Indie,Simulation,Strategy",51,41,10
1543760,"Casual,Free to Play,Indie",0,0,0
1184360,"Action,Indie",0,0,0
1719870,"Action,Adventure,Casual,Free to Play,Massively Multiplayer,RPG",0,0,0
1269600,"Adventure,Indie,RPG",0,0,0
720160,"Adventure,Indie,RPG,Strategy",0,0,0
676720,"Action,Adventure,Casual,Indie,Strategy",8,2,6
6860,Action,4711,4434,277
1396260,"Indie,Simulation",44,27,17
1175950,"Casual,Indie,RPG,Simulation",25,17,8
529820,"Action,Indie",9,4,5
623930,"Adventure,Indie",21,9,12
658630,"Action,RPG",5,4,1
795510,Action,37,34,3
1063020,"Indie,Strategy",9,6,3
1820020,"Action,Casual,Indie",0,0,0
270910,"Action,Indie,Strategy",427,204,223
1561560,"Casual,Free to Play,Indie,Simulation",0,0,0
1042490,"Adventure,Casual,Indie",1210,1084,126
287450,"Simulation,Strategy",5685,5362,323
1273510,"Action,Adventure,Indie",0,0,0
1572450,Adventure,121,93,28
522470,"Adventure,Indie,Strategy",1587,1366,221
2006460,"Action,Casual,Indie",0,0,0
1506660,"Action,Adventure,Casual,Indie,Simulation",14,11,3
656660,"Casual,Indie",4,4,0
325110,Casual,7,6,1
343100,"Action,Adventure,Casual,Indie,RPG,Strategy",360,254,106
1918030,"Indie,Simulation",22,16,6
1944200,Simulation,0,0,0
1167710,"Indie,Sports",5,5,0
1824020,"Indie,Simulation",6,6,0
854770,"Action,Indie",64,34,30
517060,"Action,Casual,Indie,Strategy",9,4,5
572630,"Indie,Early Access",16,15,1
995330,"Adventure,Indie,RPG,Strategy",0,0,0
1061650,"Action,Casual,RPG",4,1,3
1686160,"Casual,Indie",3,2,1
559630,"Action,Adventure,Indie,Early Access",3,2,1
834750,Adventure,30,16,14
380560,"Casual,Indie,RPG",10,7,3
881730,"Casual,Indie,Simulation",8,4,4
988100,"Action,Adventure,Casual,Indie,RPG",22,18,4
1383680,"Indie,RPG",18,15,3
1141530,"Audio Production,Software Training,Utilities,Video Production,Web Publishing,Early Access",5,5,0
1065560,Indie,0,0,0
929430,Casual,8,5,3
1702980,"Action,Free to Play,Indie",0,0,0
1313810,"Casual,Indie",29,29,0
589860,"Adventure,Casual,Indie",96,89,7
1684400,"Adventure,Indie",34,28,6
811540,"Adventure,Casual,Indie,Simulation",0,0,0
1599280,"Action,Indie",0,0,0
631990,"Violent,Adventure,Indie,Strategy",29,19,10
857110,"Action,Casual,Indie",1,0,1
1010260,"Adventure,Indie",8,3,5
1810720,"Casual,Indie",0,0,0
35010,"Action,Adventure",6,4,2
837390,"Indie,Simulation",2,0,2
1564580,"Adventure,Casual",4,4,0
263560,"Adventure,Indie,RPG",319,267,52
831230,"Violent,Gore,Indie",0,0,0
1738500,"Action,Adventure,Indie",2,1,1
949390,Action,0,0,0
1781880,"Action,Adventure,Casual,Indie,Simulation",21,19,2
1701400,"Casual,Indie,Strategy",0,0,0
510380,"Casual,Indie,Simulation,Strategy",6,1,5
1498840,"Action,Adventure,Indie",1,1,0
1392820,"Adventure,Indie",5790,5640,150
1374700,Racing,3,3,0
1259860,"Casual,Indie",3,2,1
1585440,"Action,Adventure",149,110,39
568400,"Action,Adventure,Indie,Early Access",6,4,2
987770,"Action,Indie",41,33,8
886270,"Adventure,Indie",12,7,5
1400320,"Indie,Simulation",0,0,0
1404930,"Action,Indie",2,2,0
1058280,"Action,Indie,Racing",59,49,10
1579490,"Action,Indie",4,4,0
1709920,"Casual,Free to Play,Indie,RPG",0,0,0
1292100,"Indie,Simulation",1,1,0
1577290,"Action,Indie",1,1,0
1227650,"Action,Casual,Indie,Early Access",471,463,8
298560,"Action,Indie",196,157,39
1237490,"Action,Adventure,Indie",15,8,7
47889,Action,0,0,0
1798770,"Adventure,Casual,RPG",0,0,0
579760,"Adventure,Indie",222,201,21
1769720,"Action,Adventure,Casual,Indie",4,3,1
586790,"Action,Strategy",16,2,14
1553320,"Action,Adventure,Indie",113,97,16
733060,"Nudity,Casual,Indie",5,0,5
1411800,"Adventure,Free to Play",0,0,0
781320,"Action,Casual,Indie",10,7,3
662470,"Casual,Free to Play,Indie",0,0,0
1068050,"Action,Casual,Indie",0,0,0
857320,"Animation & Modeling,Design & Illustration,Education,Utilities,Game Development",92,77,15
991080,Utilities,3,2,1
206690,"Casual,Indie,Strategy",84,72,12
1255660,"Action,Adventure,Casual,Free to Play,Indie",0,0,0
448530,Indie,7,6,1
1289010,"Adventure,Free to Play,Massively Multiplayer,RPG,Strategy",0,0,0
792670,"Action,Casual,Simulation,Strategy,Early Access",5,1,4
828900,"Adventure,Indie",329,249,80
1169940,"Action,Adventure,Indie,RPG,Early Access",0,0,0
385960,Strategy,16,2,14
316370,"Action,Indie,RPG",27,9,18
207790,Simulation,214,66,148
864190,Action,1,1,0
733810,"Casual,Indie",3,3,0
642840,"Adventure,Casual,Simulation,Design & Illustration",0,0,0
1185140,"Action,Adventure,Casual,Indie",3,3,0
818140,"Action,Racing",5,5,0
1662830,"Adventure,Casual,Indie,Simulation",1,1,0
676490,"Free to Play,Indie,Strategy",0,0,0
858500,"Action,Casual,Indie,Strategy",0,0,0
598430,"Action,Adventure,Indie,Early Access",28,25,3
248800,"Adventure,Casual,Indie,RPG",544,412,132
1265410,"Action,Adventure,Indie,Simulation",12,2,10
2069750,"Action,Casual,Indie,Simulation",0,0,0
656570,"Adventure,Indie",17,13,4
298020,Adventure,43,18,25
1419880,RPG,2,1,1
92210,"Action,Indie",84,70,14
1099500,"Adventure,Casual,Indie",129,117,12
433000,"Adventure,Casual",253,237,16
1526170,"Action,Adventure,Indie",1,0,1
920820,"Action,Indie,Sports",2,0,2
855730,"Casual,Indie",3,2,1
765570,"Action,Simulation,Early Access",3,1,2
1992430,"Action,Free to Play,Indie",0,0,0
396480,"Action,Indie,Simulation,Strategy",500,394,106
1485080,"Action,Casual,Free to Play,Indie",12,12,0
754310,"Action,Indie",6,5,1
365810,"Action,Adventure,Casual,Indie,Simulation",222,163,59
655530,"Indie,Simulation,Early Access",14,5,9
1170610,"Casual,Indie,Strategy",23,16,7
1063470,"Simulation,Sports",6,3,3
1364470,Utilities,5,3,2
684420,"Action,Casual,Indie,Strategy",9,4,5
754230,"Action,Indie,Strategy",5,4,1
577380,"Action,Indie",1,1,0
25000,"Action,Indie",3550,2916,634
1466430,"Free to Play,Utilities,Web Publishing,Game Development,Early Access",0,0,0
1551520,"Action,Adventure,Indie,RPG",16,13,3
1121140,"Adventure,Casual,Indie",43,35,8
428750,"Action,Adventure,Indie,RPG",378,361,17
573100,Strategy,3935,3077,858
1376580,"Action,Indie,Early Access",50,35,15
1174850,"Action,Adventure,Casual,Indie",0,0,0
1814560,"Action,Indie",6,4,2
386590,"Adventure,Indie,RPG,Simulation,Early Access",671,355,316
601120,"Indie,Early Access",4,4,0
1266900,"Action,Casual,Indie,Simulation",0,0,0
1372680,"Action,Adventure,Indie,RPG",9,4,5
471160,"Casual,Indie,Sports",25,15,10
1362980,"Casual,Indie,Simulation",2,0,2
33950,"Casual,Indie",40,39,1
953330,"Action,Indie",16,16,0
1413000,"Indie,Simulation,Strategy",10,8,2
916960,"Action,Adventure,Indie",3,3,0
464100,"Indie,Strategy",96,61,35
291630,Adventure,128,94,34
1557060,"Action,Adventure,Indie",0,0,0
333350,Strategy,43,26,17
1140020,"Action,Adventure,RPG",3,0,3
1651730,Casual,11,8,3
1253940,"Action,Adventure,Casual",5,4,1
1553170,"Action,Adventure,Indie",5,3,2
1555210,"Action,Indie",0,0,0
1419040,"Casual,Indie,Simulation",17,8,9
1152580,"Adventure,Indie,RPG",13,13,0
1307460,"Action,Adventure,Indie,RPG,Simulation,Strategy",5,4,1
1379510,"Adventure,Casual,Free to Play,Indie",2,2,0
1346170,"Adventure,Casual",3,2,1
1514840,"Sports,Early Access",155,121,34
1364580,"Action,Adventure,Indie,Early Access",3,3,0
1605300,Action,0,0,0
1488820,"Action,Indie,RPG",26,17,9
1148000,"Action,Adventure,Casual,Indie,Racing",2,1,1
1039580,"Casual,Indie",1,1,0
1270210,"Adventure,Indie,RPG",248,230,18
1121300,"Casual,Indie",35,34,1
1624460,"Action,Adventure,Indie",8,7,1
1068350,"Action,Adventure,Indie,Racing,RPG,Early Access",2,1,1
1237590,"Action,Casual,Indie",0,0,0
689180,"Casual,Indie,Simulation,Strategy",20,13,7
1800080,"Adventure,Casual,Indie",0,0,0
916060,"Adventure,Casual",32,30,2
1014660,"Adventure,Casual,Indie,Strategy",1,1,0
1952760,"Casual,Indie",8,6,2
871510,"Casual,Simulation,Sports",6,4,2
1855410,"Casual,Indie,Strategy",0,0,0
428800,"Audio Production,Education,Software Training,Video Production,Web Publishing",53,16,37
1119760,"Casual,Indie",5,4,1
661960,"Free to Play,Massively Multiplayer,Strategy",0,0,0
292780,"Adventure,Casual",191,187,4
1918400,"Adventure,Casual,Indie",11,10,1
1912500,"Casual,Indie",1,1,0
263940,Simulation,58,47,11
735360,Utilities,9,7,2
709140,"Action,Adventure,Casual,Indie",8,6,2
606730,Action,133,80,53
1176840,"Action,Indie",0,0,0
1091390,"Action,Indie",14,13,1
710640,"Action,Adventure,Casual,Indie,Racing,Simulation,Strategy",2,0,2
1331620,Indie,8,8,0
1765820,"Action,Adventure,Indie,Early Access",15,14,1
1891090,"Action,Indie",43,37,6
1541240,"Casual,Indie",4,3,1
829080,"Action,Indie,Massively Multiplayer,Early Access",8,7,1
1432000,"Action,Adventure,Casual,Indie,RPG,Strategy,Early Access",0,0,0
1222270,"Action,Adventure,Casual,Indie",6,6,0
588340,"Violent,Action,Casual,Indie,Simulation",29,16,13
1758910,Action,12,12,0
947880,Strategy,1,1,0
1612420,"Action,Indie,Early Access",126,119,7
1453440,Simulation,11,8,3
1371470,"Action,Casual",0,0,0
1547300,"Casual,Indie",14,13,1
2079160,Casual,5,3,2
1110020,"Adventure,Indie,RPG",1,1,0
921090,Action,0,0,0
1109160,"Action,Indie,RPG,Early Access",68,48,20
690240,"Action,Casual,Indie,Simulation,Strategy",22,13,9
859720,"Casual,Strategy,Early Access",0,0,0
1213220,"Action,Strategy",37,35,2
1441570,"Casual,Free to Play,Strategy",0,0,0
1973630,"Action,Adventure,Free to Play,Indie",0,0,0
1126750,Casual,59,52,7
1636200,"Adventure,Casual,Indie",28,22,6
1470750,"Action,Adventure,Indie,Massively Multiplayer,RPG,Simulation,Strategy,Early Access",3,2,1
648660,"Adventure,Casual,Indie,RPG,Simulation,Strategy",8,5,3
1092720,"Adventure,Indie,Strategy",0,0,0
671560,"Action,Casual,Indie,Strategy",9,9,0
553470,"Adventure,Indie,Simulation,Strategy",16,8,8
703600,"Action,Adventure,Indie",26,12,14
1979060,"Casual,Indie,Strategy",0,0,0
800190,"Adventure,Indie",25,24,1
1786620,"Casual,Simulation,Strategy",2,1,1
813700,Simulation,149,130,19
1543100,Casual,4,3,1
943700,"Adventure,Free to Play,Indie",0,0,0
1781780,Casual,0,0,0
1557350,"Adventure,Casual",8,4,4
370770,"Action,Free to Play,Indie",8,8,0
1301590,"Action,Adventure,Indie,RPG",44,17,27
1526120,"Action,Indie",0,0,0
577370,"Action,Casual,Indie,Sports,Early Access",1,1,0
1770350,Action,2,2,0
19500,"Adventure,Indie",47,4,43
2067760,"Casual,Free to Play,Indie",0,0,0
1704830,"Strategy,Early Access",10,10,0
247140,"Casual,Indie",384,357,27
1263520,Casual,2,2,0
724870,"Action,Free to Play,Indie",0,0,0
215280,"Action,Adventure,Free to Play,Massively Multiplayer,RPG",3369,2324,1045
1766250,"Action,Adventure",4,4,0
441050,"Casual,Indie,RPG",286,266,20
1272100,"Action,Adventure,Indie,RPG",10,10,0
1205010,"Adventure,Indie",0,0,0
913670,"Action,Casual,Indie",5,4,1
1053720,Indie,0,0,0
1543400,"Action,Adventure,Early Access",2,0,2
1065520,"Action,Casual,Simulation",11,3,8
1574220,"Action,Casual,Indie",0,0,0
1457820,"Action,Casual,Indie,Racing",1,0,1
883810,"Action,Adventure,Indie,RPG,Early Access",1,1,0
1432960,Indie,28,16,12
1756390,"Action,Adventure,Indie,RPG,Early Access",3,1,2
807690,"Casual,Indie,Strategy",0,0,0
526750,"Violent,Gore,Adventure,Casual,Indie,Strategy",30,9,21
841440,"Indie,Strategy",5,5,0
1845560,Casual,0,0,0
318300,Adventure,5,3,2
1420970,"Adventure,Casual,RPG",2,2,0
1072420,"Action,Adventure,RPG",1182,1058,124
956680,"Action,Indie,RPG,Strategy,Early Access",1616,1466,150
1077200,"Action,Adventure,Indie",4,3,1
1723730,"Action,Indie,Early Access",0,0,0
1676720,"Action,Casual,Indie",1,1,0
1018560,"Casual,Indie",4,4,0
423580,"Simulation,Strategy",1764,1498,266
559920,"Casual,Free to Play,Indie,Simulation",2,0,2
370170,"Casual,Indie",5,3,2
1531650,"Action,Indie,Early Access",2,0,2
556340,"Indie,Simulation",119,94,25
790600,"Free to Play,Indie,Strategy",0,0,0
1453920,"Casual,Indie,Simulation,Strategy,Early Access",4,1,3
1067650,"Casual,Indie",4,2,2
1986930,"Action,Adventure,Indie,RPG,Early Access",0,0,0
1893260,"Action,Adventure,Indie,Racing,Early Access",0,0,0
1091090,"Action,Adventure,Indie",5,4,1
1415670,Casual,1,0,1
452060,"Action,Adventure,Indie",1284,1118,166
1398130,"Action,Casual,Indie,Early Access",6,6,0
1052500,"Action,Adventure,Casual,Free to Play,Indie,Massively Multiplayer,Racing,RPG,Simulation,Sports,Strategy",0,0,0
1104460,Action,4,2,2
885940,"Indie,RPG",80,75,5
1694740,"Action,Adventure,Indie,Early Access",0,0,0
1520610,"Casual,Indie",7,6,1
955540,"Action,Adventure,Casual,Indie",2,2,0
680970,"Action,Indie,Sports,Strategy,Early Access",2,2,0
1798980,"Casual,Indie,RPG,Simulation",0,0,0
831650,"Adventure,Casual,Indie,RPG",2,1,1
798850,"Adventure,Indie,RPG",25,17,8
861020,"Violent,Gore,Action,Indie,Early Access",0,0,0
1498570,Action,1599,1280,319
371000,"Casual,Indie",9,7,2
1270370,"Adventure,Indie",2,1,1
38420,Strategy,1077,870,207
515260,"Casual,Simulation",106,80,26
1745200,"Casual,Free to Play",0,0,0
1247920,"Adventure,Indie",3,3,0
881190,"Action,Indie",1,1,0
46380,Strategy,36,16,20
344500,"Adventure,Indie",55,46,9
638900,Strategy,0,0,0
335460,"Adventure,Indie,RPG",15,15,0
493500,Racing,5,0,5
300510,Casual,5,2,3
1581590,"Casual,Indie,Simulation",5,1,4
272600,"Adventure,Indie",1029,978,51
1521770,"Action,Casual,Indie,Simulation,Sports",1,0,1
1184090,"Action,Casual,Indie,Simulation",8,4,4
1994520,"Adventure,Casual,Indie",0,0,0
390910,"Action,Casual,Indie",55,38,17
1387300,"Action,Adventure,Casual,Indie",1,1,0
1795430,Simulation,31,29,2
1982240,RPG,1,1,0
1134040,"Adventure,Casual",2,1,1
1646120,"Simulation,Strategy",8,8,0
958280,"Adventure,Indie,Simulation",12,6,6
967240,"Action,Adventure,RPG",42,35,7
665080,Simulation,9,6,3
585360,"Action,Casual,Indie,Strategy",14,5,9
828480,"Casual,Indie,Sports,Early Access",4,2,2
1278960,"Action,Indie",8,8,0
1597290,"Casual,Indie,RPG,Simulation,Strategy",48,39,9
601570,"Sexual Content,Casual,Indie,Simulation",14,10,4
646180,"Casual,Sports",2,1,1
250500,"Action,Adventure,Indie",1428,1367,61
1687040,"Action,Adventure,Indie",3,1,2
651380,"Action,Casual,Indie",48,48,0
1060460,"Adventure,Simulation",5,4,1
1295250,"Adventure,Casual,Free to Play,Indie,Simulation,Strategy",0,0,0
1814260,"Adventure,Casual,Indie",10,8,2
1880420,"Casual,Indie",0,0,0
1257250,"Action,Indie",14,10,4
1457500,"Action,Adventure,Indie,RPG,Strategy",3,3,0
1536770,"Casual,Indie",46,30,16
626760,"Action,Casual,Indie,Simulation",10,3,7
778080,"Action,Adventure",15,9,6
2021520,Adventure,0,0,0
1419380,"Adventure,Free to Play,Indie",0,0,0
635050,"Action,Racing",8,5,3
1560580,"Casual,Indie",1,1,0
282740,"Action,Casual,Indie,Early Access",6,5,1
1696310,"Adventure,Casual,Indie,Strategy",0,0,0
494350,"Casual,Simulation,Sports",18,7,11
1583730,"Indie,Simulation,Early Access",1,0,1
826460,"Violent,Gore,Adventure,Indie",13,6,7
437570,Indie,447,383,64
1449580,"Adventure,Casual,Indie,RPG",1,1,0
677210,"Action,Adventure,Indie,RPG,Early Access",5,4,1
365450,"Indie,Simulation",5942,5599,343
1015700,"Adventure,Indie,Early Access",0,0,0
1315810,"Indie,Simulation,Strategy,Early Access",1,1,0
1271080,"Casual,Indie,RPG,Simulation",33,17,16
840910,"Action,Adventure,Indie",3,3,0
1821000,"Adventure,Casual,Indie",1,1,0
361970,"Casual,Indie,Simulation,Strategy",13,7,6
1402700,"Action,Indie",0,0,0
853240,"Action,Indie",104,63,41
1855100,"Adventure,Casual,Indie",16,16,0
879850,"Casual,Indie",0,0,0
1874920,Casual,2,2,0
744220,"Action,Adventure,Casual,Racing,RPG,Simulation,Sports,Strategy",15,2,13
1315370,"Action,Adventure,Casual,Indie",1,0,1
745930,"Action,Adventure,Indie,RPG,Early Access",2,0,2
1834170,"Action,Indie",1,1,0
1137160,"RPG,Strategy,Early Access",0,0,0
573340,"Adventure,Casual,Simulation,Strategy",1,1,0
686630,"Casual,Indie",1,1,0
356800,"Indie,RPG",17,8,9
645150,Indie,5,1,4
1811410,"Adventure,Casual,Strategy",1,1,0
448880,"Action,Indie,Early Access",4,2,2
880590,Indie,0,0,0
667590,"Racing,Early Access",0,0,0
356500,"Action,Strategy",1791,1651,140
1052920,"Action,Indie",0,0,0
574050,"Action,RPG",370,250,120
1364750,"Casual,Indie",0,0,0
1045680,"Simulation,Strategy",28,17,11
1212320,"Casual,Indie",1,1,0
878100,"Action,Adventure,Indie,Simulation",1,0,1
871400,"Action,Casual,Indie,Massively Multiplayer,Sports,Strategy",0,0,0
1275890,"Action,Indie,Strategy,Early Access",1153,1114,39
652130,"Adventure,Indie",3,3,0
933970,"Casual,Indie,Simulation,Strategy",17,6,11
363950,"Action,Adventure,Indie,RPG",90,59,31
2027220,"Action,Casual",0,0,0
491950,"Adventure,Indie,Simulation",4281,3911,370
2054680,"Casual,Indie",3,3,0
1518020,"Action,Adventure,Indie,Simulation,Early Access",4,4,0
470140,"Casual,Indie",1,1,0
1727650,"Adventure,Casual,Free to Play,Indie",0,0,0
1098480,"Casual,Simulation,Strategy",2,2,0
942800,"Casual,Indie,Simulation",30,25,5
436390,"Action,Indie",153,138,15
206410,"Casual,Strategy",14,11,3
1787090,Utilities,102,86,16
1002750,"Strategy,Early Access",2,0,2
742900,"Action,Adventure,Indie",26,18,8
1964140,"Action,Indie,Early Access",4,3,1
1455920,"Action,Adventure",0,0,0
1211630,"Casual,Indie",2692,2611,81
1322260,"Casual,Indie",11,8,3
438030,"Action,Casual",105,35,70
266010,"Casual,Indie",3369,3218,151
1896530,"Adventure,Casual",1,1,0
1289480,"Action,Indie,Early Access",0,0,0
384920,"Indie,Massively Multiplayer,Strategy,Early Access",24,7,17
32380,Action,1073,821,252
809340,"Casual,Indie,Racing,Sports",35,29,6
1451840,"Action,Free to Play,Early Access",0,0,0
332790,"Violent,Gore,Action,Indie",141,55,86
1202240,"Action,Massively Multiplayer,Strategy",9,8,1
1147750,"Action,Adventure,Casual,Free to Play,Indie",0,0,0
944960,"Action,Indie",1,1,0
913840,"Action,Adventure,Indie",5,5,0
860500,"Action,Adventure,Indie,Early Access",12,6,6
1056320,"Action,Casual,Indie,Racing,Early Access",0,0,0
1409570,"Indie,Strategy",1,1,0
1562420,"Action,Adventure,Indie,Early Access",1938,1799,139
1176020,"Action,Indie",71,61,10
393770,"Action,Adventure",2,2,0
1506460,"Casual,Indie,Strategy",0,0,0
1944440,"Free to Play,Indie,RPG,Simulation",2,2,0
1370510,"Casual,Free to Play",0,0,0
796600,Action,15,10,5
1661460,"Education,Software Training,Utilities,Game Development",0,0,0
534560,"Casual,Indie",1,1,0
1729700,"Casual,Indie,RPG,Simulation,Strategy",0,0,0
1652520,"Indie,RPG",3,3,0
1443690,Simulation,0,0,0
1973170,"Action,Adventure,Indie",1,1,0
726300,"Action,Casual,Indie",3,3,0
1279540,"Action,Casual,Free to Play,Indie,Simulation,Sports",0,0,0
981590,Utilities,6,4,2
1332760,"Action,Adventure,Indie,RPG,Early Access",44,38,6
760300,RPG,7,7,0
1406720,"Indie,Simulation,Strategy",0,0,0
491090,"Indie,Simulation,Strategy",149,92,57
648410,"RPG,Early Access",507,433,74
326130,Casual,4,1,3
527920,"Casual,Simulation",12,11,1
1341050,Action,181,116,65
1753220,"Casual,Indie,Strategy",22,18,4
1915140,"RPG,Strategy",0,0,0
1849570,Adventure,0,0,0
1830830,"Casual,Indie",1,1,0
1979470,"Action,Indie",0,0,0
304500,"Casual,Indie",26,19,7
1569670,Photo Editing,0,0,0
1080200,"Indie,Simulation,Strategy,Early Access",3,1,2
1131820,"Action,Simulation",0,0,0
565730,"Adventure,Free to Play,Indie,Early Access",0,0,0
708910,"Indie,RPG,Simulation,Early Access",0,0,0
417860,"Adventure,Casual,Free to Play,Indie,Simulation",223,192,31
816570,"Action,Adventure,Indie",1,0,1
723920,"Adventure,Casual",0,0,0
712890,Indie,5,4,1
1426970,"Casual,Early Access",2,2,0
1348680,"Free to Play,Sports",0,0,0
1341170,"Simulation,Strategy",39,36,3
1871350,"Indie,Simulation",3,2,1
2011140,Casual,1,1,0
886630,"Action,Adventure,Casual,Indie,Simulation,Early Access",12,11,1
306930,"Free to Play,Massively Multiplayer,Strategy",0,0,0
1636420,Casual,64,60,4
1827600,Casual,19,19,0
957080,Simulation,10,5,5
686240,"Action,Indie",2,1,1
1047850,"Action,Adventure,Casual,Indie,Simulation,Early Access",5,5,0
366320,"Adventure,Indie",1018,820,198
737640,Racing,0,0,0
1005490,"Adventure,Casual,Indie,Simulation,Early Access",1,0,1
449780,"Casual,Free to Play,Indie,Strategy",0,0,0
880330,"Action,Indie",0,0,0
553420,"Action,Adventure,RPG",3009,2796,213
986310,"Action,Adventure,Indie",78,52,26
1116700,"Adventure,Casual",7,6,1
1006440,"Adventure,Strategy",14,12,2
658060,"Casual,Indie,RPG,Simulation,Strategy",21,14,7
261530,"Action,Adventure,Indie",1410,1046,364
1726850,Simulation,9,8,1
1043040,"Casual,Indie",7,1,6
1510620,"Adventure,Indie",36,34,2
1855070,"Casual,Simulation",5,4,1
8140,"Action,Adventure",1486,1084,402
1399910,"Adventure,Indie,RPG",3,3,0
1107940,"Adventure,Casual,Indie,Racing",0,0,0
1239980,Indie,7,7,0
1566910,"Casual,Indie",3,2,1
1092140,"Action,Adventure,Indie",56,38,18
552800,"Action,Adventure,Casual,Indie",3,3,0
812650,"Indie,Strategy",17,15,2
1862230,Action,0,0,0
1205240,"Adventure,Casual,RPG,Strategy",117,103,14
1519230,"Action,Adventure,Casual,RPG,Early Access",2,2,0
301740,Casual,83,58,25
1216490,"Action,Adventure,Casual,Indie,RPG,Simulation",143,137,6
457860,"Adventure,Simulation",428,356,72
1565130,"Action,Adventure,Indie",0,0,0
1193900,"Adventure,Free to Play,Indie",0,0,0
1569700,Strategy,0,0,0
1166430,Indie,0,0,0
3700,Action,920,656,264
1461680,"Adventure,Casual,Indie,RPG",2,2,0
1947670,Indie,2,2,0
440630,"Action,Indie",588,505,83
204580,"Action,Casual",16,13,3
542660,"Violent,Gore,Action,Adventure,Indie",54,42,12
541410,"Action,Casual,Indie",2,2,0
1526930,"Action,Adventure,Strategy",23,20,3
440020,"Indie,RPG",58,20,38
577290,"Action,Indie,Simulation",22,16,6
1594370,"Action,Indie",2,1,1
1366810,Simulation,21,18,3
553040,"Adventure,Casual,Indie,RPG",8,7,1
631280,"Adventure,Casual",0,0,0
1177850,"Action,Adventure,Casual,Indie,RPG,Simulation,Strategy,Early Access",1,1,0
866720,"Adventure,Casual",3,2,1
1993830,"Casual,Indie",6,5,1
13630,Action,59,49,10
886650,Indie,0,0,0
400450,"Action,Indie,RPG",263,211,52
262190,"Action,Indie",145,102,43
18450,"Casual,Strategy",2,2,0
723610,"Casual,Free to Play,Indie,Sports",0,0,0
510070,"Action,Casual,Indie",11,9,2
1028930,"Free to Play,Indie",0,0,0
1122150,"Adventure,Indie",27,15,12
1578950,"Casual,Indie",26,25,1
654630,"Action,Indie",0,0,0
1828940,"Action,Casual,Indie,Simulation,Strategy,Early Access",0,0,0
872810,"Action,Adventure",19,17,2
485870,"Casual,Indie,Simulation,Strategy",132,110,22
1859680,"Indie,RPG,Simulation,Early Access",0,0,0
1066660,"Adventure,Indie,RPG,Strategy,Early Access",0,0,0
214550,"Casual,Indie,Simulation,Strategy",69,55,14
973640,Adventure,5,0,5
606860,"Adventure,Casual,Indie",184,121,63
1555500,"Adventure,Casual,Indie,Simulation",2,2,0
1011990,Adventure,36,36,0
1536730,"Action,Adventure,Indie,RPG,Early Access",14,14,0
1917370,"Adventure,Indie,Early Access",6,5,1
317330,Strategy,12,4,8
1510740,"Casual,Indie",4,4,0
780290,"Adventure,RPG,Strategy",7188,6242,946
560600,"Action,Indie,Strategy",6,6,0
1383030,"Action,Adventure,Indie,Simulation",9,3,6
1024010,"Casual,Indie,Simulation,Sports",251,208,43
1362190,"Adventure,Indie,Strategy",3,3,0
686640,"Action,Early Access",9,3,6
1518240,"Action,Adventure,Casual,Indie",2,0,2
1600170,Casual,0,0,0
340140,"Action,Casual,Indie,Massively Multiplayer,RPG,Early Access",2,0,2
1526920,"Action,Adventure,Indie",19,19,0
1095550,"Action,Casual,Indie",3,3,0
395100,"Action,Adventure,Indie",4,2,2
373720,"Action,Adventure,Free to Play,Indie,Massively Multiplayer,RPG",0,0,0
33570,"RPG,Simulation,Strategy",328,258,70
1035510,"Action,Adventure,Casual,Strategy",207,180,27
259890,"Action,Casual,Free to Play,Massively Multiplayer,Simulation,Strategy",50,6,44
393540,"Racing,Sports",3,1,2
1191650,"Indie,Early Access",0,0,0
1012070,"Casual,Indie",2,1,1
1926220,Casual,2,1,1
218660,"Action,Adventure,Indie",42,33,9
939830,"Adventure,Indie,Racing,RPG,Simulation,Early Access",6,6,0
1480140,"Audio Production,Utilities",0,0,0
1715380,"Action,Adventure,Free to Play,Indie,Massively Multiplayer,RPG,Early Access",0,0,0
1133450,Simulation,11,7,4
1920660,"Casual,Indie,RPG",2,2,0
849620,"Action,Casual,Simulation,Strategy",12,6,6
1464420,"Action,Adventure,Early Access",1,1,0
1035010,Strategy,22,19,3
420850,"Action,Indie",46,29,17
792930,"Indie,Simulation,Strategy",25,18,7
1860570,"Adventure,Free to Play,Indie",0,0,0
1160480,"Indie,Simulation,Early Access",9,1,8
1040820,"Action,Free to Play,Indie",0,0,0
749580,"Adventure,Casual,Indie",3,0,3
923010,"Adventure,Casual,Strategy",0,0,0
659760,"Indie,Simulation",0,0,0
714910,"Indie,Simulation",0,0,0
1598730,"Adventure,Indie,RPG,Early Access",8,7,1
449090,"Action,Indie",43,30,13
1467230,"Action,Indie",0,0,0
379260,Casual,8,3,5
301520,"Action,Free to Play,Indie,Massively Multiplayer,RPG,Simulation",1004,632,372
1769260,"Simulation,Early Access",0,0,0
1248460,"Adventure,Casual,Indie,RPG",24,24,0
1214710,"Casual,Simulation",0,0,0
984520,"Casual,Indie",4,1,3
1492040,"Action,Adventure,Casual,Indie",1,1,0
286940,"Action,Adventure,Free to Play,Sports,Strategy",73,45,28
1227930,"Action,Adventure,Casual,Indie,RPG,Strategy",0,0,0
1640540,"Adventure,Indie",16,10,6
611160,"Action,Adventure,RPG",800,690,110
1885670,"Action,Adventure,Indie",15,15,0
1061620,"Action,Adventure,Indie",3,2,1
1587630,Indie,1,1,0
791330,"Adventure,Indie,RPG",236,208,28
534440,"Action,Indie",17,15,2
1463570,"Adventure,Indie,RPG,Early Access",0,0,0
1517230,"Adventure,Casual,Indie,RPG,Simulation,Strategy",6,4,2
719930,Racing,15,15,0
433550,"Action,Adventure,Indie",1475,1388,87
1652090,"Action,Adventure,Indie,RPG,Strategy",0,0,0
464880,"Indie,Strategy",500,390,110
998790,"Casual,Indie",14,10,4
1308780,"Action,Casual,Indie",2,1,1
1095080,"Action,Adventure,Casual,Indie",0,0,0
583270,Indie,226,210,16
1234620,"Indie,Racing",105,93,12
1258980,"Action,Adventure,Casual,Indie,Sports,Strategy,Early Access",18,13,5
644660,"Indie,Simulation",0,0,0
1876560,Simulation,15,15,0
236510,"Action,Simulation,Strategy",1876,667,1209
362790,Casual,13,13,0
597920,"Action,Adventure,Indie,Massively Multiplayer,Simulation,Early Access",18,7,11
644370,"Violent,Gore,Action,Indie",27,23,4
1896840,"Casual,Indie",4,4,0
335890,Indie,1,1,0
725550,"Action,Indie,Early Access",2,1,1
32410,Casual,28,18,10
767110,"Sexual Content,Nudity,Casual,Indie,Simulation",10,4,6
1441670,"Action,Adventure,Indie",27,27,0
1835040,"Action,Casual,Free to Play,Indie",0,0,0
1860040,"Casual,Indie,RPG,Strategy",0,0,0
955050,"Action,Adventure,Indie",4826,4336,490
1816890,"Adventure,Indie",22,20,2
673970,"Indie,Simulation,Early Access",10,9,1
1524380,"Action,Adventure,Indie",14,14,0
1634450,"Action,Simulation,Strategy",9,7,2
1237110,"Action,Casual,Indie",0,0,0
1910890,"Indie,RPG",2,2,0
607820,"Indie,RPG",70,63,7
697530,"Indie,Strategy",0,0,0
1043380,Casual,1,0,1
699160,Casual,4,2,2
1418670,"Action,Adventure,Indie,RPG,Simulation,Strategy,Early Access",1,0,1
1199800,"Casual,RPG",1,1,0
817760,"Adventure,Casual,Simulation,Strategy",3,1,2
1814480,"Casual,Simulation,Sports,Strategy",0,0,0
957490,"Casual,Indie,Simulation",0,0,0
1681670,Casual,0,0,0
965010,Adventure,32,28,4
696200,"Action,Adventure,Indie",24,24,0
822450,"Action,Indie",5,5,0
365900,"Adventure,Casual,Indie,RPG",222,190,32
636010,Casual,3,1,2
1328050,"Action,Casual,Indie,Racing",0,0,0
1148360,"Indie,RPG",8,7,1
1796610,"Casual,Indie,Racing",0,0,0
1185410,"Action,Indie",1,1,0
853210,"Casual,Indie,Simulation",12,4,8
1885460,"Action,Casual,Indie,Early Access",0,0,0
491670,Strategy,31,23,8
1015730,"Indie,RPG",77,66,11
1513670,"Casual,Indie",9,9,0
797070,"Adventure,Casual",8,6,2
673210,"Adventure,Indie,Simulation",478,327,151
1261090,"Casual,Indie,Strategy",11,8,3
1045300,"Adventure,Indie,Strategy",2,2,0
1339290,"Action,Adventure,Casual,Indie,Simulation",2,2,0
1548020,"Action,Casual,Indie",0,0,0
1882240,RPG,46,41,5
1289470,"Action,Adventure,Indie,RPG",1,0,1
412830,Adventure,2968,2843,125
1845760,Action,1,1,0
1448120,"Casual,Indie",0,0,0
571870,"Action,Adventure,Indie",19,8,11
1240050,"Adventure,Indie,RPG,Strategy",78,54,24
1607310,"Indie,Simulation,Strategy,Early Access",1,1,0
1409810,"Action,Casual,Indie",0,0,0
961860,"Action,Adventure,Indie",31,20,11
1066810,"Action,Casual,Indie,Simulation",14,12,2
1144910,"Action,Indie",104,101,3
448810,"Action,Adventure,Indie,RPG",12,9,3
977410,"Adventure,Indie,Early Access",3,2,1
1286640,"Adventure,Indie",0,0,0
952290,"Adventure,Casual,Indie",25,22,3
1047140,"Action,Adventure,Indie",4,0,4
996230,"Action,Adventure,Indie,RPG,Simulation,Strategy",1,1,0
645930,"Action,Indie",22,13,9
1449470,"Action,Casual,Indie",0,0,0
463290,"Casual,Indie",104,97,7
651970,"Action,Indie",2,1,1
370240,Sports,1812,902,910
1957560,"Action,Adventure,Casual,Indie,Strategy",1,0,1
464780,"Adventure,Free to Play",19,17,2
659910,"Action,Casual,Indie",1,1,0
1390120,"Casual,Indie,Simulation",16,12,4
1253880,"Indie,RPG,Simulation",25,25,0
1249420,"Free to Play,Indie,Simulation",0,0,0
456150,"Utilities,Early Access",2,0,2
1627710,"Action,Casual,Indie",2,2,0
340350,"Action,Free to Play,Indie",3,2,1
1859130,Casual,0,0,0
627620,"Indie,Simulation,Strategy",81,39,42
582160,"Action,Adventure,RPG",22599,19085,3514
1306580,"Adventure,Casual,Free to Play,Indie,RPG,Simulation",0,0,0
1844720,"Adventure,Casual,Indie,RPG",0,0,0
1383880,"Adventure,Casual,Indie",29,27,2
283270,"Action,RPG,Strategy",77,71,6
778050,"Action,Adventure,Casual,Indie",4,2,2
342240,"Action,Indie",7,4,3
1445980,"Casual,Indie",14,14,0
637860,"Violent,Gore,Indie",4,2,2
780820,"Casual,Free to Play,Indie",0,0,0
42210,Adventure,196,148,48
1234840,"Adventure,Casual,Indie,Strategy",15,9,6
680070,"Adventure,Casual,Indie,Sports,Strategy",5,3,2
2023250,"Indie,RPG,Early Access",0,0,0
449250,"Indie,Simulation",188,177,11
306130,"Action,Adventure,Massively Multiplayer,RPG",55926,46501,9425
592570,"Adventure,Indie",4,2,2
745510,"Adventure,Casual,Indie",36,30,6
1813940,"Casual,Indie",0,0,0
206040,"RPG,Indie",23,19,4
52003,Action,0,0,0
1728170,"Casual,Indie",0,0,0
338820,"Free to Play,Indie,Strategy,Early Access",0,0,0
1450530,Action,0,0,0
1000600,Indie,0,0,0
564810,"Action,Adventure,Indie",30,30,0
1685510,Action,11,9,2
1786770,"Action,Indie",0,0,0
679110,"Action,Adventure",98,65,33
1313120,"Action,Indie",3,3,0
1193210,"Adventure,Indie",3,3,0
777430,"Simulation,Sports",30,16,14
725270,Indie,552,497,55
906310,Indie,2,2,0
469720,"Adventure,Indie,RPG,Strategy",320,272,48
1467340,"Adventure,Indie,RPG,Early Access",0,0,0
1131530,"Adventure,Casual,Indie,Simulation,Strategy",27,24,3
1956740,"Free to Play,RPG",0,0,0
717850,"Casual,Indie,Simulation",100,96,4
817980,"Action,Casual,Indie,Early Access",3,3,0
1284480,"Indie,RPG,Strategy",3,3,0
1122870,"Action,Adventure,Indie,Simulation,Strategy,Early Access",0,0,0
1021820,"Casual,Indie,Simulation",5,3,2
847570,"Action,Adventure,Indie",3,1,2
534550,"Action,Adventure,Indie",985,901,84
986490,"Action,Indie,Early Access",0,0,0
963940,Indie,0,0,0
1526690,"Adventure,Casual,Indie,Simulation",0,0,0
105420,"Action,Indie",103,88,15
397200,"Action,Casual,Indie",15,8,7
1698570,"Action,Casual,Indie",23,21,2
1339140,"Action,Indie",3,2,1
998930,"Action,Casual,Indie",387,310,77
968730,Strategy,10,6,4
1238860,Action,17531,15335,2196
363270,"Action,Indie,Racing",5,2,3
1547890,"Simulation,Strategy",1046,955,91
851730,"Casual,Indie",65,59,6
1112370,"Action,Adventure,Indie",26,23,3
675210,"Violent,Action,Indie",44,19,25
1677140,Indie,24,21,3
1812340,Adventure,10,10,0
1195910,"Adventure,Indie",26,23,3
586130,"Casual,Indie,Racing",19,11,8
756880,"Adventure,Casual,Indie,RPG,Strategy",90,54,36
1880030,"Adventure,Casual,Indie",0,0,0
796440,"Action,Indie",17,7,10
846250,"Action,Indie,RPG",4,2,2
328440,Strategy,57,20,37
229890,"Action,Casual,Indie,Racing",43,33,10
1611070,"Adventure,Strategy",0,0,0
593410,"Casual,Indie,Strategy",17,14,3
1890170,"Action,Adventure,Casual,Indie,RPG,Early Access",0,0,0
1159960,"Casual,Indie,Early Access",0,0,0
1873570,"Adventure,Indie",11,8,3
904340,"Indie,Racing",2,1,1
1764230,"Casual,Indie,Strategy",0,0,0
713050,"Casual,Indie",12,9,3
1710250,"Adventure,Casual",5,4,1
755630,Action,57,35,22
1131460,"Casual,Indie,RPG",0,0,0
1846000,"Action,Adventure,Casual,Indie,RPG,Early Access",0,0,0
1212740,Casual,1,1,0
1861870,"Indie,RPG",15,15,0
304540,"Action,Sports",18,11,7
1007180,"Action,Indie",2,2,0
1046930,"Casual,Free to Play,Strategy",0,0,0
657300,"Indie,Racing",14,14,0
1943710,"Free to Play,Indie,Simulation,Strategy",0,0,0
1230430,"Casual,Simulation",1,1,0
1192060,Action,3,0,3
1896140,"Indie,RPG,Strategy",2,2,0
1004610,"Action,Indie",133,118,15
1800030,Action,1,1,0
461820,"Casual,Free to Play,RPG",2,1,1
810800,"Action,Adventure,Casual,Indie",13,9,4
1519890,"Casual,Indie,Simulation",21,14,7
1693970,"Adventure,Casual,Indie,RPG",0,0,0
1108250,"Action,Indie,Early Access",2,2,0
482460,"Action,Indie,Simulation,Early Access",5,3,2
485040,"Adventure,Simulation",149,129,20
1191120,"Casual,Indie,RPG,Simulation,Strategy",1180,1052,128
1838220,"Action,Adventure,Casual,Free to Play",0,0,0
1191630,Adventure,595,535,60
729460,"Action,Adventure,Casual,Indie",35,24,11
94620,"Adventure,Casual",69,64,5
1309730,Strategy,0,0,0
1020250,"Action,Casual,Indie,Racing",2,1,1
575960,"Casual,Indie",39,21,18
1384380,"Casual,Indie,Simulation",21,19,2
1432670,Casual,6,6,0
1561350,"Action,Indie",5,1,4
985840,Casual,0,0,0
1666850,Indie,0,0,0
1247730,"Adventure,Casual,Indie,Simulation",5,4,1
462130,Indie,5,5,0
709870,"Action,Indie,Simulation",28,16,12
1443640,"Action,Sports",2,1,1
863660,"Adventure,Casual,Indie,Simulation",3,1,2
574170,"Casual,Indie,Strategy",2,2,0
765790,"Adventure,Massively Multiplayer,Strategy,Early Access",3,1,2
1406850,"Action,Adventure,RPG",159,152,7
246900,"Indie,Simulation",7566,7118,448
440880,"Adventure,Indie,RPG",442,416,26
1308660,"Casual,Indie,Strategy",0,0,0
1758390,Casual,1,1,0
1739630,"Casual,Free to Play,RPG,Simulation,Sports,Strategy",0,0,0
715560,"Adventure,Indie",2725,2462,263
421740,"Adventure,Indie",285,226,59
498600,"Adventure,Casual,Free to Play,Indie,Simulation",1,0,1
597860,"Action,Adventure,Indie",17,10,7
875520,Adventure,0,0,0
905660,"Adventure,Indie,RPG,Strategy",14,13,1
1565970,"Casual,Indie",3,2,1
1140750,"Casual,Indie,Strategy",1,0,1
781650,"Indie,Racing,Simulation",2,1,1
1767550,"Action,Indie,Early Access",0,0,0
3960,Strategy,109,54,55
449130,"Education,Software Training,Utilities",0,0,0
1757870,"Action,Free to Play,Indie,Simulation,Sports,Early Access",0,0,0
1012600,Indie,0,0,0
935880,"Casual,Indie",759,700,59
1110910,"Action,RPG",1663,1259,404
1028770,Casual,6,3,3
292500,"Action,Adventure,Indie",535,518,17
1466290,"Adventure,Casual,Indie",0,0,0
709780,"Adventure,Casual,Indie,Simulation",29,11,18
840510,"Action,Casual,Indie,Massively Multiplayer,Racing,Simulation,Early Access",0,0,0
29540,"Massively Multiplayer,RPG",6,5,1
426210,"Action,Indie,RPG,Strategy",14,6,8
926820,"Action,Indie,Simulation",5,5,0
1446720,"Action,Free to Play",0,0,0
1432110,"Casual,Indie",1,0,1
1329530,"Simulation,Early Access",8,3,5
585890,"Adventure,Casual,Indie",296,281,15
1931750,"Action,Adventure,Casual,Free to Play,Indie,RPG,Strategy",0,0,0
1294450,"Adventure,Casual,Racing,Sports",7,6,1
1119980,"Action,Indie",845,806,39
511090,"Indie,Early Access",12,8,4
688660,Strategy,65,31,34
329650,Action,134,107,27
368740,"Action,Indie,Racing",78,48,30
1855710,"Action,Adventure",0,0,0
297620,Action,30,15,15
1552350,Indie,726,660,66
1039560,"Action,Casual,Indie,Strategy",0,0,0
743110,"Action,Adventure,Casual,Indie,Simulation",14,14,0
628180,Simulation,2,2,0
501030,"Adventure,Indie,RPG,Strategy",16,11,5
1670860,"Action,Adventure,Early Access",1,0,1
1674180,"Action,Adventure,Indie,RPG",16,8,8
1216320,"Action,Casual,Indie,Simulation,Strategy,Early Access",2266,2020,246
912420,"Action,Adventure,Casual,Indie,Simulation,Strategy",8,3,5
588430,"Free to Play,RPG,Simulation",0,0,0
853940,"Action,Adventure,Indie,RPG",6,2,4
714060,"Action,Adventure,Indie,Early Access",2,2,0
541210,"Indie,Simulation,Strategy",2698,2345,353
912590,"Adventure,Indie,RPG",3,1,2
837220,"Casual,Indie,Simulation",11,6,5
978660,"Casual,Indie",1,1,0
702150,"Action,Indie",4,3,1
941030,"Adventure,Casual",4,4,0
1702190,"Casual,Free to Play",0,0,0
712390,"Sexual Content,Free to Play,Indie,RPG",0,0,0
715670,Utilities,11,10,1
396850,"Adventure,Casual",51,27,24
822990,"Indie,Simulation,Strategy",217,168,49
685240,"Casual,Indie,Simulation,Early Access",198,183,15
848090,"Action,Indie",0,0,0
1765020,"Action,Indie,Sports",0,0,0
1735300,Utilities,0,0,0
1919500,"Casual,Free to Play,Early Access",0,0,0
536220,Adventure,4499,3317,1182
894020,"Action,Adventure,Indie,RPG",6255,5942,313
1775980,"Action,Casual",0,0,0
1715000,"Indie,Simulation,Strategy",14,12,2
1742610,Strategy,178,170,8
1516120,"Adventure,Indie,RPG",0,0,0
1194720,"Action,Adventure,Indie,RPG,Simulation,Early Access",6,2,4
313020,"Adventure,Indie,RPG",948,772,176
1808270,Adventure,3,2,1
1929830,Racing,0,0,0
1185570,"Casual,Indie,Strategy",0,0,0
656060,"Casual,Indie,Simulation",4,2,2
673280,"Action,Indie,Racing",4,4,0
1049080,"Adventure,Casual,Indie",1,0,1
1621860,"Free to Play,Animation & Modeling,Utilities",0,0,0
1247210,"Action,Adventure,Casual,Sports,Strategy",1,1,0
1714070,"Casual,Indie,Racing",6,5,1
1355820,"Action,Free to Play,Indie,Massively Multiplayer,RPG",0,0,0
1584830,"Casual,Indie,Simulation",83,81,2
628290,"Indie,RPG",117,82,35
845840,Indie,14,14,0
1889100,"Indie,RPG,Simulation,Sports",3,2,1
1502260,"Action,Adventure,Indie",0,0,0
544680,"Adventure,Indie",4,1,3
1081740,"Casual,Free to Play,Indie,Simulation,Strategy",0,0,0
1816080,"Action,Casual,Free to Play,Indie,Sports",0,0,0
576750,"Action,Adventure,Indie",18,14,4
1995300,Utilities,0,0,0
1545710,"Casual,Free to Play,Racing",0,0,0
1874340,"Action,Adventure,Casual,Indie,Simulation",11,8,3
926470,"Adventure,Indie",11,8,3
1241950,"Free to Play,Strategy",0,0,0
516600,Indie,27,25,2
1328890,"Indie,RPG",171,164,7
910470,Indie,11,11,0
1693250,"Action,Adventure,Casual,Indie,RPG,Strategy,Early Access",27,22,5
398830,"Action,Adventure,Casual,Indie,Racing",1,0,1
1960890,"Adventure,Casual,Indie",6,6,0
1787840,"Casual,RPG,Simulation",0,0,0
251410,"Action,Indie",135,55,80
1477320,"Indie,Strategy",0,0,0
1654860,"Adventure,Casual,Indie",13,12,1
1777940,"Action,Indie,Simulation,Strategy",1,0,1
1706970,"Action,Adventure,Indie,Early Access",3,2,1
420000,Simulation,803,611,192
1053970,"Casual,Indie",2,1,1
977430,"Action,Adventure,Casual,Indie,Strategy",1,1,0
845960,"Adventure,Indie",10,4,6
1762300,Casual,0,0,0
649360,"Casual,Indie,Strategy,Early Access",1,0,1
1606450,"Casual,Indie",1,1,0
45410,Racing,47,23,24
848030,"Casual,Indie,RPG,Strategy",220,187,33
1644010,Indie,0,0,0
1293990,"Casual,Indie,Strategy",21,20,1
987480,"Adventure,Casual,Indie",1,1,0
944920,"Adventure,RPG",254,205,49
1578470,Action,0,0,0
1074500,"Adventure,Indie",7,7,0
922710,"Action,Adventure,Indie",92,81,11
823900,"Animation & Modeling,Utilities,Early Access",0,0,0
2005350,RPG,0,0,0
460150,"Casual,Indie,Simulation",25,16,9
2017130,Action,0,0,0
1567990,"Adventure,Casual,Indie",0,0,0
425670,Action,255,209,46
832380,"Adventure,Indie,Strategy",2,2,0
1294120,"Action,Adventure,Indie",2,2,0
434020,"Adventure,Indie,Strategy",214,174,40
1488620,"Action,Casual,Indie",0,0,0
888530,"Action,Indie,RPG",126,110,16
1478340,"Casual,Indie,Racing,Simulation,Sports,Early Access",20,17,3
379210,"Adventure,Indie,RPG,Simulation,Early Access",698,587,111
1513270,"Adventure,Casual,Indie,Strategy,Early Access",5,3,2
456780,"Racing,Simulation,Sports",48,33,15
1215720,"Adventure,Casual,Indie",0,0,0
867140,"Adventure,Casual,Indie",22,14,8
791240,"Adventure,Casual,Indie",28,28,0
510000,"Action,Free to Play,Indie,RPG,Early Access",0,0,0
392940,"Adventure,Casual,Indie,RPG,Strategy",18,11,7
1618720,"Simulation,Education,Early Access",0,0,0
1103780,"Free to Play,Racing,Simulation,Sports,Early Access",0,0,0
890110,"Action,Free to Play,Indie,Early Access",0,0,0
1257410,"Adventure,Indie",211,192,19
1522010,"Action,Casual,Strategy",0,0,0
1062690,Simulation,0,0,0
739240,"Adventure,Casual,Indie,Simulation",14,8,6
1306180,"Action,Indie,Racing,Sports",0,0,0
426000,"Indie,Simulation",3582,3144,438
1385380,"Adventure,Indie,RPG,Strategy,Early Access",1994,1825,169
560750,"Adventure,Casual",26,17,9
628760,"Adventure,Casual,Indie,RPG,Simulation",56,39,17
1343050,"Action,Adventure,Casual,Indie",0,0,0
662200,"Casual,Indie,Strategy",10,7,3
12810,RPG,1380,1167,213
992050,"Casual,Indie",29,23,6
1569150,"Action,Adventure,Indie",35,35,0
1488860,"Action,Adventure,Indie,RPG,Simulation",35,29,6
1632500,"Action,Casual,Indie",13,12,1
702940,"Adventure,Indie",3,3,0
1032650,"Action,Adventure,Casual",0,0,0
987950,"Action,Casual,Indie,Massively Multiplayer",42,31,11
8890,"RPG,Strategy",154,136,18
443330,Adventure,65,46,19
1031370,"Action,Indie,Strategy",1,1,0
967370,"Action,Adventure,Casual,Indie,RPG,Simulation,Strategy",8,6,2
1269960,"Action,Adventure,Free to Play,Indie,Massively Multiplayer,RPG,Early Access",0,0,0
1466170,"RPG,Simulation,Strategy,Early Access",4,1,3
894820,"Action,Casual,Indie,Racing",0,0,0
1281270,"Adventure,Casual,Indie",214,204,10
214340,"Adventure,Indie",2502,1969,533
527430,"Action,Adventure,Indie,RPG",7137,5461,1676
846320,"Action,Adventure",0,0,0
1148470,Action,8,7,1
384950,"Indie,RPG",11,8,3
729610,"Indie,RPG,Strategy",0,0,0
1418020,"Action,Adventure,Casual,Indie,RPG,Simulation,Strategy",134,92,42
1513260,"Action,Adventure,Casual,Free to Play,Indie",0,0,0
542930,"Action,Adventure,Indie",4,3,1
820510,"Adventure,Casual,Indie",17,16,1
679740,"Violent,Indie",10,6,4
869120,"Action,RPG",4,4,0
516510,"Action,Adventure,Free to Play,Indie,Massively Multiplayer,RPG,Strategy",2,2,0
1836420,"RPG,Early Access",13,12,1
1376890,"Free to Play,Indie",0,0,0
231310,"Adventure,Indie",243,151,92
41800,"Indie,Simulation,Strategy",421,335,86
848810,"Casual,Indie",1,1,0
1544080,"Action,Indie,Simulation",5,4,1
660880,"Casual,Free to Play,Indie",0,0,0
265240,"Casual,Strategy",12,1,11
1565900,"Action,Adventure,Indie,Early Access",0,0,0
1078130,"Action,Casual,Indie,Sports",0,0,0
1768800,"Action,Adventure,Indie,RPG",1,1,0
15080,"Action,Adventure",409,353,56
747320,"Indie,RPG",18,13,5
1608680,"Indie,Racing,Sports",75,53,22
1057220,"Animation & Modeling,Audio Production,Early Access",0,0,0
1684840,"Casual,Simulation",31,28,3
292380,"Casual,Racing",35,11,24
360170,"Action,Adventure,RPG",1830,1217,613
1551080,"Indie,RPG,Simulation,Strategy",3,1,2
1226940,"Casual,Indie",3,1,2
1708420,"Casual,Indie",3,1,2
1678340,"Indie,Strategy,Early Access",1,1,0
1698110,"Action,Massively Multiplayer,Early Access",2,0,2
1487840,"Casual,Indie,Strategy",6,5,1
1417680,"Action,Adventure,Indie,Strategy",4,1,3
1833900,"Casual,Indie",0,0,0
1238400,"Adventure,Casual,Indie,RPG",17,13,4
660070,"Action,Indie",1,1,0
773951,"Action,Indie,RPG,Strategy",4593,3309,1284
764880,"Adventure,Casual,Indie",1,1,0
502540,"Action,Indie",18,16,2
404690,"Adventure,Indie",133,106,27
1486690,Indie,2,2,0
1275230,"Action,Indie",1,0,1
454120,"Action,Massively Multiplayer,Simulation,Early Access",3860,2419,1441
1542010,"Indie,RPG,Simulation,Strategy",0,0,0
313080,"Action,Indie,Strategy",245,152,93
1360250,"Action,Indie",0,0,0
1790890,Action,0,0,0
1035790,"Casual,Indie",2,2,0
1891940,Indie,10,9,1
822720,"Action,Adventure,Indie",4,3,1
422970,"Action,Indie",4653,4488,165
1796950,"Casual,Indie,Simulation,Strategy",0,0,0
1502040,"Adventure,Indie,RPG,Simulation,Strategy,Early Access",5,3,2
382260,"Action,Casual,Free to Play,Indie",165,151,14
1822340,"Adventure,Casual,Free to Play,Indie,Early Access",0,0,0
1082700,"Adventure,Indie",1,0,1
573270,"Adventure,Indie,RPG,Simulation",25,20,5
1823070,"Action,Casual,Indie",0,0,0
486480,"Action,Indie",18,4,14
543440,"Action,Indie",32,28,4
1342890,"Adventure,Casual,Indie,RPG",402,369,33
767240,"Animation & Modeling,Design & Illustration,Education,Software Training,Utilities,Game Development",20,17,3
491040,"Action,Adventure,Indie",477,451,26
1747520,"Casual,Indie",2,0,2
1034150,"Casual,Indie,Early Access",5,5,0
1007260,"Casual,Free to Play,Indie",0,0,0
1694500,"Casual,Indie",4,3,1
517020,"Action,Indie,Simulation,Strategy,Early Access",42,24,18
974620,"Adventure,Simulation",16,7,9
1883430,"Indie,RPG",0,0,0
381870,Indie,68,65,3
1685560,"Action,Strategy,Early Access",0,0,0
646330,"Adventure,Casual",39,38,1
1638510,"Casual,Indie",2,1,1
1498460,"Adventure,Casual",3,2,1
595440,"Casual,Indie",127,110,17
1427020,"Adventure,Indie,RPG",2,2,0
1334610,"Action,Adventure,Indie",5,5,0
1318530,"Adventure,Casual,Indie,RPG,Early Access",0,0,0
615650,"Free to Play,Simulation,Sports",0,0,0
1549950,"Casual,Indie,Strategy",2,0,2
661500,"Indie,Simulation,Strategy,Early Access",21,17,4
1813690,Simulation,6,6,0
948080,"Action,Adventure,Free to Play",0,0,0
655640,"Action,Sports",0,0,0
552310,"Indie,RPG",5,2,3
501860,"Action,Indie,RPG,Strategy",72,41,31
1292560,"Action,Adventure,Indie",0,0,0
880210,"RPG,Early Access",0,0,0
593260,"Action,Adventure,Casual,Indie",4,2,2
488822,Action,2,1,1
718010,"Action,Adventure,Indie",23,22,1
476460,"Casual,Free to Play,Indie,Strategy",11,11,0
1729170,Strategy,6,6,0
349060,"Casual,Indie",6,3,3
1151550,"Adventure,Casual,Indie,Racing,Simulation",0,0,0
1378860,Strategy,26,22,4
377550,"Casual,Indie,Sports",10,5,5
1752840,"Action,Adventure,Casual,Free to Play,Indie,Massively Multiplayer",0,0,0
1248870,Adventure,1,1,0
1524150,"Adventure,RPG",5,5,0
1710930,"Indie,Simulation",0,0,0
432940,"Action,Racing",70,53,17
929470,Casual,2,1,1
580420,"Gore,Action,Adventure,Casual,Indie",16,14,2
913320,"Adventure,Free to Play,Indie,RPG",0,0,0
676450,"Casual,Indie",12,11,1
1445580,"Casual,Indie",3,3,0
433530,"Action,Indie,Massively Multiplayer",1725,1301,424
1708590,"Casual,Indie",0,0,0
605230,"Indie,Massively Multiplayer,Simulation,Early Access",499,439,60
1785800,"Casual,Indie",0,0,0
785950,"Action,Adventure",1,0,1
1183320,Indie,0,0,0
529970,"Action,Adventure,Indie",36,25,11
1216060,"Action,Casual",1914,1439,475
518000,"Action,Indie,Early Access",4,4,0
219640,"Action,Indie",22318,18137,4181
603000,"Action,Indie",4,3,1
762240,"Indie,RPG,Early Access",5,5,0
1057780,"Action,Adventure,Indie,Early Access",34,31,3
647910,"Adventure,Casual",5,4,1
988500,"Action,Indie",0,0,0
730760,"Action,Casual,Indie",1,0,1
1635720,Indie,0,0,0
613900,"Casual,Simulation",52,52,0
670260,"Adventure,Indie,RPG,Early Access",469,370,99
1082710,"Action,Adventure,Indie,RPG",2785,2727,58
884830,"Simulation,Sports",0,0,0
351150,"Adventure,Indie",217,149,68
2590,Action,404,238,166
1502660,"Free to Play,Indie,RPG",0,0,0
1521050,"Casual,Indie,Racing,Simulation",1,0,1
679070,"Action,Adventure,Simulation,Early Access",9,5,4
1036970,Casual,12,9,3
1520690,Action,0,0,0
1048420,"Adventure,Casual,Indie",3,3,0
1245060,"Adventure,Indie",0,0,0
1072660,"Action,Adventure,RPG",9,1,8
1732760,"Adventure,Indie",13,5,8
656300,"Casual,Indie,Simulation,Sports",2,0,2
1014790,"Casual,Indie",1,1,0
1111270,"Action,Casual,Indie",0,0,0
694480,"Action,Indie,Strategy",16,13,3
1219980,"Adventure,RPG",5,5,0
750210,"Action,Indie",61,41,20
2053450,"Adventure,Indie,Strategy",1,1,0
761450,"Casual,Indie,Strategy",0,0,0
880620,"Action,Adventure,Indie,RPG",3,0,3
761760,"Casual,Indie,Simulation",14,9,5
1109300,Indie,15,14,1
1180020,Indie,0,0,0
948630,"Casual,Indie,RPG,Simulation,Strategy",482,421,61
822140,"Action,Casual,Indie",5,2,3
1768880,"Adventure,Casual,Indie,Early Access",0,0,0
753900,"Action,Indie,Simulation",49,32,17
941320,"Action,Adventure,Casual,Indie,RPG",4,3,1
1515170,"Adventure,Indie",1,1,0
1101570,"Design & Illustration,Utilities,Web Publishing",3,1,2
327940,Adventure,20,17,3
1821820,"Adventure,Free to Play,Simulation",0,0,0
884430,"Adventure,Indie,RPG",11,5,6
562540,"Free to Play,Strategy",12,7,5
1430760,"Casual,Indie,Simulation,Early Access",111,89,22
434240,"Action,Indie",1,1,0
909480,"Adventure,Casual,Indie",5,3,2
1842430,"Action,Adventure,RPG",0,0,0
542650,"Indie,Simulation",11,2,9
861670,Strategy,5,4,1
1052360,"Action,Indie",7,4,3
1492420,"Action,Indie",1,1,0
1888460,"Action,Adventure,Indie,Early Access",2,0,2
1261970,Action,23,22,1
1271530,"Action,Indie,Racing",10,8,2
1263800,"Action,Casual,Simulation",0,0,0
50,Action,7106,6804,302
1682200,"Action,Adventure,Casual,Indie,RPG,Simulation",2,0,2
1071130,"Adventure,Indie",383,376,7
1052660,"Casual,Indie",0,0,0
1256870,"Casual,Sports,Early Access",1,0,1
1610730,"Adventure,Casual,Indie",0,0,0
1445400,Action,14,14,0
710670,"Indie,Strategy",0,0,0
840170,"Adventure,Casual,Indie,RPG,Simulation,Strategy",2,0,2
547710,"Adventure,Indie",11,5,6
535680,"Action,Casual,Indie,Strategy",2,2,0
1239180,"Free to Play,Indie,RPG",0,0,0
1448170,"Casual,Indie",0,0,0
1031540,"Casual,Indie",11,7,4
915330,Casual,22,19,3
1895550,Casual,0,0,0
1254360,"Adventure,Casual,Free to Play,Massively Multiplayer,RPG,Simulation,Strategy",0,0,0
606710,"Adventure,RPG",314,293,21
355050,"Action,Indie",639,574,65
578440,RPG,2,1,1
697000,"Action,Adventure,Casual,Indie,Simulation,Strategy",2,0,2
654060,"Casual,Indie,Simulation,Strategy",0,0,0
619930,Casual,20,19,1
1012630,"Action,Casual,Indie",215,205,10
283660,"Action,Casual,Indie",70,43,27
341040,"Indie,Strategy",76,58,18
1274300,"Action,Indie,Simulation",78,54,24
1245730,"Action,Indie",1,1,0
656280,"Action,Indie",0,0,0
503730,"Action,Adventure,Indie",3,1,2
1071900,"Adventure,Casual,Indie,RPG",0,0,0
1845040,"Simulation,Strategy",0,0,0
408960,"Action,Indie,RPG",143,114,29
1918340,"Action,Adventure,RPG",1,1,0
729060,"Action,Adventure,Indie",65,42,23
285500,"Action,Racing,RPG",419,292,127
1665780,"Action,Adventure,RPG",0,0,0
1061220,"Action,Indie,Sports",2,2,0
356910,Action,89,64,25
1372810,"Indie,Simulation,Sports",751,629,122
861050,"Action,Adventure,Free to Play,Indie,Massively Multiplayer",0,0,0
1409630,"Casual,Indie",1,0,1
897740,"Action,Adventure,Indie",1,1,0
1074690,RPG,0,0,0
1309140,"Action,Free to Play,Indie,RPG,Strategy",0,0,0
440660,"Action,Indie",17,14,3
1826090,"Action,Casual,Indie,Strategy,Early Access",16,15,1
842080,"Action,Indie",0,0,0
374690,"Animation & Modeling,Utilities",8,1,7
1570720,"Action,Free to Play,Indie",0,0,0
1114720,Education,0,0,0
828860,"Violent,Gore,Indie",3,3,0
912120,"Adventure,Indie",1,0,1
1108310,"Adventure,RPG",2,2,0
715210,"Action,Casual,Indie",2,2,0
944690,"Action,Casual,Indie",11,10,1
444830,"Indie,Simulation,Early Access",9,7,2
1482540,Adventure,0,0,0
1412620,"Adventure,Casual,Indie,RPG,Simulation",1,0,1
1838080,"Action,Adventure,Indie",0,0,0
1972160,"Action,Adventure,Indie",1,1,0
1344980,"Action,Indie",1,1,0
1949980,"Adventure,Casual,Indie,RPG",23,19,4
895620,"Simulation,Strategy",870,693,177
1081800,"Casual,Free to Play,Indie",0,0,0
269270,"Action,Indie",518,476,42
1356890,"Action,Casual,Indie",1,0,1
758650,"Adventure,Casual",0,0,0
858070,"Action,Adventure,Indie,Strategy,Early Access",0,0,0
1498590,"Indie,Simulation,Sports",33,28,5
1577880,"Action,Adventure,Indie,RPG",1,1,0
1570420,"Action,Adventure,Casual,Indie,Strategy",0,0,0
913180,"Action,Simulation,Strategy",11,5,6
1577160,Casual,36,27,9
780970,"Casual,Indie,Simulation,Strategy,Early Access",0,0,0
709890,"Action,Adventure,Casual,Indie",1,0,1
639230,"Casual,Indie,Strategy,Early Access",0,0,0
1142810,"Indie,Sports,Early Access",35,34,1
1533070,"Action,Casual",12,12,0
1500860,"Adventure,Indie",0,0,0
555810,Accounting,1,1,0
586880,"Action,Adventure,Casual,Indie",143,136,7
1231720,"Action,Indie",0,0,0
907270,"Casual,Indie,Simulation,Strategy",93,78,15
461430,"Action,Adventure,Casual,Indie,Massively Multiplayer,Racing,RPG,Simulation,Strategy,Early Access",2671,1780,891
395920,"Adventure,Casual,Indie",3,3,0
1649570,"Action,Adventure,Indie",36,33,3
1977460,"Adventure,RPG",3,3,0
761320,"Action,Adventure,Casual,Indie",37,29,8
656260,"Action,Indie,Early Access",5,4,1
839910,"Casual,Free to Play,Indie,Strategy",0,0,0
1139280,"Adventure,Indie",126,123,3
464800,"Adventure,Casual,Free to Play",1,0,1
1831580,"Casual,Simulation",2,2,0
328670,"Action,Sports",12,3,9
560260,"Free to Play,Indie",300,256,44
1677400,Simulation,4,4,0
659810,Indie,3,1,2
1690730,"Free to Play,RPG,Simulation",0,0,0
1399630,"Indie,Sports",1,1,0
841300,"Sexual Content,Free to Play,Indie,Simulation",0,0,0
723720,"Casual,Indie,RPG",0,0,0
1679730,Casual,0,0,0
1070860,"Adventure,Casual,Indie,RPG",335,256,79
763730,"Action,Indie",8,5,3
914390,"Action,Adventure,Casual,Indie",0,0,0
863290,"Action,Casual,Indie,Simulation,Sports",1,1,0
1628670,"Action,Casual,Indie",0,0,0
699230,"Action,Indie",5,5,0
851960,Action,0,0,0
346430,Indie,3,1,2
1243220,"Adventure,Indie,Simulation,Strategy",149,123,26
364940,"Casual,Indie",140,98,42
801060,"Casual,Indie,Simulation",4,0,4
1078920,Simulation,558,505,53
1178140,"Action,Adventure,Indie",97,95,2
230760,"Casual,Indie",2,0,2
1082760,"Adventure,Indie",0,0,0
845570,"Action,Adventure,Casual,Indie",2,0,2
860680,"Action,Indie",3,2,1
97110,Strategy,64,53,11
743940,"Adventure,Indie",5,5,0
1264850,"Action,Adventure,Indie",11,8,3
991510,"Action,Casual,Indie",6,6,0
333650,"Adventure,Casual,Indie,Strategy",13,10,3
207230,"Action,Free to Play,Indie",22,14,8
381900,Indie,42,36,6
345340,"Action,Adventure,Indie",17,11,6
1172170,"Adventure,Indie",25,22,3
397270,Adventure,326,292,34
1932780,"Free to Play,RPG",0,0,0
1910200,"Action,Casual,Indie,Early Access",0,0,0
465720,"Adventure,Casual",59,41,18
1181390,"Action,Indie",2,1,1
1400170,"Action,Indie,RPG",0,0,0
956000,"Casual,Indie,Massively Multiplayer,Simulation,Strategy,Early Access",1,1,0
904540,"Action,Adventure",137,116,21
1219320,"Action,Adventure,Indie,RPG,Simulation,Strategy",12,11,1
587450,"Indie,Simulation,Early Access",901,571,330
1335300,"Action,Indie,RPG,Strategy",2,1,1
554870,"Casual,Indie",24,22,2
407310,"Action,Casual,Indie,Simulation",166,157,9
249230,RPG,1277,842,435
767550,"Action,Indie",0,0,0
312520,"Action,Adventure,Indie",4190,3896,294
1022230,Utilities,109,75,34
752850,"Adventure,Indie,RPG",12,8,4
487380,"Action,Casual,Indie",9,7,2
380150,"Adventure,Indie",602,464,138
1667120,"Casual,Indie,Simulation",8,7,1
1504260,"Adventure,Casual,Indie",8,8,0
474240,Adventure,20,6,14
956060,"Adventure,Indie,Simulation,Strategy",24,9,15
1906890,"Adventure,Casual,Indie,Racing,Sports",0,0,0
711150,Indie,5,1,4
1838070,"Action,Adventure,Casual,Indie",5,5,0
286040,"Action,Indie",1268,897,371
1216350,"Action,Adventure,Casual,Indie,Simulation,Early Access",15,10,5
979920,"Free to Play,Massively Multiplayer,Simulation,Strategy",0,0,0
1005890,"Adventure,Indie",7,6,1
1238280,"Adventure,Casual,Free to Play",0,0,0
904780,"Action,Indie",11,7,4
1072710,"Action,Casual,Free to Play,Indie,Massively Multiplayer",120,116,4
705210,"Action,Casual,Indie,Racing",1,1,0
1465310,"Action,Indie",1,1,0
1413960,"Indie,RPG",22,18,4
600170,"Adventure,Casual",6,6,0
1041270,"Action,Adventure,Casual,Indie,Early Access",9,6,3
1852300,"Action,Casual,Indie",0,0,0
1762010,"Action,RPG",436,341,95
533970,"Free to Play,Design & Illustration",0,0,0
486650,"Action,Adventure,Indie",255,207,48
1466100,"Adventure,Indie,Strategy,Early Access",1,1,0
1513110,"Action,Casual,Indie",13,12,1
840240,Casual,11,9,2
336760,"Adventure,Casual",12,12,0
1206040,Indie,5,4,1
1474220,"Indie,Simulation,Strategy",4,2,2
1531680,"Casual,Free to Play,Simulation,Strategy",0,0,0
1114990,Strategy,0,0,0
539550,"Action,Casual,Indie",2,2,0
237310,"Action,Adventure,Casual,Free to Play,Massively Multiplayer,RPG",38,29,9
1192420,Simulation,22,11,11
1226960,"Action,Adventure,Casual,Indie,Simulation",14,2,12
904440,"Casual,Indie,Strategy",40,25,15
752560,"Violent,Adventure,Indie,RPG,Strategy",1,1,0
895710,"Casual,Simulation,Strategy",3,1,2
1164570,"Casual,Free to Play,Indie",0,0,0
650810,"Action,Adventure,Casual,Indie,RPG",8,2,6
1186860,"Adventure,Free to Play,Indie",0,0,0
1127180,"Indie,Simulation",3,2,1
932800,"Adventure,Indie",0,0,0
1989130,"RPG,Early Access",5,4,1
1097110,"Adventure,Indie",108,94,14
336250,"Action,Racing,Sports",35,13,22
1895080,"Action,Adventure,Casual,Indie",1,0,1
292600,"Action,Indie",139,132,7
1569110,"Casual,RPG",0,0,0
1713910,"Adventure,Indie",10,10,0
860430,"Violent,Indie",1,0,1
328080,"Indie,Simulation,Strategy",4498,3997,501
1287710,"Action,Casual,Indie",2,1,1
540320,"Action,Adventure,Casual,Indie",5,3,2
1417000,"Casual,Indie,Massively Multiplayer,Simulation,Sports,Early Access",8,5,3
1740070,"Indie,Simulation",56,51,5
1446780,Action,15059,13983,1076
1291050,"Action,Indie",14,13,1
500810,RPG,723,612,111
1114000,Adventure,7,2,5
281610,Strategy,3894,3193,701
1330730,"Indie,Simulation,Strategy",47,23,24
1120920,"Indie,Racing,Simulation,Sports",7,5,2
677810,"Action,Adventure,Free to Play,Indie,Massively Multiplayer,RPG,Strategy",0,0,0
1599680,"Action,Adventure,Indie,Racing,Simulation,Sports",0,0,0
1728300,"Action,Indie",0,0,0
537990,"Adventure,Indie,RPG",58,41,17
1008160,Utilities,1,0,1
1035320,"Racing,Simulation,Sports,Early Access",3,2,1
1091520,"Casual,Indie,RPG,Strategy",0,0,0
1715220,"Indie,Racing",1,0,1
451020,"Indie,RPG",2145,1859,286
1077160,"Casual,Free to Play,Indie,Strategy",0,0,0
1462520,Adventure,52,47,5
403200,"Action,Adventure,Indie,RPG",24,5,19
377140,"Action,Adventure,Indie,Massively Multiplayer,Simulation,Early Access",245,121,124
1042910,"Action,Adventure,Indie,Early Access",7,1,6
733540,"Casual,Indie,Strategy",9,8,1
1701560,"Action,RPG",45,34,11
1165610,"Adventure,Casual",2,0,2
1136790,"Action,RPG",0,0,0
1287220,"Action,Adventure,Casual,Indie,Early Access",0,0,0
1428150,"Action,Adventure,Indie,RPG,Simulation",0,0,0
1450760,"Casual,Indie",4,3,1
745400,"Action,Indie",11,10,1
448800,"Indie,Strategy",28,24,4
1150580,"Action,Indie",2,0,2
966430,"Action,Adventure,Indie,RPG",234,163,71
1272120,"Action,Casual,Indie",33,30,3
1404080,"Action,Adventure,Indie",2,2,0
589770,"Violent,Action,Adventure,Indie,Early Access",14,11,3
908430,Indie,0,0,0
599000,"Simulation,Strategy",63,40,23
1793120,"Casual,Indie",10,10,0
690280,"Audio Production,Utilities",6,3,3
294690,"Adventure,Casual",51,43,8
1792270,"Adventure,Indie,RPG,Simulation",15,15,0
436670,RPG,928,884,44
218620,"Action,RPG",145284,126400,18884
340600,"Indie,RPG,Strategy",20,19,1
933080,"Casual,Indie,Simulation",32,16,16
1406240,"Adventure,Indie",2,1,1
915230,"Action,Indie",42,37,5
1244760,"Action,Indie,RPG",4,2,2
1747330,"Adventure,Indie",11,7,4
962220,RPG,14,13,1
583200,Education,7,6,1
1483020,"Action,Adventure",0,0,0
1632220,RPG,0,0,0
1223020,"Casual,Indie,Strategy,Early Access",1,1,0
653960,"Action,Indie",1,1,0
1155860,Indie,0,0,0
1832640,"Adventure,Indie,RPG,Early Access",1308,1138,170
1211270,"Adventure,Casual,RPG,Strategy",0,0,0
949810,"Action,Casual,Indie,Racing,Simulation,Strategy",8,3,5
239160,"Action,Adventure",6225,4127,2098
301300,"Action,Casual,Indie",213,208,5
823160,Indie,0,0,0
1489970,"Simulation,Strategy,Early Access",87,68,19
1283590,"Action,Free to Play,Indie,RPG",0,0,0
937130,"Casual,Indie,Strategy",0,0,0
1518770,"Adventure,Casual",7,7,0
1835840,"Adventure,Indie,Simulation,Strategy",22,19,3
391380,"Action,Adventure,Casual,Indie,RPG",3,1,2
790080,"Indie,Racing,Early Access",20,14,6
1813310,"Action,Casual,Indie,Strategy",0,0,0
555710,"Action,Adventure,Indie",65,49,16
1753400,"Adventure,Free to Play,Early Access",0,0,0
1327810,"Action,Adventure,Indie",4,4,0
1647020,"Action,Indie",1,1,0
1110780,"Casual,Indie,Simulation",0,0,0
451360,"Casual,Free to Play,Indie,Early Access",0,0,0
392070,"Indie,Sports",98,83,15
1302570,"Action,RPG",24,20,4
903850,"Action,Adventure,Casual,Indie,RPG,Simulation",8,6,2
1935070,"Casual,Simulation,Strategy",0,0,0
496850,"Casual,Indie,Strategy",4,4,0
1553740,"Casual,Indie",3,3,0
1599670,"Action,Indie,Racing,Simulation,Sports",2,2,0
635190,"Casual,Indie,Simulation",8,4,4
587840,"Adventure,Indie",16,12,4
1651280,"Action,Adventure,Casual,RPG",7,6,1
629770,"Adventure,Casual,Indie",168,152,16
1982670,Casual,1,0,1
1135760,"Action,Casual,Indie,Strategy",0,0,0
1463180,"Action,Adventure,Indie,RPG,Strategy",1,1,0
1044030,"Casual,Indie",0,0,0
620710,"Action,Adventure,Indie",16,14,2
469600,"Casual,Indie,Strategy",3808,3340,468
1083750,"Indie,RPG,Strategy",0,0,0
1883600,"Action,Indie",0,0,0
1197820,"Adventure,Indie,Simulation",55,37,18
1070770,"Casual,Indie,Simulation,Strategy",3,2,1
1716270,Casual,3,3,0
528790,"Education,Utilities",1,0,1
1216190,"Action,Casual,Indie,Simulation,Sports,Strategy",0,0,0
1088420,"Action,Indie",25,25,0
438310,"Action,Simulation,Sports,Early Access",22,10,12
1035950,"Action,Indie",38,36,2
1473650,"Action,Adventure,Indie,RPG",1,0,1
1480040,Action,0,0,0
1374930,"Indie,RPG",335,241,94
313810,"Action,Adventure,RPG",104,68,36
1741130,Strategy,3,3,0
1015130,"Action,Adventure,Indie",75,54,21
1587240,"Adventure,Indie,RPG",2,1,1
711980,"Action,Adventure,Indie,Simulation,Early Access",488,415,73
1133070,"Indie,Strategy",29,25,4
1765220,"Simulation,Early Access",1,1,0
1244190,Indie,7,7,0
1373120,"Casual,Indie",2,0,2
1445540,Casual,2,2,0
965080,"Action,Indie,Massively Multiplayer,Strategy,Early Access",1,0,1
767400,"Action,Adventure,Casual",2,2,0
200170,Strategy,1941,1596,345
1775840,"Action,Adventure,Casual,Indie,Racing,Simulation,Strategy",0,0,0
545490,Adventure,6,0,6
1160410,"Casual,Indie",21,15,6
617430,"Casual,Indie",13,12,1
1385880,"Free to Play,Indie,RPG,Early Access",0,0,0
1486000,"Action,Indie",0,0,0
318950,"Action,Adventure",29,18,11
1138130,"Adventure,Casual,Indie",1,1,0
596940,"Casual,Free to Play,Indie",0,0,0
291130,"Action,Adventure,Casual,Indie",173,103,70
1930090,Casual,1,0,1
998010,"Casual,Indie",9,2,7
1837230,"Adventure,Indie,RPG,Strategy",14,9,5
1393820,"Adventure,Casual,Indie,RPG",94,91,3
1519130,"Casual,Indie,Racing",18,13,5
1175870,"Action,Adventure,Indie,Early Access",0,0,0
1965390,"Casual,Indie,Simulation",1,1,0
243950,"Action,RPG,Strategy",1138,827,311
1455680,"Indie,Simulation,Early Access",8,2,6
1517990,"Action,Adventure,Indie",1,0,1
1713770,"Action,Casual,Indie",3,3,0
1347700,"Action,Casual,Indie,Strategy",0,0,0
1882420,"Casual,Indie",16,10,6
1862420,"Action,Adventure,Early Access",0,0,0
1378710,"Casual,Indie",10,10,0
1803450,RPG,2,0,2
780500,"Adventure,Indie",131,116,15
1276750,"Adventure,Indie",57,55,2
943080,"Action,Indie,RPG",2,0,2
1067380,"Adventure,RPG",0,0,0
1231810,"Casual,Racing,Sports",0,0,0
555880,"Action,Indie,RPG,Strategy",1139,991,148
783710,Utilities,33,15,18
1577300,"Adventure,Casual,Indie",0,0,0
936060,Adventure,0,0,0
1285180,Strategy,5,5,0
1092590,"Action,Adventure,Casual,Indie,RPG,Early Access",18,17,1
10,Action,25506,24640,866
1192730,"Action,Adventure,Casual,Indie,RPG,Simulation",82,56,26
583860,Photo Editing,5,5,0
343780,"Casual,Indie,Simulation",3262,3097,165
1256690,"Casual,Indie,Strategy",60,41,19
1222600,"Adventure,Indie",39,33,6
521430,Indie,17,12,5
666570,"Indie,Simulation,Strategy",385,302,83
532700,"Adventure,Casual,Indie",3,2,1
1642540,Casual,6,6,0
1144080,"Action,Free to Play,Indie",0,0,0
394010,"Action,Indie,RPG,Simulation,Early Access",6,1,5
529790,"Action,Indie,RPG,Early Access",9,7,2
1993110,"Action,Adventure,Indie",2,1,1
1300610,"Indie,Simulation,Strategy,Early Access",24,17,7
905010,"Casual,Indie",0,0,0
1559060,"Action,Indie",5,5,0
968450,Indie,6,4,2
738190,"Action,Adventure,Indie,RPG",2,1,1
49900,"Action,Indie",142,94,48
1394100,Indie,421,361,60
765170,"Action,Indie,Early Access",0,0,0
990110,"Action,Adventure,Casual,Indie,Racing,Strategy",2,1,1
943950,"Action,Casual,Indie,Racing",5,5,0
1299220,Casual,0,0,0
502600,"Casual,Indie,Simulation,Early Access",8,5,3
872690,"Action,Adventure,Indie",4,2,2
654100,Action,26,25,1
1282690,"Action,Adventure,Strategy",1168,965,203
1597580,"Action,Adventure,Indie",26,19,7
1047830,"Action,Adventure,Casual,Indie,Sports",37,23,14
570790,Simulation,6,2,4
824880,"Sexual Content,Adventure,Free to Play,Indie,Simulation",0,0,0
1024980,"Adventure,Casual,Free to Play,Indie",0,0,0
595920,"Nudity,Violent,Action,Adventure,Indie",10,5,5
1606590,"Action,Adventure,Casual,Indie,Simulation,Sports",11,8,3
1369630,"Action,Indie,RPG",4955,4775,180
366510,RPG,57,40,17
642700,"Action,Adventure,Casual,Indie,Simulation",9,3,6
593740,"Action,Adventure,Indie,RPG",11,9,2
1065410,"Casual,Strategy",6,6,0
340220,"Indie,Strategy",28,9,19
1009870,"Casual,Indie,Simulation,Strategy",0,0,0
698080,"Action,Adventure,Casual,Indie,Strategy",3,1,2
1206470,"Casual,Indie,Strategy",3,3,0
739100,"Action,Indie",13,10,3
1579020,"Casual,Indie,Sports,Early Access",58,49,9
329830,Adventure,610,477,133
1452600,"Casual,Simulation",0,0,0
938840,"Casual,Indie,Strategy",4,2,2
287780,Indie,4,4,0
1068100,"Action,Casual,Indie,Simulation,Strategy",1,0,1
1362700,"Indie,Simulation,Early Access",4,0,4
360740,"Action,Adventure,Indie",4259,4144,115
203350,"RPG,Strategy",291,226,65
1450270,"Action,Adventure,Indie",3,3,0
957850,Casual,3,3,0
382320,"Casual,Indie,RPG",4,4,0
891220,"Action,Free to Play,Indie,Early Access",1,1,0
1038850,"Action,Casual,Indie",0,0,0
789380,Simulation,50,44,6
1796510,"Action,Adventure,Indie",0,0,0
467900,"Action,Adventure,Casual,Indie,Sports,Early Access",54,33,21
1990210,"Free to Play,Indie",0,0,0
9450,Strategy,5522,5265,257
1410790,"Adventure,Casual,Indie",2,2,0
1565030,"Action,Adventure,Indie",0,0,0
555060,"Action,Casual,Indie,Simulation,Sports",56,43,13
1557540,"Adventure,Casual,Indie",0,0,0
555220,"Adventure,Indie",2107,2029,78
1433390,Indie,1,1,0
1148570,"Action,Indie",0,0,0
1525420,"Adventure,Indie,RPG",73,56,17
814870,"Indie,RPG,Strategy",3,2,1
661730,"Action,Indie",1,1,0
884590,"Adventure,Casual,Indie,Racing,Simulation,Sports",3,0,3
1059830,"Adventure,Casual,Indie",7,4,3
867980,"Action,Adventure,Casual,Indie",30,28,2
1366710,Casual,3,3,0
970870,Casual,7,5,2
1958900,"Casual,Indie",0,0,0
1914890,"Action,Adventure,Early Access",0,0,0
1259830,"Adventure,Indie",0,0,0
1730690,Simulation,1,0,1
1869020,Simulation,5,3,2
252410,"Action,Adventure,Indie",2062,1930,132
1483860,"Action,Casual,Indie",0,0,0
1283520,"Adventure,Indie,RPG",4,2,2
1698210,Adventure,0,0,0
1023090,"Action,Adventure,Casual,Indie",0,0,0
1040810,"Action,Casual",0,0,0
691850,"Action,Adventure,Indie,RPG",0,0,0
1171270,"Adventure,Indie",85,75,10
1361390,"Action,Simulation,Strategy",3,2,1
355460,"Adventure,Casual,Indie",25,11,14
1260020,Action,26,23,3
434340,"Casual,Indie",1,1,0
738230,"Action,Simulation,Early Access",0,0,0
345300,"Design & Illustration,Education",2,2,0
1350480,"Indie,Strategy",3,2,1
1367680,"Casual,Indie,Strategy",1,1,0
1418190,Action,0,0,0
550,Action,144186,140515,3671
1187190,"Casual,Indie",2,2,0
2074960,"Indie,Simulation",5,2,3
1844260,"Casual,Indie",3,3,0
662620,Racing,4,3,1
1573580,Casual,43,42,1
1901340,"Casual,Strategy",17,13,4
1748400,"Action,Adventure,Casual,Free to Play,Indie,Strategy",0,0,0
575270,"Design & Illustration,Photo Editing,Video Production",6,4,2
1376360,"Indie,Racing,Simulation,Early Access",5,3,2
1804340,Casual,4,2,2
1368480,"Action,Adventure,Free to Play,Indie,RPG",0,0,0
1904130,"Action,Casual,Indie,RPG,Early Access",0,0,0
547250,"Violent,Action,Indie,Early Access",5,0,5
1224290,"Adventure,Indie,RPG,Strategy",531,515,16
1172410,Action,7,7,0
1642890,"Casual,Simulation,Sports",93,81,12
220860,"Action,Adventure,Indie",1293,1086,207
1389850,Indie,11,11,0
559350,"Casual,Indie,RPG,Strategy",8,6,2
831470,"Casual,Indie,Simulation",15,11,4
1742510,"Action,Adventure,Indie",2,1,1
955190,"Casual,Indie",4,4,0
246980,"Adventure,Casual,Indie",84,61,23
1172900,"Action,Adventure,Casual,Free to Play,Indie",0,0,0
1815110,"Casual,Indie,Sports",1,0,1
1043160,"RPG,Strategy",2,2,0
696530,"Adventure,Indie",156,107,49
415390,"Adventure,Casual,Simulation,Strategy",9,7,2
1540470,Action,8,6,2
978510,"Casual,Indie,Strategy",11,10,1
1406490,"Action,Indie",5,5,0
1688060,Video Production,0,0,0
42140,"Adventure,Casual,Indie",102,66,36
1552250,"Action,Adventure,Free to Play,Indie,RPG",0,0,0
943170,"Action,Casual,Free to Play,Indie,Simulation",0,0,0
1154110,"Adventure,Casual,Indie",136,101,35
711690,"Casual,Free to Play,Indie",0,0,0
1345300,"Adventure,Casual,RPG,Simulation,Strategy",0,0,0
607230,"Casual,Indie",0,0,0
672760,"Education,Utilities",2,1,1
755850,Sports,5,3,2
973300,"Casual,Simulation",16,15,1
894940,"Adventure,Casual,Indie,RPG,Simulation",4199,3964,235
1039110,"Design & Illustration,Utilities,Game Development,Early Access",0,0,0
1727990,"Action,Adventure,Indie",0,0,0
1512650,Indie,0,0,0
2052200,"Action,Adventure,Casual,Indie,RPG",0,0,0
1208160,Education,0,0,0
1808420,"Adventure,Casual,RPG",3,1,2
728140,"Action,Indie",0,0,0
6980,Action,1235,1012,223
1516760,"Casual,Free to Play,Indie,Simulation",0,0,0
828600,"Action,Casual,Indie,Strategy",1,1,0
806830,"Casual,Simulation,Sports",8,3,5
1164310,"Adventure,Casual,Indie",4,3,1
983350,"Action,Adventure,Indie,Strategy",250,203,47
1531270,"Casual,Simulation,Sports",1,0,1
270090,"Action,Indie",121,48,73
338110,"Adventure,Casual",9,8,1
404580,"Adventure,Free to Play,Indie",0,0,0
1187420,Indie,10,5,5
903620,"RPG,Simulation,Sports",9,3,6
1012730,"Action,Free to Play,Massively Multiplayer",0,0,0
328470,Action,97,88,9
366590,Indie,26,23,3
1069460,"Adventure,Casual,Indie",10,7,3
820090,"Casual,Free to Play",0,0,0
1355880,"Action,Casual,Racing,Sports",0,0,0
547910,"Indie,Simulation",353,258,95
1624850,"Adventure,Casual,Free to Play",0,0,0
386690,"Indie,Simulation,Strategy",33,23,10
1727310,"Adventure,Indie,Strategy",1,1,0
823510,"Indie,Simulation,Sports",1,1,0
364130,"Action,Indie",4,3,1
1486330,"Free to Play,Simulation",0,0,0
1749350,"Casual,Indie,RPG,Simulation",121,112,9
1509180,"Adventure,Indie",0,0,0
651500,"Action,Adventure,Casual,Indie",86,80,6
834760,"Action,Indie",82,72,10
1737050,"Free to Play,Simulation,Strategy",0,0,0
115300,Action,4509,3899,610
1711740,"Action,Casual,Indie",14,14,0
613330,"Casual,Indie,Simulation",10,4,6
907970,"Action,Casual,Indie",4,2,2
1504360,"Action,Adventure,Indie,Simulation",6,0,6
1580090,"Action,Adventure,Indie,Early Access",0,0,0
1120320,"Adventure,Casual,Indie,Simulation,Strategy",282,190,92
1607850,"Action,Adventure,Casual,Indie,Simulation,Strategy",0,0,0
752430,"Action,Casual,Indie",3,3,0
1663870,Action,0,0,0
460430,"Adventure,Indie,RPG",710,641,69
1131720,"Action,Casual,Massively Multiplayer,Strategy,Early Access",5,4,1
1237210,"Action,Casual,Indie",0,0,0
699550,"Adventure,Casual,Indie,Simulation",10,1,9
567370,Action,71,70,1
746620,"Casual,Simulation",8,4,4
813020,"Adventure,RPG",2,2,0
1149620,"Indie,Simulation",5460,4749,711
783240,"Action,Adventure,Casual,Free to Play,Indie,Massively Multiplayer,Early Access",0,0,0
1605930,"Adventure,Indie",2,1,1
1576990,"Action,Casual,Indie",1,1,0
1796100,"Indie,Strategy",4,4,0
896590,"Action,Adventure,Free to Play,Massively Multiplayer,RPG",0,0,0
1920390,"Casual,Indie",5,5,0
233310,"Indie,RPG,Strategy",105,81,24
1406140,Simulation,34,33,1
1388160,"Action,Indie",6,6,0
1480830,"Action,Adventure,Indie",81,74,7
769540,"Action,Casual",1,1,0
601150,Action,17480,16538,942
359370,"Simulation,Strategy",40,16,24
346730,"Action,Casual,Indie",187,158,29
898440,"Indie,Simulation,Strategy,Early Access",4,3,1
257850,"Action,Adventure,Indie,RPG",8751,8205,546
1283280,"Action,Adventure,Indie,Simulation",17,11,6
363410,"Adventure,Casual,Indie",57,44,13
861240,"Adventure,Casual,Indie",6,6,0
788180,"Adventure,Casual,Indie",1,1,0
1081320,"Adventure,Casual,Indie",1,1,0
789670,"Action,Indie,Strategy",3,1,2
1475400,"Action,Adventure,Casual,Free to Play,Indie,Massively Multiplayer,Simulation,Sports,Strategy,Early Access",3,3,0
249570,"Indie,Massively Multiplayer,Strategy",239,103,136
845490,"Action,Adventure,Indie,RPG",46,29,17
1357520,"Action,Casual",0,0,0
636950,"Action,Indie",11,9,2
1015540,"Adventure,Casual,Indie,RPG,Strategy",2,1,1
857420,"Action,Indie",9,7,2
770500,"Casual,Free to Play,Indie,Simulation",0,0,0
851100,"Action,Adventure,Indie",3585,3518,67
695110,"Casual,Indie,Simulation",22,22,0
1593420,Indie,0,0,0
1282140,"Adventure,Casual,Indie",13,12,1
1598190,"RPG,Strategy",4,4,0
895000,"Action,Free to Play",4,4,0
1020330,"Casual,Indie,Strategy",3,2,1
804860,Strategy,17,12,5
857210,"Action,Casual,Indie",0,0,0
551690,"Action,Casual,Indie,Simulation",117,89,28
1015290,"Adventure,Indie",0,0,0
1819190,"Action,Casual,Indie",3,0,3
1499820,"Adventure,Casual,Simulation",2,0,2
808190,Racing,4,4,0
1167450,Action,1664,1443,221
504280,"Indie,Simulation,Strategy",13,7,6
835430,"Action,Adventure,Indie",338,294,44
1837920,Casual,16,15,1
683440,"Nudity,Casual,Indie,Strategy",7,4,3
1971810,"Action,Adventure,Indie",0,0,0
296590,"Indie,Strategy",23,9,14
1097770,"Action,Casual,Indie,Sports",13,13,0
800270,Strategy,2308,1693,615
862730,"Action,RPG,Early Access",1,1,0
878620,"Indie,Simulation",1,1,0
1092710,"Adventure,Indie,Strategy",0,0,0
587540,"Casual,Free to Play,Indie,Racing,Early Access",0,0,0
1677490,"RPG,Simulation,Strategy",23,23,0
1564690,"Action,Indie",0,0,0
996370,Strategy,12,9,3
1609860,"Action,Casual",1,1,0
949890,"Adventure,Casual,Indie,RPG",6,5,1
1111540,"Free to Play,Indie",0,0,0
1902880,"Adventure,Free to Play,Indie,Massively Multiplayer,RPG,Early Access",0,0,0
1017490,Adventure,0,0,0
1699460,Strategy,15,15,0
363680,Strategy,3230,2176,1054
623640,"Action,Adventure,Indie",50,45,5
1091950,"Casual,Indie",40,32,8
38000,Casual,26,23,3
621850,"Action,Casual,Indie",9,6,3
1789470,"Adventure,Indie",144,142,2
1238980,"Action,Adventure,Indie",3,1,2
967250,"Action,Adventure,Casual,Indie,RPG,Simulation",129,102,27
1172730,"Action,RPG,Early Access",4,2,2
838700,"Adventure,Casual",5,5,0
528450,"Indie,Strategy",3,2,1
1359970,"Action,Adventure,Indie",1,0,1
1258560,"Action,Indie",0,0,0
356070,"Action,Indie",6,3,3
1777510,Utilities,0,0,0
584980,"Adventure,Indie",1384,1194,190
1560850,"Casual,Indie",2,1,1
1097240,"Indie,RPG",36,23,13
688170,"Casual,Strategy",1,1,0
1114420,Utilities,0,0,0
1733300,Adventure,28,17,11
738540,RPG,1280,1090,190
439190,"Action,Adventure,Indie,RPG",1056,905,151
818420,"Action,Indie",0,0,0
345220,Strategy,16,12,4
757180,"Adventure,Casual,Indie,RPG",62,52,10
1118410,Action,30,22,8
367030,"Casual,Indie,Early Access",25,15,10
92800,"Indie,Simulation",1685,1611,74
1501470,"Action,Indie,Simulation,Sports,Strategy",1,1,0
1455040,"Adventure,Indie",9,7,2
1178490,"Adventure,Indie",253,202,51
1298520,"Action,Adventure,Casual,Indie",1,0,1
612010,"Violent,Action,Casual,Early Access",2,1,1
731600,"Action,Indie",12,12,0
890800,"Adventure,Simulation,Sports",1,1,0
471010,"Action,Adventure,Indie,RPG",462,355,107
982390,"Action,Casual,Indie",2,2,0
1008920,"Adventure,Casual,Indie,Simulation",66,50,16
838900,"Adventure,Free to Play,Massively Multiplayer,RPG,Simulation,Early Access",0,0,0
1917660,"Indie,RPG",2,2,0
1727930,"Action,Indie",1,1,0
934990,"Action,Adventure,Casual,Indie,RPG,Simulation,Sports",12,8,4
1456650,"Action,Adventure,RPG",95,62,33
1687050,"Casual,Indie,Simulation",1,1,0
1210640,"Action,Adventure,Indie",1,0,1
1927740,"Adventure,Casual,Indie,Strategy",58,53,5
1449430,"Casual,Free to Play,Indie",0,0,0
560550,"Indie,Strategy,Early Access",17,16,1
1990610,"Action,Casual,Indie",4,3,1
505230,"Adventure,Indie,RPG",3024,2825,199
1936070,"Action,Adventure,Indie,RPG,Simulation",3,2,1
1120680,"Action,Adventure",2,1,1
503860,Indie,25,24,1
1067900,"Adventure,Casual,Free to Play,Indie,Simulation",0,0,0
1633170,"Adventure,Casual,Indie",0,0,0
1355930,"Free to Play,Indie",0,0,0
1185270,"Casual,Indie,Strategy,Early Access",1,0,1
1186460,"Indie,RPG,Simulation",10,8,2
1076020,Sports,14,9,5
1301380,"Casual,Indie",1,1,0
15320,Simulation,1288,1153,135
681280,"Action,Racing,Sports",5669,5392,277
978270,"Action,Adventure,Free to Play,Indie,Strategy",0,0,0
1075740,"Indie,RPG,Strategy",857,694,163
1575240,"Casual,Indie",1,0,1
1955000,"Action,Adventure,Casual,Indie,Simulation",2,1,1
1385690,"Action,Casual,Free to Play,Indie",0,0,0
820780,"Action,Casual,Indie",0,0,0
577440,Casual,22,18,4
772200,"Action,Adventure,Indie",15,11,4
569010,"Action,Casual,Indie,Racing,Simulation,Sports",1,1,0
43190,"Action,Indie",246,208,38
782140,"Action,Indie,RPG,Strategy",113,71,42
1874060,Casual,3,3,0
1413490,"Action,Adventure,Indie,RPG",0,0,0
360830,"Action,Adventure,Indie",1675,1284,391
1798300,"Adventure,Casual,Free to Play,RPG",0,0,0
850500,"Casual,Indie,Simulation,Sports",0,0,0
1712690,"Action,Adventure,Indie,Early Access",6,6,0
1954070,"Action,Adventure,Casual,Indie,Early Access",2,2,0
564100,"Action,Adventure,Indie",1,1,0
1658080,"Action,Adventure,Free to Play,Indie,Early Access",0,0,0
1168970,"Action,Indie",2,1,1
594380,"Adventure,Indie",21,21,0
564480,"Action,Adventure,Casual,Indie",4,4,0
812160,"Adventure,Indie",41,30,11
719120,Indie,10,1,9
1462720,"Action,Adventure,Indie",2,2,0
883790,"Action,Adventure,Casual,Indie,RPG,Simulation",3,2,1
1768550,"Action,Free to Play,Indie",0,0,0
327490,"Animation & Modeling,Design & Illustration,Utilities",30,10,20
1910780,"Action,Casual,Free to Play,Indie,RPG",0,0,0
501380,"Free to Play,Indie",0,0,0
866750,"Adventure,Casual",4,4,0
753210,"Indie,Simulation,Early Access",14,5,9
865830,Adventure,88,80,8
1299890,"Action,Adventure,Indie,Early Access",3,1,2
721400,"Action,Casual,Sports",5,4,1
1328530,Strategy,173,159,14
1150500,"Casual,Indie,Massively Multiplayer,RPG,Simulation,Early Access",18,8,10
1134710,"Simulation,Early Access",614,557,57
940990,"Adventure,Casual",1,1,0
1002040,"Strategy,Early Access",0,0,0
1803810,"Indie,Strategy",1,0,1
1192020,"Simulation,Sports",23,12,11
1122880,Indie,0,0,0
1096510,"Action,Casual,Indie,Simulation,Strategy,Early Access",7,4,3
1836230,"Adventure,Casual,Indie,RPG",1,1,0
358250,"Action,Adventure",59,56,3
395900,Casual,96,56,40
1392960,"Casual,RPG,Simulation",462,403,59
479130,Utilities,94,64,30
1517530,"Adventure,Casual,Indie",12,11,1
652070,"Casual,Indie",1,0,1
1389650,"Adventure,Casual,Indie,Strategy",2,2,0
1420720,"Casual,Free to Play,Indie,Strategy",0,0,0
1652990,"Adventure,Strategy",1,1,0
1436390,Indie,1,1,0
576980,"Action,Casual,Indie",28,26,2
484830,"Action,Adventure,Casual,Indie",12,9,3
1488050,Free to Play,0,0,0
677870,"Violent,Action,Adventure,Indie,Simulation,Early Access",5,1,4
580480,"Adventure,Casual",2,2,0
222160,"Adventure,Indie",121,68,53
949330,"Action,Indie,Massively Multiplayer,RPG,Early Access",0,0,0
774281,"Adventure,Indie,RPG",27,16,11
318430,"Adventure,Indie",1470,1206,264
913110,"Casual,Indie,Simulation",43,43,0
1432400,"Action,Casual,Indie",4,3,1
1081910,"Adventure,Sports",1,0,1
412560,Sports,1,0,1
812450,"Casual,Indie",5,3,2
1242630,"Strategy,Early Access",46,32,14
559310,"Indie,Massively Multiplayer,RPG,Simulation,Strategy",102,64,38
466080,"Adventure,Casual",2,2,0
395940,"Action,Indie,Massively Multiplayer,Early Access",2,2,0
368310,"Casual,Indie,Simulation",5,3,2
1244050,"Action,Indie",0,0,0
581300,"Violent,Adventure",108,52,56
404680,"Action,Adventure,Indie",1521,1368,153
337650,"Action,Indie",23,20,3
1472620,"Casual,Indie",11,11,0
1064050,"Casual,Indie,Racing",3,2,1
1246020,"Casual,Free to Play,Indie,RPG",0,0,0
405760,"Action,Indie,Simulation",12,6,6
1021840,"Action,Casual,Indie",0,0,0
650820,"Action,Indie,Early Access",3,1,2
1766350,"Adventure,Casual,Indie,RPG,Early Access",5,5,0
481420,Simulation,38,24,14
1259560,"Casual,Indie,Simulation",481,430,51
1584720,"Indie,Simulation,Strategy",5,5,0
1024100,Adventure,4,4,0
1100140,"Action,Indie",176,176,0
304190,Casual,1,0,1
349020,"Action,Casual,Indie",20,11,9
1166070,"Action,Casual,Massively Multiplayer,Racing,Early Access",0,0,0
1574670,"Action,Casual,Early Access",1,1,0
675160,"Action,Casual,Indie,Early Access",0,0,0
1855830,"Action,Free to Play,Indie",0,0,0
625480,"Animation & Modeling,Education,Software Training,Utilities,Video Production,Early Access",4,4,0
786740,"Gore,Action,Early Access",5,1,4
1123610,"Action,Adventure,Casual,Indie",6,2,4
785840,"Casual,Indie",67,62,5
1228630,"Action,RPG,Strategy",1,1,0
843640,"Adventure,Casual,Indie,Early Access",21,18,3
1765500,Casual,0,0,0
1307270,"Adventure,Casual,Indie,RPG,Simulation,Strategy",0,0,0
669390,"Indie,Strategy",6,5,1
1396480,"Indie,Strategy,Early Access",0,0,0
264300,"Action,Adventure,Indie,RPG",271,161,110
624560,"Action,Indie",7,1,6
1583190,"Adventure,Simulation",1,0,1
450650,Indie,7,7,0
1968600,"Action,Casual,Indie,Simulation",11,9,2
402030,Action,12,9,3
1036370,Action,26,25,1
1193350,Casual,0,0,0
808290,"Action,Adventure,Free to Play,Massively Multiplayer,RPG",2,1,1
1730150,"Action,Indie",1,1,0
33600,Adventure,307,270,37
1495510,"Action,Adventure,Casual,Indie",9,9,0
1479000,"Adventure,Indie",1,1,0
803680,"Casual,Indie",1,0,1
1832230,"Casual,Indie",0,0,0
300630,"Casual,Indie,Simulation,Sports,Strategy",73,52,21
1348970,"Action,Free to Play,Indie",0,0,0
1203950,"Adventure,Indie,RPG",2,2,0
1460930,"Indie,Strategy",4,4,0
1788780,"Adventure,RPG,Simulation,Strategy",14,13,1
547960,"Action,Casual,Indie",12,5,7
914050,"Action,Adventure,Casual,Indie,Simulation,Strategy",0,0,0
1477120,"Action,Adventure,Indie",3,1,2
451960,"Action,Adventure,Indie",2,1,1
1012330,"Adventure,Casual,Indie",18,18,0
1956840,"Indie,Simulation",0,0,0
1780470,"Action,Adventure,Indie",30,28,2
1505440,"Action,Adventure",1,1,0
1052330,Utilities,1,0,1
1788220,"Action,Adventure,Indie",0,0,0
230270,Action,1730,1663,67
1323860,"Casual,Indie,Simulation,Strategy,Early Access",8,5,3
854740,"Casual,Indie,RPG",5,3,2
222750,"Indie,Simulation,Strategy",2203,1925,278
931540,"Action,Adventure,Indie,RPG,Simulation,Strategy",4,3,1
1813150,"Adventure,Indie,RPG",0,0,0
1275860,"Action,Adventure,Casual,Indie,Simulation,Sports",9,8,1
1717770,"Action,Adventure,Indie",315,314,1
789660,"Indie,Simulation,Strategy",313,275,38
1314090,"Action,Adventure,Indie,RPG",1,1,0
1585750,"Adventure,Indie,RPG",1,1,0
1725680,"Indie,Simulation,Sports,Early Access",8,4,4
1214320,"Adventure,Casual",1,1,0
1921090,"Adventure,Indie",2,1,1
1197030,"Adventure,Casual,Indie",34,32,2
1417340,"Casual,RPG,Strategy",1,1,0
1756090,"Action,Casual,Free to Play,Indie,Strategy",0,0,0
1352660,"Action,Casual,Indie",5,5,0
1385960,"Action,Casual,Simulation,Sports",22,21,1
387930,Indie,103,50,53
779340,"Action,Strategy",13712,11685,2027
967940,"Action,Adventure,Casual,Indie,Strategy",2,2,0
1291140,"Adventure,Indie,RPG,Early Access",0,0,0
1545600,"Action,Indie,Racing,Sports",23,19,4
1706810,"Casual,Indie,Strategy",7,4,3
214770,"Action,Adventure,Indie",1782,1650,132
691260,Action,1659,1426,233
588950,"Adventure,RPG,Simulation",896,817,79
1006460,"Adventure,Strategy",9,9,0
433700,"Casual,Indie,Strategy",25,22,3
1513860,"Action,Casual,Strategy,Early Access",12,12,0
492280,"Adventure,Casual,Simulation",16,10,6
1175510,"Action,Indie",2,1,1
1048640,"Action,Adventure,Indie",16,5,11
981280,Indie,0,0,0
972560,"Action,Simulation,Strategy",0,0,0
712970,"Simulation,Strategy",18,17,1
1323080,Casual,0,0,0
1046490,"Action,Massively Multiplayer",0,0,0
807060,"Adventure,Indie,RPG,Strategy",34,24,10
995280,"Action,Adventure,Indie",6,3,3
1454430,"Action,Free to Play",0,0,0
664660,"Casual,Indie,Simulation",1,1,0
2056370,"Casual,Indie,Simulation",0,0,0
879290,"Action,Indie",11,11,0
935970,"Adventure,Indie,Strategy,Early Access",0,0,0
18600,"Indie,Strategy",10,8,2
1500320,"Action,Indie,Early Access",12,1,11
879650,"Action,Free to Play,Indie",0,0,0
224500,"Indie,Simulation,Strategy",2037,1546,491
781110,"Violent,Gore,Adventure,Indie",18,18,0
1415380,"Design & Illustration,Utilities,Early Access",6,6,0
966400,"Indie,Simulation",24,19,5
1601670,"Action,Free to Play,Indie",0,0,0
1978610,"Casual,Indie,Simulation",60,48,12
2013640,"Casual,Indie",0,0,0
1963480,"Indie,Racing",9,9,0
946400,"Action,Adventure,Casual",1,1,0
925830,Education,0,0,0
1571180,Free to Play,0,0,0
1218790,"Indie,Simulation,Strategy",14,3,11
225300,"Action,Adventure",733,624,109
1103460,"Action,Casual,Indie",0,0,0
1788490,"Casual,Indie",2,1,1
368860,"Action,Indie,Early Access",720,227,493
1305970,Indie,0,0,0
208750,"Action,Adventure,Indie,RPG",1712,1547,165
857460,"Action,Indie",8,7,1
907020,"Action,Adventure,Casual,Indie",6,3,3
299030,"Action,Adventure",705,633,72
518190,"Action,Adventure,Indie,Early Access",3,2,1
1495280,"Casual,Indie",1,1,0
985710,"Free to Play,Indie,Simulation,Strategy",12,1,11
1674440,"Action,Adventure,Indie,Simulation,Strategy",11,8,3
1535960,"Action,Casual,Indie",1,1,0
1604160,"Adventure,Casual,Indie",3,2,1
526310,"Adventure,Indie,Early Access",10,6,4
675640,"Adventure,Casual,Indie,RPG,Simulation",11,5,6
1402010,"Casual,Indie,Sports",1,1,0
818060,"Adventure,Casual,Indie",13,9,4
1190980,"Action,Casual,Indie,Simulation",1,0,1
1321890,"Action,Indie",12,12,0
1039200,"Action,Casual,Indie",42,40,2
671810,"Action,Adventure,Indie,RPG",2,0,2
1694720,"Casual,Free to Play,Indie,Simulation,Early Access",0,0,0
1722520,"Casual,Indie",60,60,0
963470,"Action,Casual,Indie,Sports",2,2,0
1482800,"Indie,RPG",1,1,0
1500100,RPG,16,11,5
1495800,"Action,Indie",3,1,2
873180,"Adventure,Casual,Indie,RPG",2,0,2
1336100,"Action,Indie",1,1,0
48000,"Action,Adventure,Indie",8581,7942,639
1968810,"Action,Casual",1,1,0
548370,"Adventure,Indie,RPG",107,42,65
360590,"Action,Adventure,Casual,Indie,Massively Multiplayer,RPG,Simulation,Strategy",12,1,11
297760,"Racing,Simulation,Sports,Strategy",173,145,28
312370,Strategy,532,436,96
614940,"Action,Free to Play,Indie,Early Access",0,0,0
956430,"Action,Casual,Indie",2,1,1
1980400,"Adventure,Indie",0,0,0
318330,"Indie,RPG",120,103,17
790290,"Action,Adventure,Casual,Indie,RPG",11,10,1
314950,"Indie,Simulation,Strategy",13,4,9
1932890,Indie,9,8,1
1308510,Indie,2,2,0
717540,"Action,Indie,Early Access",4,4,0
1221400,"Adventure,Casual,Indie",1,1,0
1249430,"Adventure,Indie",9,6,3
352240,"Indie,Simulation",107,64,43
618950,"Adventure,Indie",109,100,9
1231970,"Action,Casual,Indie,RPG,Simulation,Strategy",61,56,5
1162480,"Indie,RPG,Strategy,Early Access",34,22,12
861590,"Utilities,Game Development,Early Access",11,10,1
993090,Utilities,486,440,46
1998120,"Casual,Indie",10,10,0
1338830,"Adventure,RPG,Strategy",0,0,0
1890650,"Adventure,Casual,Free to Play,Massively Multiplayer,Early Access",0,0,0
1185340,"Adventure,Casual,Indie",0,0,0
433380,"Action,Adventure,Indie",58,39,19
1654710,"Action,Indie",5,5,0
1495460,"Action,Adventure,Casual,Indie",5,5,0
494380,"Simulation,Sports",8,1,7
341540,"Adventure,Casual,Indie,Simulation",21,12,9
423770,"Adventure,Indie,RPG,Simulation",78,59,19
846080,"Casual,Indie",21,19,2
263920,"Action,Adventure,Indie,RPG,Early Access",139,85,54
1677650,"Action,Adventure,Indie,RPG,Early Access",2,2,0
1793840,"Action,Adventure,Casual,Simulation",86,68,18
656360,"Adventure,Casual,Indie",4,2,2
1441480,"Action,Adventure,Strategy",1,1,0
675660,"Action,Adventure,Indie",6,0,6
1581850,"Casual,Sports",0,0,0
1101140,"Indie,Simulation",410,363,47
1518380,Action,0,0,0
1601950,Simulation,32,21,11
843430,"Action,Casual,Indie",78,74,4
1070190,"Indie,Strategy",22,15,7
12470,Strategy,211,150,61
866540,"Adventure,Free to Play,Indie,RPG",3,3,0
371370,RPG,4,2,2
298840,"Adventure,Casual,Indie,RPG",10,9,1
878940,"Free to Play,Indie,Strategy,Early Access",1,1,0
411960,"Action,Adventure,Indie",1937,1905,32
935240,"Casual,Indie",3,1,2
652090,"Action,Casual,Indie",3,3,0
1073080,"Action,Indie",2,1,1
1437020,"Adventure,Indie",2,0,2
662950,"Indie,Simulation,Strategy",13,0,13
1442460,"Casual,Indie",15,15,0
696040,"Indie,Strategy",4,3,1
536990,"Action,Indie",53,44,9
1115470,"Action,Indie",0,0,0
1815260,"Indie,Strategy",1,0,1
1537820,"Adventure,Indie",15,12,3
1034410,Casual,5,2,3
866080,"Action,Indie,Racing,Simulation",0,0,0
1567720,Simulation,1,1,0
1254180,Indie,12,12,0
341720,"Casual,Free to Play,Indie,Simulation",2,2,0
1682870,"Action,Casual,Indie",0,0,0
1086840,"Action,Casual,Indie,Massively Multiplayer,RPG,Simulation",20,17,3
586310,"Action,Indie,Strategy",73,57,16
237630,"Action,Adventure,Casual",2632,2267,365
957930,"Casual,Indie",3,2,1
982120,"Adventure,Casual,Indie,Early Access",1,1,0
1009910,"Casual,Free to Play,Indie",0,0,0
1127560,"Casual,Indie,Strategy",0,0,0
1235520,"Action,Casual,Indie,Simulation,Sports",14,7,7
586670,"Casual,Indie",11,9,2
1388430,"Adventure,Indie",8,7,1
982240,"Action,Adventure,Indie",4,0,4
370220,"Action,Adventure,Indie",5,1,4
1145670,Indie,0,0,0
557830,"Action,Indie",9,6,3
813480,"Adventure,Indie",23,22,1
1513450,"Action,Adventure,Indie,RPG",30,29,1
450700,"Indie,Simulation,Strategy",135,94,41
1562980,"Action,Indie",0,0,0
1057420,"Action,Free to Play,Indie",0,0,0
1379110,"Casual,Indie",194,169,25
1191270,Simulation,0,0,0
1117600,"Action,Adventure,Casual,Indie,RPG",1,1,0
1142090,"Adventure,Casual,Indie,RPG",3,3,0
1267830,"Indie,Simulation,Strategy",25,13,12
540780,"Adventure,Casual,Indie",31,30,1
1494990,"Action,Adventure,Casual,Indie,Strategy",1,1,0
1924820,"Action,Indie",4,4,0
1828750,"Action,Adventure,Casual,Indie,Simulation,Strategy",4,0,4
848280,"Casual,Indie",34,33,1
1584280,"Action,Free to Play,Indie",0,0,0
1806940,Casual,8,5,3
63900,Strategy,70,57,13
1048880,"Casual,Indie,RPG,Strategy",9,4,5
1990730,"Action,Free to Play,Indie",0,0,0
1901730,RPG,3,3,0
679690,"Casual,Indie,RPG",4,2,2
449550,"Action,Casual,Indie",175,169,6
389690,"Simulation,Strategy",1,0,1
724480,Sports,4,1,3
1679840,"Adventure,Casual,Racing,Simulation",5,5,0
1195020,"Action,Adventure,Indie,RPG",108,86,22
438770,"Indie,RPG,Strategy,Early Access",3,0,3
1060240,"Adventure,Indie,RPG,Strategy",11,10,1
1121860,"Action,Casual,Indie",0,0,0
489730,"Action,Adventure,Indie",1,1,0
238870,"Action,Strategy",234,27,207
1536520,Indie,0,0,0
466900,Action,2,2,0
1544540,"Adventure,Casual,Indie",44,41,3
848960,"Casual,Racing",3,2,1
659220,"Adventure,Indie,Early Access",6,6,0
717110,"Adventure,Indie",26,15,11
1056180,"Action,Adventure,Indie",136,105,31
513450,"Casual,Free to Play,Indie",124,109,15
817530,"Indie,Racing",5,4,1
1162470,"Action,Adventure,Indie,Early Access",67,58,9
1108240,"Casual,Free to Play,Indie,Strategy,Early Access",0,0,0
1049640,"Action,Adventure,Indie",0,0,0
1451720,"Casual,Indie",50,48,2
798240,"Action,Adventure,Indie,Massively Multiplayer",3,3,0
1180130,"Indie,Simulation,Strategy",44,44,0
671170,"Casual,Indie,RPG,Simulation,Sports,Strategy",61,51,10
1273530,"Action,Indie",0,0,0
1510630,"Adventure,Casual,Indie",73,71,2
371040,"Adventure,Indie",0,0,0
781100,"Casual,Indie",14,5,9
1648660,"Strategy,Early Access",0,0,0
967120,"Adventure,Indie,RPG,Early Access",17,15,2
810050,"Action,Casual,Indie,Early Access",4,2,2
603940,"Adventure,Indie,Simulation,Strategy",127,100,27
490160,"Adventure,Indie,Simulation",32,31,1
1489300,"Action,Indie",25,25,0
377040,Software Training,0,0,0
1587750,Strategy,1,1,0
456690,"Adventure,Casual,Strategy",1,1,0
239250,"Action,Adventure",1276,1000,276
1850150,"Action,Adventure,Indie,RPG,Simulation,Early Access",0,0,0
970140,"Action,Indie,RPG",20,16,4
389250,"Adventure,RPG",10,7,3
693330,"Action,Adventure,Indie",2,2,0
1578540,Indie,1,0,1
945440,"Casual,Indie,Simulation",104,97,7
1480930,"Casual,Free to Play,Indie,Early Access",0,0,0
1203160,"Adventure,Casual,Free to Play,Indie,Simulation",0,0,0
1039060,"Indie,Strategy",1,0,1
1545360,Casual,1,1,0
1743080,"Adventure,Indie",27,26,1
1306020,"Action,Adventure,Indie,Simulation",1,1,0
1270850,"Adventure,RPG,Simulation,Strategy",29,27,2
1839440,"Casual,Free to Play",0,0,0
1510410,"Adventure,Indie",13,11,2
432870,"Action,Free to Play,Indie,Simulation,Strategy",33,25,8
2062800,"Action,Indie",0,0,0
778800,RPG,27,26,1
1556740,"Action,Adventure,Indie",0,0,0
1018610,"Action,RPG,Early Access",8,4,4
1017130,"Adventure,Indie",6,5,1
782300,"Adventure,Casual,Indie,Simulation",19,16,3
1178390,"Adventure,Indie",0,0,0
1712590,"Casual,Indie",0,0,0
864370,Indie,1,1,0
1710170,"Action,RPG",373,349,24
690220,Action,1,1,0
1691480,"Action,Adventure,Indie,Massively Multiplayer,RPG,Strategy,Early Access",5,1,4
497790,Adventure,8,8,0
898980,"Free to Play,Indie",0,0,0
763010,"Adventure,Indie",4,3,1
1405980,Casual,3,2,1
617360,"Design & Illustration,Utilities",8,8,0
355400,"Action,Indie,Racing,Early Access",114,75,39
1046610,"Audio Production,Education,Utilities,Video Production",1,1,0
1697060,"Action,Adventure,Indie",0,0,0
1109380,"Action,Casual,Indie,Early Access",2,1,1
527340,"Action,Indie",351,289,62
1784160,"Action,Adventure,Indie",1,1,0
750200,"Action,Adventure,Casual,Indie",86,47,39
744650,"Action,Casual,Indie,RPG,Strategy",24,22,2
838510,"Free to Play,Indie,Massively Multiplayer,RPG,Strategy",0,0,0
1101630,"Action,Adventure,Indie",0,0,0
288020,"Action,Adventure,Indie",107,71,36
1550780,"Action,Adventure,Indie,Early Access",0,0,0
501500,Strategy,5,5,0
533770,"Casual,Indie,Simulation",7,5,2
959730,"Action,Casual,Indie",4,4,0
1204550,"Casual,Indie",0,0,0
751300,Casual,76,69,7
262060,"Indie,RPG,Strategy",43622,39559,4063
720280,"Adventure,Casual,Indie,RPG",481,393,88
1320000,"Action,Adventure,Casual,Indie,RPG,Strategy",0,0,0
1864050,"Adventure,Casual,Indie",0,0,0
870670,Casual,12,11,1
1012610,"Indie,Strategy,Early Access",440,332,108
825450,Casual,0,0,0
850820,"Indie,RPG",0,0,0
1276350,"Casual,Indie,Simulation",2,1,1
1231670,"Action,Adventure,Casual,Indie,Early Access",2,2,0
604190,"Action,Free to Play,Massively Multiplayer,RPG",0,0,0
1388790,"Casual,Animation & Modeling,Design & Illustration,Photo Editing,Utilities,Video Production,Game Development",4,2,2
1479760,"Casual,Indie,Early Access",0,0,0
818030,"Adventure,Strategy",7,4,3
1212610,"Adventure,Casual,Indie,RPG,Simulation",6,2,4
767860,"Adventure,Indie,RPG",0,0,0
842150,"Casual,Free to Play,Indie,Simulation",0,0,0
1047020,"Casual,Indie,Strategy,Early Access",1,0,1
1003320,"Casual,Indie",21,19,2
1016610,"Casual,Indie,Strategy",4,2,2
1055940,Indie,0,0,0
811160,Casual,1,1,0
1235090,Indie,9,6,3
1740470,"Casual,Indie",0,0,0
1561870,"Adventure,Casual,Indie",4,4,0
1105890,"Design & Illustration,Utilities,Game Development",60,54,6
981290,"Casual,Free to Play,Indie,Simulation",0,0,0
952910,"Adventure,Indie,RPG",1,1,0
886390,"Adventure,Indie",1,1,0
837090,Adventure,18,14,4
753560,"Casual,Indie,Strategy",4,3,1
791930,"Casual,Free to Play,Indie",1,1,0
1713720,"Action,Adventure,Indie",5,3,2
1683620,"Adventure,Casual,Indie",4,4,0
1823570,"Action,Indie",2,2,0
811110,"Violent,Adventure,Casual,Indie,RPG,Simulation",12,12,0
1508340,"Action,Adventure,Indie,RPG,Early Access",4,0,4
512060,"Adventure,Indie,RPG",401,378,23
1503270,"Casual,Indie,Sports",1,1,0
1960100,Casual,0,0,0
1494460,Utilities,0,0,0
570940,Action,23895,20905,2990
1170300,"Action,Indie",7,6,1
922130,"Casual,Indie",3,3,0
576290,"Indie,RPG,Strategy",2,1,1
1586840,"Action,Adventure,Indie",51,46,5
3460,Casual,24,23,1
1025010,"Action,Casual,Indie",0,0,0
1730000,Indie,4,4,0
1647250,"Casual,Indie,Simulation",11,10,1
874760,"Casual,Indie,Simulation,Animation & Modeling,Design & Illustration",0,0,0
1990480,"Action,Adventure,Indie,RPG",0,0,0
939450,"Casual,Indie,Racing,Simulation",34,23,11
586450,"Action,Adventure,Indie",10,10,0
566560,"Action,Adventure,Indie",10,3,7
1361530,"Casual,Indie",1,1,0
1447080,"Action,Adventure,Casual,Indie",2,2,0
773240,"Casual,Indie,Racing",13,4,9
825060,Adventure,14,14,0
1527260,"Action,Adventure,Indie,Strategy",8,3,5
1288600,"Casual,Indie,Simulation",1,0,1
23420,Strategy,132,81,51
815570,"Adventure,Casual",4,3,1
1576920,"Adventure,Free to Play,Strategy",0,0,0
972230,"Casual,Indie",4,2,2
791140,"Action,Indie,Early Access",5,5,0
600690,"Action,Indie",3,2,1
346330,"Action,Adventure,Free to Play,Indie",35,30,5
552110,"Adventure,Casual,Free to Play,Indie,Massively Multiplayer,RPG,Strategy",2,1,1
1912970,Casual,1,0,1
1269710,"Indie,Strategy,Early Access",190,155,35
1164750,"Action,Indie,Simulation",55,39,16
667000,Strategy,1,0,1
860320,Strategy,2,2,0
1081090,"Casual,Indie,Simulation",9,7,2
938380,"Casual,Simulation,Strategy",166,118,48
1568060,"Action,Indie,RPG",1,0,1
987370,"Indie,RPG",0,0,0
1595490,"Action,Free to Play,Indie",0,0,0
1771000,"Action,Adventure,Indie",2,0,2
308173,"Indie,Simulation,Strategy",334,265,69
899590,"Action,Adventure,Indie",11,11,0
1081340,Casual,0,0,0
523660,"Action,Adventure,Casual,Indie,Strategy",1887,1747,140
1343410,RPG,6,4,2
1362260,"Indie,RPG",0,0,0
1117710,Indie,1,0,1
593530,Action,61,23,38
420290,"Action,Casual,Indie,Strategy",10277,8669,1608
1396140,"Action,Casual,Indie,Simulation,Strategy",3,3,0
1763600,"Casual,Indie,Simulation",1,1,0
1340500,Casual,2,1,1
744290,"Casual,Indie",0,0,0
1799660,"Action,Casual,Indie",1,1,0
1070230,"Action,Indie",4,3,1
803260,"Adventure,Casual,Indie,RPG",16,10,6
1455430,"Adventure,Casual,Indie,RPG,Simulation,Strategy",0,0,0
1277090,"Casual,Indie,Simulation",5,4,1
1547340,"Casual,Indie",24,24,0
977560,"Action,Adventure,Indie",8,4,4
1679200,"Casual,Indie,Strategy",10,10,0
1849820,"Indie,RPG,Strategy",48,45,3
1331670,"Casual,Indie,Simulation",40,38,2
639280,"Action,Adventure,Casual,Indie,Simulation,Strategy,Early Access",8,6,2
1350580,"Casual,Racing",1,1,0
409130,"Adventure,Casual,Simulation",1,1,0
944220,"Action,Adventure,Casual,Indie,RPG,Simulation",460,439,21
504000,"Adventure,Casual",72,64,8
488330,"Action,Indie",1,0,1
1591570,"Adventure,Free to Play,Indie,RPG",0,0,0
1205560,"Adventure,Free to Play",0,0,0
862160,"Action,Free to Play,Indie",0,0,0
600090,"Action,Adventure,Indie",172,141,31
1428550,"Casual,Indie",13,5,8
1772710,Casual,10,9,1
1088770,"Racing,Simulation",149,100,49
1024850,"Adventure,Indie",1,1,0
602120,"Action,Indie",13,13,0
1199740,"Casual,Indie",2,2,0
364910,"Nudity,Violent,Gore,Action",64,22,42
1202160,"Casual,Indie",4,3,1
1099460,"Adventure,Casual,Indie,Strategy",21,15,6
1738140,"Adventure,Casual,Indie,RPG",0,0,0
1605240,"Action,Adventure,Casual,Indie",2,2,0
1604030,"Action,Adventure,Massively Multiplayer,Early Access",23094,20823,2271
620140,"Casual,Indie,Simulation,Sports",4,3,1
1135830,"Indie,RPG",84,80,4
202130,Strategy,234,99,135
1324560,"Action,Adventure,Casual,Free to Play,Indie,Early Access",0,0,0
1067520,"Action,Indie",3,1,2
1794390,"Indie,Simulation",12,7,5
1258190,"Casual,Indie",37,31,6
547840,Adventure,15,9,6
1409930,"Adventure,Casual,Indie,RPG,Strategy",1,0,1
559360,"Action,Indie",0,0,0
499100,"Adventure,Casual",42,36,6
983320,"Casual,Indie",0,0,0
1103410,"Action,Casual,Indie",1,1,0
289820,"Adventure,Casual",54,12,42
356560,"Adventure,Casual,Indie,Simulation",14,13,1
359140,"Action,Adventure,Indie,Strategy",98,92,6
20820,"Action,Indie",394,377,17
1840770,"Indie,RPG",7,7,0
1999090,"Action,Free to Play",0,0,0
355100,"Indie,RPG,Strategy",20,12,8
805330,"Violent,RPG,Strategy",0,0,0
219190,"Action,Indie",302,263,39
690690,Utilities,0,0,0
977460,Adventure,178,156,22
1093950,"Action,Indie,Simulation,Strategy",4,3,1
1218360,"Casual,Free to Play,Indie,RPG,Simulation,Strategy",0,0,0
1995890,"Action,Indie,Racing,Simulation",41,32,9
1595340,"Casual,Indie",1,1,0
543740,"Violent,Gore,Action,Adventure,Indie",5,3,2
1068150,"Casual,Indie,Simulation",98,43,55
296710,Indie,1005,913,92
1296010,"Action,Adventure,Free to Play,Indie",0,0,0
820690,"Action,Casual,Indie",0,0,0
1884650,Simulation,1,1,0
363900,"Casual,Indie",7,4,3
1219620,"Casual,Indie,Simulation",56,48,8
653120,"Action,Free to Play,Massively Multiplayer,Early Access",0,0,0
1112440,Game Development,0,0,0
810630,"Action,Casual,Indie",8,7,1
1407100,"Adventure,Casual",47,34,13
1932700,"Action,Indie,Early Access",1,1,0
958300,"Action,Adventure,Casual,Free to Play,Indie,Massively Multiplayer,Racing,RPG,Simulation,Sports,Strategy",9,6,3
1081250,"Action,Adventure,Casual,Indie",6,4,2
985780,"Action,Adventure,Indie",18,15,3
932270,Indie,3,3,0
1184840,"Indie,Strategy",106,92,14
1668420,"Free to Play,Indie,Strategy",0,0,0
718670,"Indie,RPG,Simulation",3707,2948,759
672080,"Adventure,Indie",0,0,0
1185370,"Action,Adventure,Free to Play,Indie",0,0,0
876110,"Action,Free to Play,Indie",0,0,0
1989560,"Casual,Indie,Early Access",56,47,9
1156670,"Casual,Indie,Early Access",24,22,2
1828880,Action,1,0,1
456210,"Adventure,Indie,RPG,Strategy",5,3,2
1610140,"Action,Adventure,Casual,Indie",2,2,0
1273590,"Action,Casual,Indie",11,10,1
1587720,"Action,Casual,Indie",3,2,1
1457130,Indie,2,2,0
644760,"Simulation,Sports",6,3,3
1360360,"Action,Adventure,Indie,Simulation",2,0,2
1562540,"Action,Casual,Indie,Racing,Simulation,Sports",5,3,2
340360,"Casual,Indie,Strategy",170,139,31
714530,"Adventure,Indie",2,0,2
1438940,"Action,Casual,Indie,Early Access",0,0,0
705440,"Action,Casual,Indie,Simulation",4,2,2
1153210,"Adventure,Casual,Indie,RPG,Simulation",32,26,6
570380,"Violent,Indie,RPG",7,1,6
509980,"Action,Adventure,Indie,Early Access",7259,5966,1293
1806640,"Adventure,Indie",7,7,0
1184450,"Adventure,Indie,Strategy",22,22,0
1684870,"Indie,Strategy",4,2,2
1555880,"Action,Adventure,Casual,Indie,Racing,Simulation,Sports",1,1,0
942480,Action,5,2,3
1154840,"RPG,Simulation,Strategy",529,441,88
1425830,"Adventure,Casual,Indie",2,1,1
1370180,"Action,Adventure,Casual",0,0,0
951780,"Action,Indie",2,0,2
765140,"Action,Adventure,Casual,Indie",4,2,2
1081190,"Action,Indie",2,2,0
1470220,Simulation,4,3,1
1147940,"Action,Adventure,Casual,RPG,Early Access",242,226,16
701720,"Action,Indie",51,35,16
243220,Indie,331,284,47
340530,"Indie,RPG,Sports,Strategy,Early Access",11,2,9
1025000,"Casual,Indie",5,4,1
1119640,"Casual,Indie,RPG,Simulation,Strategy",1,0,1
1284820,"Casual,Indie,Simulation",530,472,58
572220,"Action,Indie,Strategy",393,374,19
290690,"Action,Indie",404,391,13
976420,"Casual,Indie,Simulation",22,19,3
1060400,"Action,Adventure,Indie",0,0,0
363200,"Action,Casual",2,2,0
1049270,"Casual,Indie",3,2,1
436290,"Indie,RPG,Strategy",229,157,72
1234980,"Action,Adventure,Indie,RPG",1,1,0
775850,"Casual,Free to Play,Indie,Simulation",0,0,0
1255040,Indie,35,34,1
1808900,"Action,Indie",23,23,0
487250,"Casual,Indie,Early Access",7,5,2
1101310,"Adventure,Casual,Indie",7,7,0
1694880,"Action,Indie",20,19,1
1707770,"Casual,Indie",7,7,0
547360,"Action,Indie,Racing",235,188,47
614570,Action,3222,2761,461
940590,"Action,Casual,Indie",3,3,0
1484140,"Action,Adventure,Indie,RPG",0,0,0
662700,"Casual,Free to Play,Indie,Simulation",0,0,0
1168060,Casual,5,5,0
1749170,"Action,Adventure,Indie,Massively Multiplayer,RPG,Strategy",2,1,1
1923730,"Action,Adventure,Casual,Indie",1,1,0
945500,Indie,0,0,0
1003750,"Casual,Indie,Simulation",2,2,0
1610130,"Action,Adventure,Indie",7,4,3
393600,"Action,Adventure,Indie",6,6,0
1190190,"Action,Indie",0,0,0
1286590,"Utilities,Early Access",3,2,1
1382840,"Casual,Indie",14,7,7
553000,"Adventure,Indie",10,4,6
906680,"Action,Adventure,Casual,Indie,RPG,Simulation,Early Access",8,5,3
826540,"Indie,Early Access",155,139,16
1920320,"Indie,RPG,Early Access",19,17,2
1372990,"Sports,Early Access",15,13,2
781030,"Action,Free to Play,Massively Multiplayer,RPG",0,0,0
3570,Casual,21,17,4
50970,Casual,34,24,10
1269150,"Action,Free to Play,Indie",0,0,0
776290,"Action,Racing,Simulation",3,0,3
294790,"Action,Indie,Strategy",38,21,17
826370,"Adventure,Casual",2,2,0
816220,Casual,10,6,4
329190,"Action,Indie,Simulation,Sports,Early Access",106,69,37
907820,"Adventure,Indie,RPG",69,62,7
1308650,"Action,Adventure,Casual,RPG,Strategy",0,0,0
1200060,"Action,Adventure,Casual,Indie,RPG",1,1,0
1771540,"Casual,Education,Early Access",7,7,0
1137860,Action,0,0,0
1957330,"Indie,Animation & Modeling",30,28,2
791620,"Violent,Action,Adventure",0,0,0
1338780,"Action,Adventure,Indie",0,0,0
928970,"Indie,Strategy",15,15,0
209330,"Action,Adventure,Indie",169,106,63
664820,"Adventure,RPG",6,6,0
1873000,"Casual,Indie",1,1,0
206250,"Action,Indie,RPG",82,60,22
615250,"Action,Strategy",53,49,4
1468260,"Casual,Free to Play,Indie",12,12,0
1133060,"Action,Adventure,Massively Multiplayer,Simulation,Strategy,Early Access",151,133,18
962490,"Adventure,Indie,RPG,Simulation,Strategy",0,0,0
381210,Action,160963,130665,30298
1195920,"Adventure,Indie",16,14,2
1174570,"Action,Indie",0,0,0
346470,"Simulation,Sports",250,238,12
1284300,"Casual,Indie",5,2,3
1355140,"Action,Casual,Indie,Simulation",14,11,3
623280,"Action,RPG",2821,1463,1358
1782150,Action,143,95,48
879060,"Action,Adventure,Indie,RPG",10,8,2
1823830,"Action,Indie",5,3,2
1310230,"Action,Indie",7,6,1
1679070,Action,0,0,0
1990400,"Adventure,Indie,RPG",2,2,0
1211050,"Indie,Early Access",0,0,0
244070,"Casual,Strategy",233,162,71
732670,"Action,Casual,Indie",11,4,7
1387980,"Action,Strategy",3,3,0
1578960,"Action,Adventure,Casual,Indie,Strategy,Early Access",44,38,6
1453220,"Indie,Simulation,Strategy",1,0,1
3810,Action,294,216,78
1391630,"Adventure,Indie,RPG,Strategy",4,4,0
1836690,"Action,Indie",1,1,0
328100,"Adventure,Indie,RPG",23,10,13
1915340,Simulation,43,36,7
216150,"Action,Adventure,Casual,Free to Play,Massively Multiplayer,RPG",83,48,35
1223760,"Action,Casual,Indie,Strategy",0,0,0
422300,"Action,Indie,Strategy",27,20,7
1866260,"Adventure,Indie",2,0,2
1963120,"Adventure,Casual,Indie",1,1,0
916840,"Action,Adventure,Indie,RPG,Simulation,Strategy",4561,4067,494
211010,"Action,Indie,RPG",49,40,9
910830,"Action,Adventure,Indie,RPG,Simulation",460,301,159
1214530,"Casual,Indie,Strategy",1,1,0
1243890,"Action,Adventure,Indie,RPG",78,51,27
1581380,"Action,RPG,Strategy",2,1,1
1747370,Casual,0,0,0
1636730,Simulation,20,14,6
205730,"Action,Adventure,Indie",325,289,36
1552310,"Action,Adventure,Indie",55,50,5
234370,"Action,Adventure,Indie",18,8,10
716680,"Action,Adventure,Indie,Racing,Sports",73,54,19
1597200,"Action,Casual,Strategy",6,6,0
995430,Action,13,6,7
747350,"Action,Adventure,Indie",619,539,80
1840130,"Adventure,Indie,RPG,Strategy",0,0,0
410910,"Indie,RPG",27,21,6
827220,"Action,Free to Play,Indie",0,0,0
345540,"Adventure,Casual,Indie",59,49,10
47410,"Free to Play,Massively Multiplayer,Strategy",86,52,34
1887550,"Casual,Indie",4,1,3
1814950,"Casual,Strategy",8,7,1
661690,"Casual,Indie,Simulation",0,0,0
1720160,"Adventure,Indie,Simulation,Strategy",2,2,0
1047680,"Action,Adventure,Indie,RPG",2,2,0
1876670,"Action,Adventure,Indie",0,0,0
305720,"Action,Adventure,Indie,RPG,Simulation,Strategy,Early Access",6,3,3
1300490,Action,11,10,1
1122100,"Action,Adventure,Indie",58,55,3
1128770,"Casual,Indie,Strategy",2,2,0
689000,"Action,Indie",7,5,2
1765160,"Adventure,Casual,RPG",0,0,0
1010950,"Action,Adventure,Indie",2,2,0
1082450,"Indie,Simulation,Early Access",61,27,34
1657950,"Action,Indie,RPG",0,0,0
1588910,"Action,Adventure,Casual,Indie,Strategy",11,11,0
1580260,Indie,14,5,9
1459930,"Adventure,Indie",18,13,5
1249740,Casual,4,0,4
1796900,"Indie,Simulation,Strategy",0,0,0
862300,"Adventure,Casual,Indie",13,7,6
1697620,"Action,Casual",9,8,1
1874560,Casual,0,0,0
328270,"Adventure,Indie",113,72,41
1613230,"Action,Adventure,Casual,Indie,Early Access",0,0,0
935250,"Action,Adventure,Indie",4,4,0
520850,"Adventure,Casual,Indie,Simulation",66,59,7
1386910,"Action,Indie",3,2,1
2013440,Adventure,1,0,1
1769280,"Action,Casual,Sports",1,1,0
2870,"Action,Simulation",3374,1228,2146
1276430,Adventure,6,5,1
688450,"Action,Adventure,Indie",3,1,2
434160,"Action,Indie",29,20,9
1939260,"Casual,Indie",0,0,0
890930,"Action,Casual,Free to Play,Indie",0,0,0
1365380,"Action,Indie",0,0,0
1501970,"Adventure,Casual,Indie,RPG,Early Access",0,0,0
1691420,"Indie,RPG",67,65,2
1270070,"Action,Indie",0,0,0
283180,"Adventure,Indie",62,47,15
358080,"Action,Adventure,Indie,RPG,Early Access",6,3,3
982090,Casual,0,0,0
1785100,Action,2,2,0
863220,"Adventure,Casual,Free to Play,Indie",0,0,0
1243030,"Casual,Indie,Early Access",0,0,0
1428310,"RPG,Simulation",4135,4069,66
1124080,"Action,Indie,RPG,Strategy,Early Access",8,8,0
1003020,RPG,23,22,1
933860,"Adventure,Indie",187,147,40
1498310,"Adventure,Casual,Indie",68,53,15
1756800,"Action,Adventure,Casual,Indie,Simulation,Strategy",4,1,3
285920,"Action,Indie",9821,9064,757
1928190,"Massively Multiplayer,Strategy,Early Access",4,3,1
852320,"Casual,Indie",10,10,0
1828270,"Action,Indie",4,3,1
959350,"Adventure,Casual,Indie,RPG,Simulation,Strategy",20,14,6
1505720,"Action,Adventure,Casual,Indie",3,2,1
433100,"Adventure,Indie",694,502,192
826940,"Action,Adventure,Indie",367,298,69
1612380,"Action,Casual,Indie,RPG,Strategy",1,0,1
1157860,Strategy,1,1,0
1534700,"Action,Adventure,Indie,RPG",7,7,0
1071290,"Action,Adventure,Indie,RPG",262,204,58
811970,"Action,Adventure,Indie",4,4,0
1815010,"Adventure,RPG",3,1,2
278460,"Casual,RPG",415,371,44
1043760,"Indie,RPG,Early Access",0,0,0
1054590,"Action,Indie,Strategy",0,0,0
976330,"Animation & Modeling,Game Development",12,12,0
402630,"Adventure,Indie",57,52,5
1586890,"Action,Adventure,Indie",0,0,0
1763100,"Casual,Indie,Simulation",0,0,0
1101770,"Action,Adventure,Indie",5,5,0
682920,"Adventure,Indie",0,0,0
680780,"Action,Indie",14,9,5
393820,"Action,Adventure,Indie,Early Access",22,3,19
1044900,"Adventure,Indie",0,0,0
1064950,"Action,Free to Play",0,0,0
529450,"Adventure,Casual,Indie",26,19,7
1100170,"Action,Indie",15,15,0
1255740,"Action,Indie",10,9,1
272890,"Indie,Sports",80,51,29
831070,"Adventure,Casual,Indie",32,30,2
1856000,Video Production,0,0,0
527300,"Action,Casual,Indie",1,1,0
1998130,"Casual,Indie",10,10,0
1269110,"Indie,RPG",0,0,0
570340,"Action,Adventure,Casual",0,0,0
384900,"Action,Simulation,Strategy,Early Access",2,0,2
745810,"Action,Adventure,Massively Multiplayer,RPG,Strategy,Early Access",69,48,21
284460,"Action,Indie",1002,853,149
904400,"Indie,RPG",65,61,4
1103210,"Casual,Indie",5,4,1
1271700,Racing,1693,1314,379
960190,"Action,Adventure,Indie",73,61,12
1838670,"Adventure,Indie,Early Access",2,2,0
509160,Adventure,12,11,1
1577380,"Casual,Indie,Simulation",0,0,0
820480,"Action,Indie",4,4,0
340840,"Action,Adventure,Indie",15,11,4
517170,"Animation & Modeling,Design & Illustration,Utilities,Video Production,Early Access",39,32,7
868890,"Action,Casual,Indie",12,8,4
690670,"Adventure,Casual,Indie,RPG,Simulation,Sports,Strategy",5,2,3
1440510,Action,1,1,0
1510950,Casual,23,22,1
1370690,"Action,Indie",10,10,0
1435160,"Action,Casual,Indie,Simulation,Strategy",1,1,0
1201280,"Adventure,Indie",0,0,0
395420,"Adventure,Indie,RPG",75,55,20
957440,"Adventure,RPG,Strategy",19,15,4
656190,"Action,Indie",5,4,1
260550,"Adventure,Casual",28,21,7
1625190,"Casual,Indie,Strategy",1,1,0
1139900,Action,15465,14259,1206
1388370,"Action,Adventure,Casual,Indie,Racing,Simulation,Early Access",21,12,9
838630,"Adventure,Indie,Simulation",587,306,281
431630,"Action,Indie",14,11,3
280160,"Action,Adventure,Indie",3773,3399,374
963330,"Casual,Indie",77,65,12
1483350,"Adventure,Indie",0,0,0
6210,Strategy,84,61,23
1088010,"Action,Simulation",2,0,2
886350,Indie,5,4,1
1108640,"Adventure,Indie",8,7,1
207750,"Action,Casual,Indie",573,503,70
2050430,"Adventure,Massively Multiplayer,RPG,Early Access",4,3,1
1043510,"Casual,Indie,Simulation",3,3,0
1145330,"Action,Adventure,Indie",12,8,4
1037140,"Casual,Indie",2,1,1
909970,"Casual,Indie,Simulation,Strategy,Early Access",126,33,93
1871700,"Action,Indie",3,3,0
389270,"Adventure,Casual,Indie",96,68,28
531730,"Adventure,Casual",37,36,1
346500,"Action,Adventure,Indie,Racing",47,34,13
1502920,"Action,Adventure,Indie",0,0,0
1430070,"Adventure,Casual,Indie,RPG",3,1,2
1787400,"Action,Casual,Indie",3,3,0
949910,"Action,Adventure,Casual,Free to Play,Indie,Early Access",0,0,0
575100,"Violent,Gore,Action,Adventure,Indie,Early Access",1,0,1
1324780,"Action,Indie,Simulation,Strategy",1081,962,119
770810,"Casual,Indie,Simulation,Early Access",209,188,21
594050,"Action,Adventure,Indie",126,98,28
1029630,"Simulation,Strategy",441,243,198
788700,"Casual,Indie,RPG,Simulation,Strategy",108,76,32
559850,"Adventure,Indie,Simulation",18,17,1
848630,Action,3,2,1
819730,"Action,Indie",0,0,0
1741300,"Adventure,Indie,Simulation",3,1,2
786170,"Violent,Action,Casual,Indie,Early Access",2,2,0
610080,"Free to Play,RPG,Strategy",0,0,0
1368770,"Adventure,Indie",10,5,5
1913320,"Adventure,Casual,Indie",3,2,1
1010930,"Action,Indie",3,2,1
1154150,"Casual,Free to Play,Simulation",0,0,0
1273740,"Action,Adventure,Casual,Indie,Strategy",2,2,0
1957210,"Casual,Indie",12,12,0
1837520,Indie,0,0,0
1714270,"Action,Casual,Free to Play,Indie,Early Access",0,0,0
1631430,"Casual,Strategy",0,0,0
828730,"Action,Casual,Indie",2,0,2
1111940,"Casual,Indie",93,84,9
1697080,"Casual,Indie,Simulation,Strategy",10,9,1
1421320,RPG,8,6,2
1716400,"Adventure,Indie",0,0,0
1132910,"Action,Adventure,Indie",54,42,12
1204990,"Adventure,Casual,Free to Play,Indie,Massively Multiplayer,RPG,Simulation",0,0,0
1859370,"Casual,Indie,Simulation,Strategy",40,36,4
1556680,"Action,Indie",0,0,0
628020,Strategy,3,3,0
871920,"Action,Casual,Indie",7,6,1
1507650,"Action,Adventure,Free to Play",0,0,0
870690,"Indie,Strategy",102,92,10
1913220,"Casual,Indie,Simulation",1,1,0
372340,"Action,Adventure,Indie,RPG,Early Access",1,0,1
2082720,"Adventure,Casual,Simulation",1,0,1
712530,"Adventure,Indie",21,11,10
1413170,Action,2,2,0
562090,"Action,Indie,RPG",0,0,0
1503590,"Action,Simulation,Sports,Early Access",21,18,3
495900,"Action,Casual,Indie",29,23,6
649460,"Adventure,Indie",15,9,6
346440,"Massively Multiplayer,Racing,Sports",13,10,3
748310,"Action,Adventure,Indie,Early Access",4,4,0
1611900,"Action,Adventure,Casual",2,1,1
582210,Simulation,21,19,2
358410,Action,50,45,5
908230,Indie,9,6,3
619390,"Action,Adventure,Indie",53,32,21
341020,"Action,Adventure,Indie,RPG",126,87,39
1076500,"Action,Free to Play,Indie,Massively Multiplayer,Strategy",0,0,0
1233710,Casual,79,45,34
893420,"Action,Strategy",13,12,1
487350,"Action,Casual,Indie",12,12,0
1540060,"Casual,Indie,Simulation",35,33,2
1380260,"Action,Strategy",4,2,2
700060,"Indie,Simulation,Strategy,Early Access",24,5,19
773340,"Action,Adventure,Casual,Indie,Simulation",0,0,0
1469280,"Action,Adventure,Casual,Free to Play,Indie,Simulation",0,0,0
1436000,"Action,Adventure,Indie",5,2,3
1940040,"Casual,RPG,Simulation,Strategy",134,129,5
1870320,"Indie,Massively Multiplayer,RPG",39,35,4
1073900,Indie,76,71,5
476700,"Action,Adventure,Indie",318,243,75
1316530,"Action,Strategy,Early Access",6,6,0
1926240,"Action,Indie",4,4,0
367260,"Action,Casual,Indie",21,16,5
324510,"Action,Adventure,Indie,Massively Multiplayer,RPG",1275,962,313
1485140,"Action,Adventure,Simulation,Early Access",51,44,7
1528290,"Action,Adventure,Indie,RPG,Strategy",1,0,1
15370,Strategy,592,542,50
1545850,"Adventure,Casual,Indie",9,8,1
681160,"Action,Free to Play,Indie,Massively Multiplayer",3,0,3
854310,"Action,Indie,Early Access",0,0,0
818380,"Action,Casual,Indie,Sports,Early Access",0,0,0
1815160,"Casual,Indie",3,0,3
1932790,"Casual,Indie,Racing",0,0,0
929400,Casual,2,2,0
1155960,Casual,11,9,2
826300,"Action,Casual,Indie",0,0,0
1890590,"Action,Adventure,Casual,Indie",0,0,0
1352040,"Action,Casual,Indie,Racing",1,0,1
231430,Strategy,23882,20081,3801
1059460,"Action,Adventure,Casual,Indie,Simulation",26,21,5
556850,"Utilities,Early Access",1,0,1
671490,"Adventure,RPG",1,0,1
1650080,"Adventure,Casual,Indie",11,9,2
1602260,"Indie,Simulation",0,0,0
1633770,"Action,Indie",1,1,0
633300,"Casual,Indie,Education",3,1,2
1397800,Indie,13,11,2
1052890,"Adventure,RPG",0,0,0
422030,"Action,Indie,RPG",6,3,3
616110,"Adventure,Casual,Indie",1401,1258,143
1283920,"Action,Adventure,Casual,Indie,Simulation",0,0,0
1190270,"Adventure,Indie",0,0,0
241260,Adventure,1612,1455,157
1091070,"Action,Indie",0,0,0
573720,"Adventure,Casual,Simulation,Strategy",5,4,1
614140,"Adventure,Indie",7,3,4
373610,"Action,Indie",58,49,9
1053760,"Animation & Modeling,Design & Illustration,Early Access",0,0,0
325060,Indie,91,81,10
1716240,Casual,1,1,0
1022710,"Indie,RPG",81,56,25
464350,"Indie,Massively Multiplayer,Simulation,Strategy",974,868,106
1373020,"Casual,Indie,RPG,Simulation",0,0,0
1919320,"Adventure,Free to Play,Indie",0,0,0
1739560,"Action,Adventure,Indie",0,0,0
582960,"Indie,Strategy",7,6,1
772590,"Indie,Early Access",0,0,0
693150,"Casual,Indie",0,0,0
814700,"Casual,Free to Play,Simulation",0,0,0
545050,"Action,Adventure,Indie,RPG,Simulation,Strategy,Early Access",214,118,96
647530,"Action,Massively Multiplayer,RPG,Early Access",6,2,4
1126270,"Action,Adventure,Casual,Indie,RPG,Sports,Early Access",31,30,1
1991360,"Action,Casual",1,1,0
726250,"Action,Adventure,Indie,Early Access",173,133,40
2019110,Strategy,0,0,0
1573720,Adventure,128,96,32
1097470,"Action,Adventure,Casual,Indie,Simulation",0,0,0
1136090,"Action,Adventure",3,3,0
514180,Simulation,34,29,5
1600100,"Casual,Indie",7,5,2
378070,"Action,Indie,Sports",17,11,6
1214330,"Free to Play,Indie,Massively Multiplayer,RPG,Strategy",83,76,7
1021120,"Action,Indie",9,2,7
1172150,"Action,Adventure,Casual,Indie",6,6,0
1871410,"Casual,Indie,Racing,Early Access",0,0,0
495560,"Indie,Simulation,Strategy",731,488,243
1987290,"Adventure,Casual,Free to Play,Massively Multiplayer,RPG",0,0,0
1225370,"Action,Casual,Indie",1,1,0
771540,"Action,Indie,Early Access",0,0,0
1668820,"Casual,Indie",6,6,0
1747080,"Action,Adventure,Free to Play,Indie,RPG",0,0,0
1069910,"Casual,Simulation,Strategy",16,10,6
1329810,"Action,Strategy",1,1,0
15300,Action,730,689,41
536450,"Action,Adventure,Indie,RPG",23,15,8
1747590,"Adventure,Free to Play,Indie",0,0,0
643950,Simulation,8,2,6
786140,"Action,Casual,Free to Play,Indie",0,0,0
1025330,"Action,Casual,Indie,Simulation",0,0,0
317320,"Adventure,Indie",134,126,8
1564520,"Action,Free to Play,Indie,Simulation",0,0,0
1363250,Video Production,7,2,5
1213670,"Casual,Free to Play",0,0,0
1293000,"Simulation,Sports",15,14,1
600350,"Action,Adventure,Casual,Indie",3,1,2
1024080,"Action,Adventure,Indie,RPG",8,6,2
717990,"Action,Casual,Free to Play,Indie",0,0,0
566550,"Indie,Simulation",57,24,33
1316770,"Adventure,Casual,Indie",5,1,4
612110,"Adventure,Casual,Indie",135,101,34
242640,Action,3214,2624,590
503400,"Adventure,Indie",497,471,26
1681580,"Action,Adventure,RPG,Early Access",7,3,4
778010,"Indie,Simulation,Strategy,Early Access",45,12,33
537540,"Adventure,Indie,Simulation",0,0,0
726880,"Action,Adventure,Simulation,Strategy,Early Access",11,10,1
727450,"Action,Indie,Early Access",12,10,2
646270,"Adventure,Casual,Indie,RPG,Simulation,Strategy",641,564,77
527210,"Casual,Indie,Strategy",3,2,1
1259180,"Adventure,Casual,Indie",0,0,0
1076600,"Action,Adventure,Indie,Early Access",0,0,0
1126060,"Indie,Simulation",8,7,1
331810,"Action,Adventure,Indie,Massively Multiplayer,RPG,Simulation,Strategy,Early Access",60,14,46
1064540,"Casual,Indie,Simulation",17,14,3
706390,"Casual,Indie,Strategy",8,7,1
653220,"Action,Casual,Free to Play,Indie",0,0,0
1542760,"Action,Indie,RPG,Early Access",2,2,0
636330,"Action,Adventure,Indie",3,3,0
433840,"Indie,RPG,Strategy",17,6,11
694280,Action,1222,1018,204
1137230,"Action,Racing,Simulation",1,0,1
1315860,"Casual,Indie",13,12,1
816500,"Casual,Indie,Racing,Sports",13,11,2
742250,"Adventure,Indie",120,107,13
1388770,"Action,Indie,Simulation",7376,7178,198
1084640,"Adventure,Indie",389,377,12
1503250,"Simulation,Early Access",3,3,0
1339220,"Action,Adventure,Casual,Indie,Massively Multiplayer,Simulation,Sports,Strategy,Early Access",3,0,3
1286150,"Action,Adventure,Casual,Indie",1,1,0
327150,"Action,Indie,RPG,Strategy",39,29,10
579780,"Nudity,Violent,Gore,Action,Casual",22,15,7
458770,Racing,183,109,74
1401890,"Action,Indie",3,2,1
311930,"Action,Indie",51,49,2
1393580,"Adventure,Indie",7,4,3
1485970,"Action,Adventure,Indie,Strategy,Early Access",1,1,0
773420,"Nudity,Violent,Indie",5,3,2
915080,RPG,9,6,3
1220580,"Adventure,Indie,RPG",2,1,1
611830,"Action,Indie,Massively Multiplayer",41,37,4
12320,"Action,RPG",910,705,205
796520,"Casual,Indie",1,0,1
329430,"Action,RPG,Simulation",3570,2731,839
2005810,"Action,Early Access",2,1,1
1242800,"Action,Casual,Indie",0,0,0
1228430,"Action,Free to Play,Indie",0,0,0
373670,"Action,Casual,Indie",1,1,0
288670,"Adventure,Casual,Indie",15,12,3
960340,"Action,Adventure,Casual,Indie",0,0,0
934060,"Adventure,Casual,Free to Play,Indie,RPG,Simulation,Strategy",0,0,0
583620,Education,36,27,9
1564410,"Action,Adventure,Casual,Indie,Racing",0,0,0
1529860,"Action,Adventure,Free to Play,Indie,Massively Multiplayer,RPG,Early Access",0,0,0
1261290,"Action,Casual,Indie",0,0,0
1420050,"Casual,Free to Play,Indie,RPG,Simulation",0,0,0
1420950,"Action,Adventure,Casual,Indie",4,4,0
467950,"Action,Adventure,Casual,Indie,RPG",57,42,15
1184550,"Action,Indie,Early Access",13,9,4
354400,"Action,Adventure,Indie",195,187,8
439800,"Casual,Simulation",22,17,5
1269930,"Action,Early Access",1,0,1
217140,Action,1298,886,412
752710,"Action,Casual,Indie,Racing",1,1,0
1653910,"Action,Adventure,Indie,RPG,Simulation",1,0,1
1530360,"Casual,Indie",0,0,0
46830,Strategy,9,4,5
799920,"Adventure,Indie,RPG,Simulation",0,0,0
1268830,"Action,Casual,Indie",2,2,0
1449760,"Casual,Indie,Early Access",1,1,0
807340,"Adventure,Casual,Indie",18,8,10
429790,"Action,Adventure,Casual,Free to Play,Indie,Massively Multiplayer,RPG,Early Access",50,38,12
1097180,"Action,Adventure,Indie",12,8,4
351640,"Action,Free to Play,Indie,RPG",79,77,2
1411410,"Action,Indie",1,1,0
1773490,"Adventure,Free to Play,Indie,RPG",0,0,0
1161510,"Action,Adventure,Indie",3,2,1
287200,"Casual,Indie,Simulation,Strategy",187,115,72
1685550,"Action,Casual,Indie",1,1,0
846870,"Adventure,Indie",353,310,43
1186050,"Adventure,Indie,RPG",29,25,4
760490,"Adventure,Free to Play,Indie,RPG",0,0,0
1519570,RPG,0,0,0
1305370,"Indie,Simulation,Strategy",2,1,1
1624990,"Indie,Simulation",2,2,0
508520,"Action,Casual,Indie,Early Access",4,4,0
1426130,"Action,Adventure,Casual,Strategy",0,0,0
1344790,"Free to Play,Indie,RPG",0,0,0
233350,"Action,Adventure,RPG",360,312,48
1406900,"Action,Adventure,Indie,Simulation",2,2,0
1780420,"Adventure,Indie",11,7,4
1765240,"Casual,Indie,Early Access",0,0,0
1437430,"Action,Casual,Indie",2,2,0
874390,"Action,Adventure,Casual,Indie,Simulation,Strategy",1618,1559,59
970940,"Adventure,Sports",16,6,10
1706120,"Casual,Indie",0,0,0
1978180,"Adventure,Indie,RPG",0,0,0
2011520,"Adventure,Casual,Indie,Early Access",0,0,0
1113740,Utilities,2,1,1
734090,Indie,1,1,0
333430,Adventure,85,60,25
1676880,"Action,Adventure,Free to Play,Massively Multiplayer,RPG",0,0,0
844500,"Adventure,Casual,Indie",67,43,24
562430,"Casual,Indie,Simulation,Strategy",4,4,0
1330330,"Action,Adventure,Casual,Indie,RPG,Simulation",13,11,2
967390,"Action,Adventure",139,87,52
1750320,"Adventure,Indie,RPG",2,1,1
1563680,"Action,Adventure,Casual,Indie,Racing,Simulation,Sports",4,0,4
629840,"Adventure,Indie",415,265,150
489600,"Indie,Simulation,Sports",431,291,140
1708690,"Adventure,Indie",0,0,0
733210,"Action,Adventure,Casual,Indie,RPG",426,379,47
1894980,"Casual,Indie,Early Access",2,2,0
853290,"Action,Indie",1,1,0
908840,"Action,Casual,Indie,Sports",3,3,0
540610,Casual,570,494,76
997260,"Action,Casual,Indie",7,7,0
115320,"Action,Adventure",3099,2140,959
581220,"Strategy,Early Access",70,24,46
100,Action,754,700,54
1735940,"Casual,Early Access",0,0,0
1300550,"Adventure,Indie",0,0,0
1964590,Strategy,0,0,0
665110,"Action,Adventure,RPG,Strategy",0,0,0
579020,"Simulation,Strategy",244,175,69
1202810,Adventure,0,0,0
1405260,"Action,Adventure,Indie,RPG",40,26,14
1939500,"Casual,Indie,RPG",0,0,0
989270,"Action,Casual,Indie",0,0,0
1493380,"Adventure,Indie",1,1,0
1814460,"Indie,RPG",0,0,0
1328830,"Action,Adventure,Casual,Indie",2,2,0
34920,"Action,Casual,Indie",69,12,57
391240,"Casual,Indie,Massively Multiplayer,Strategy",3,3,0
1721090,"Casual,Indie,Strategy",8,6,2
868880,"Casual,Indie",6,5,1
1426980,"Casual,Indie",36,35,1
281990,"Simulation,Strategy",53494,47590,5904
929200,"Adventure,Indie,RPG,Strategy",12,6,6
1976030,"Casual,Indie",2,2,0
1035800,"Free to Play,Indie,RPG",0,0,0
1726330,"Casual,Indie,Simulation,Strategy",2,0,2
1265680,"Adventure,Indie",4,3,1
1264240,"Indie,RPG,Strategy,Early Access",0,0,0
384200,"Action,Indie",40,27,13
1569170,Indie,1,1,0
630050,"Casual,Strategy",18,13,5
1152550,"Adventure,Casual,Indie,Simulation,Strategy",1,1,0
1728690,Adventure,3,3,0
667420,"Gore,Action,Adventure,Indie",4,1,3
658430,"Casual,Indie,Strategy",18,9,9
1653700,Adventure,5,3,2
784040,"Adventure,Casual,Indie,Simulation,Sports,Strategy",1,1,0
495730,"Casual,Indie",1,0,1
930300,"Action,Adventure,Indie,Simulation",3,1,2
632380,"Indie,Strategy",2,1,1
994160,"Casual,RPG,Simulation",24,14,10
236430,"Action,RPG",13126,11121,2005
1523100,Casual,8,4,4
1962450,"Action,Adventure,Indie,RPG",18,16,2
1870810,"Indie,Simulation,Education",1,1,0
376300,Action,875,808,67
223410,"Indie,Massively Multiplayer,RPG",430,307,123
982800,"Indie,Simulation,Strategy",15,9,6
859640,"Adventure,Indie",26,23,3
317280,"Adventure,Indie",81,69,12
1812430,"Indie,Racing,Sports",0,0,0
971030,"Indie,Racing,Simulation,Sports",293,247,46
1187110,Strategy,2,1,1
1879970,Action,2,2,0
997950,"Adventure,Indie",6,4,2
595460,"Casual,Indie,Simulation",135,110,25
923880,"Adventure,Indie,Simulation",4,2,2
1901360,Casual,0,0,0
1639860,"Action,Adventure,Casual,Indie,RPG",6,6,0
207020,Racing,133,107,26
919150,"Sexual Content,Violent,Indie",3,2,1
1129090,"Action,Adventure,Casual,Indie",28,26,2
245410,"Adventure,RPG",94,74,20
1950620,Casual,0,0,0
381100,Adventure,177,129,48
1385920,"Action,Indie",3,3,0
1191610,Indie,1,1,0
1366320,"Action,Adventure,Casual,Indie,RPG,Strategy,Early Access",3,3,0
763270,Strategy,17,13,4
1498630,"Action,Casual",5,5,0
1602280,Casual,0,0,0
819940,"Action,Casual,Indie",1,1,0
1358650,"Action,Indie,Early Access",3,2,1
803830,"Action,Indie,Simulation,Sports",204,166,38
637070,"Gore,Adventure,Indie,Simulation",4,2,2
1449720,Casual,0,0,0
394270,"Casual,Indie,Strategy",7,4,3
1323200,"Casual,Indie,Early Access",1,1,0
1344170,"Adventure,Casual,Indie",1,1,0
1824110,"Adventure,Casual,Indie,Strategy",0,0,0
313140,"Adventure,Indie",108,81,27
1780780,"Casual,Indie",5,2,3
1035860,"Action,Casual,Indie",1,0,1
1001590,"Action,Casual,Indie",5,5,0
1595780,"Action,Adventure,Indie,RPG,Simulation",0,0,0
1420180,"Indie,RPG,Simulation",7,2,5
1837510,Action,12,11,1
343570,"Casual,Indie",12,9,3
35725,"Action,Adventure,Indie",10,9,1
827450,"Action,Indie",4,3,1
748780,"Action,Indie,Early Access",0,0,0
1094060,"Adventure,Casual,Indie",90,54,36
1824380,"Action,Adventure,Free to Play,Indie,RPG,Strategy",0,0,0
1305350,"Action,Casual,Indie",16,16,0
1950370,Indie,10,10,0
789480,"Casual,Indie",11,11,0
960240,"Action,Indie,Sports",2,2,0
682230,"Casual,Indie",29,28,1
1582130,"Casual,Indie",0,0,0
1278360,"Adventure,Casual,Free to Play,Indie,RPG",0,0,0
1126710,"Action,Adventure,Casual,Indie",15,14,1
235620,"Casual,Indie,Strategy",536,391,145
2010720,"Adventure,Indie,RPG",10,10,0
455190,"Casual,Indie,Strategy",10,8,2
619610,"Action,Casual,Indie,Racing",1,1,0
200390,"Indie,Strategy",69,35,34
1047410,"Action,Free to Play,Indie,Massively Multiplayer,RPG",0,0,0
1630340,"Casual,Indie,Strategy,Early Access",1,1,0
1758320,"Adventure,Casual,Indie",1,1,0
1827840,"Action,Adventure,Indie,RPG,Strategy",0,0,0
1814310,"Adventure,Casual,Indie,Early Access",7,3,4
1203970,"Adventure,Casual,Indie",23,22,1
1248910,"Adventure,Indie,RPG",1,1,0
1870910,Indie,10,10,0
1955690,"Action,Adventure,Casual,Free to Play,Indie",0,0,0
686200,"Action,Casual,Indie,Simulation,Strategy",1616,1518,98
489570,"Action,Casual,Indie,Massively Multiplayer,Strategy",45,24,21
1549130,"Action,Simulation",2,2,0
348280,"Action,Indie",11,5,6
965240,Strategy,2,2,0
695830,"Casual,Indie,Strategy",1,0,1
458540,"Casual,Indie",22,19,3
689030,"Action,Indie",1,0,1
233860,"Action,Indie,RPG,Simulation,Strategy",27910,26449,1461
1367960,"Casual,RPG",1,1,0
790250,"Action,Indie",1,1,0
1532180,"Action,Adventure,Free to Play",0,0,0
1585540,"Adventure,Indie,RPG",24,21,3
1789100,"Indie,Strategy",3,3,0
262920,"Action,Indie",2,2,0
1477790,"Adventure,Casual,Indie",568,554,14
1415840,"Action,Adventure,Indie,Early Access",0,0,0
744610,"Casual,Indie,RPG",5,1,4
1512860,"Adventure,Indie,RPG,Strategy",10,8,2
1162350,"Indie,Simulation,Strategy",31,25,6
937320,"Casual,Indie",2,2,0
1435330,"Action,Adventure,Casual,Indie,RPG,Simulation",2,2,0
1371620,"Casual,Indie,Sports",0,0,0
1580970,"Adventure,Casual,Indie",0,0,0
881390,Utilities,6,4,2
447180,Adventure,69,44,25
13570,Action,2356,2188,168
1096290,"Action,Adventure,Casual,Indie,RPG,Strategy",0,0,0
1547480,"Action,Casual,Indie",3,3,0
561120,"Action,Adventure",33,20,13
261720,"Adventure,Casual,Indie,RPG,Strategy",58,28,30
561600,"Racing,Simulation,Sports",302,259,43
33710,"Casual,Simulation",8,7,1
694670,"Casual,Indie,Early Access",1,1,0
270130,"Adventure,Casual,Indie",861,708,153
1736840,Casual,30,16,14
380920,"Action,Adventure,Indie",42,36,6
1489520,"Action,Indie,Early Access",2,2,0
716560,"Action,Indie",7,6,1
611350,"Action,Indie",98,67,31
1270500,"Action,Adventure,Indie,Simulation",1,0,1
1231180,"Action,Adventure",1,0,1
405190,"Action,Indie,Strategy",6,1,5
444470,"Action,Adventure,Indie",9,6,3
1113570,"RPG,Strategy",430,353,77
42670,Action,2376,2181,195
556740,"Action,Adventure,Indie,RPG",172,120,52
271640,"Action,Indie",4,1,3
754160,"Action,Adventure,Casual,Free to Play,Indie,RPG",0,0,0
70300,"Action,Indie",3665,3549,116
1363690,"Simulation,Strategy",29,28,1
1187620,"Casual,Indie,Strategy",12,9,3
1821580,"Action,Casual,Indie",0,0,0
1462100,"Action,Indie",0,0,0
1334240,"Casual,Indie,Racing,Simulation",1,1,0
778540,"Action,Adventure,Indie",0,0,0
1599560,"Action,Adventure",300,254,46
949200,"Adventure,Indie,RPG,Simulation",147,133,14
1719670,"Casual,Indie",2,2,0
776450,"Action,Casual,Indie,Racing,Early Access",0,0,0
1008210,"Adventure,Casual,Free to Play,Indie,RPG,Simulation",3,3,0
1765040,"Action,Free to Play,Indie,Massively Multiplayer,Early Access",0,0,0
1711490,"Casual,Indie,Simulation",11,9,2
463400,"Action,Adventure,Indie,RPG,Early Access",16,13,3
401910,"Indie,Strategy",44,41,3
467000,"Action,Indie",69,35,34
674130,"Free to Play,Indie,Simulation,Strategy",0,0,0
568470,"Adventure,Indie",8,4,4
1309870,"Casual,Free to Play,Indie,Strategy",0,0,0
1155880,"Indie,Simulation,Strategy",88,55,33
252270,"Action,Indie,Strategy",80,52,28
886610,"Violent,Gore,Action,Adventure,Casual,Indie",2,0,2
1013450,"Action,Indie,RPG,Early Access",10,6,4
1547270,"Adventure,Indie",2,0,2
1134130,"Action,Adventure",2,0,2
1824440,"Action,Adventure,Strategy",10,8,2
1156730,"Indie,RPG",23,16,7
534720,Action,39,35,4
1814930,"Adventure,Casual",4,4,0
1120340,"Casual,Indie,RPG,Simulation",0,0,0
493340,"Action,Adventure,Casual,Simulation,Strategy",23810,21555,2255
1363490,"Adventure,Indie,RPG,Strategy",0,0,0
1414710,"Action,Adventure,Casual,Free to Play,Indie,Simulation,Sports,Strategy",0,0,0
736340,"Indie,Sports",22,19,3
270590,"Action,Adventure,Indie",39,20,19
328920,Simulation,70,60,10
581810,"Nudity,Gore,Action,Adventure,Indie",6,2,4
1069140,"Indie,Strategy",8,7,1
471630,"Casual,Free to Play,Indie",2,2,0
966580,"Action,Indie,Racing",3,3,0
1564840,"Adventure,Casual,Free to Play,Indie,RPG,Simulation,Early Access",0,0,0
657470,Simulation,32,12,20
1819370,Casual,2,0,2
1692630,Indie,0,0,0
1525490,"Action,Adventure,Indie,RPG,Early Access",1,0,1
1364430,"Action,Indie",1,1,0
1379380,"Casual,Strategy",46,46,0
565640,"Casual,Indie",2,1,1
819470,"Action,Adventure,Casual,Indie",0,0,0
1382890,Action,3,3,0
661530,"Action,Casual,Indie",0,0,0
892380,"Indie,Simulation,Early Access",27,20,7
632820,Casual,3,3,0
710170,"Action,Indie,RPG",68,60,8
1823600,"Simulation,Strategy",79,38,41
1274490,"Indie,Simulation",314,241,73
546110,"Adventure,Casual,Indie",3,2,1
1455850,"Animation & Modeling,Early Access",8,7,1
1451980,"Casual,Indie,RPG",0,0,0
396350,"Action,Indie",314,303,11
1663450,Casual,0,0,0
416040,"Action,Free to Play,Indie,Strategy",16,7,9
1536830,Action,0,0,0
928830,"Adventure,Indie,RPG",8,5,3
1420060,"Action,Casual,Free to Play,Indie",0,0,0
704300,"Indie,Simulation",108,63,45
470310,"Casual,Indie,RPG,Strategy",2085,1965,120
1744750,Casual,0,0,0
1384390,"Adventure,Indie,Simulation",9,4,5
1414840,"Action,Indie,Strategy",5,4,1
420180,Adventure,86,64,22
733510,"Casual,Indie,Strategy",5,5,0
1194930,"Indie,RPG,Simulation,Strategy",489,319,170
3390,Casual,575,559,16
1237410,Simulation,3,1,2
864110,"Casual,Indie",1,1,0
577230,"Indie,Simulation,Strategy",260,184,76
622270,"Casual,Indie",0,0,0
1746150,"Action,Indie,Early Access",2,1,1
1253390,"Adventure,Casual",25,21,4
1462540,"Action,Adventure",4,3,1
1461360,"Indie,Simulation",18,17,1
1436190,"Adventure,Casual,Indie",5,5,0
1969460,"Casual,Indie,Racing,Sports",1,0,1
728610,"Action,Indie,Early Access",1,1,0
1929590,"Action,Indie,RPG",1,0,1
1384090,"Action,Casual,Indie",3,3,0
1277320,"RPG,Simulation,Strategy",4,2,2
461710,"Adventure,Indie,RPG",21,19,2
1031900,Casual,75,75,0
668970,"Action,Adventure,Indie",4,4,0
304950,"Adventure,Casual,Indie,RPG,Simulation",363,259,104
1122720,"Action,Casual",2668,2577,91
899160,"Adventure,Casual,Indie,RPG",0,0,0
805790,Casual,2,2,0
936870,"Indie,RPG",0,0,0
786720,"Action,Adventure,Casual,Indie",15,6,9
1082750,"Casual,Indie,Simulation",0,0,0
745920,"Adventure,Indie,Massively Multiplayer,RPG,Early Access",15273,13528,1745
965710,"Action,Adventure",0,0,0
827050,Strategy,57,47,10
851820,"RPG,Simulation,Strategy",22,15,7
460950,"Action,Indie",15960,15649,311
1420770,"Casual,Indie,Simulation",113,84,29
1716390,Casual,21,19,2
1318840,"RPG,Strategy",0,0,0
330840,Adventure,5302,3802,1500
1302510,"Casual,Indie,Racing,Simulation,Sports,Early Access",2,1,1
1714190,"Action,Casual",19,18,1
409450,"Indie,RPG,Strategy",309,265,44
815390,"Casual,Indie",9,5,4
1190410,"Action,Adventure,Indie",5,3,2
863120,Indie,0,0,0
1756840,"Adventure,Casual,Indie,RPG,Early Access",0,0,0
1152640,"Adventure,Casual,Indie,Early Access",1,1,0
1788960,Casual,3,2,1
1275880,"Action,Adventure",2,1,1
1886420,"Casual,Indie",1,0,1
1518350,Casual,20,19,1
1903200,"Adventure,Casual,Indie,Simulation",6,3,3
430210,"Action,Indie",1101,801,300
1142200,"Action,Adventure,Indie,RPG",0,0,0
1816690,"Casual,Sports",2,2,0
1403840,"Audio Production,Software Training,Utilities,Video Production,Web Publishing",17,9,8
921450,"Casual,Indie,Strategy",2,2,0
628550,"Action,Adventure,Indie",45,42,3
594370,"Action,Casual,Indie,Sports",81,44,37
832650,"Adventure,Indie,RPG,Strategy",7,5,2
1010560,"Action,Indie",0,0,0
1889190,Action,3,2,1
864740,"Adventure,Indie,RPG",11,10,1
1441430,"Casual,Indie,Early Access",1,0,1
1114870,"Action,Adventure,Indie,RPG",138,122,16
1078730,"Free to Play,Sports",0,0,0
1624950,Casual,1,1,0
1196300,"Free to Play,Indie",0,0,0
1918250,Adventure,0,0,0
1131490,"Action,Indie",0,0,0
104020,"Casual,Indie",42,35,7
1909030,Indie,0,0,0
1451230,"Adventure,Free to Play,Massively Multiplayer,Strategy",0,0,0
1362420,"Adventure,Casual,Free to Play,Indie,RPG,Simulation,Strategy",0,0,0
711970,"Casual,Indie,Strategy",0,0,0
538390,"Action,Adventure,Casual,Indie",1,1,0
1280950,"Action,Adventure,Casual,Indie,Racing,Sports,Early Access",30,30,0
248510,"Indie,Strategy",78,64,14
349890,"Action,Adventure,Indie",0,0,0
1258140,"Action,Indie,Strategy",3,2,1
632170,"Action,Indie",29,19,10
340570,"Casual,Indie,Simulation,Strategy,Early Access",5,3,2
928940,Action,0,0,0
353270,"RPG,Strategy",1378,1317,61
778590,"Adventure,Casual,Indie,Simulation",9,6,3
1625650,"Casual,Indie",0,0,0
375620,"Action,Adventure,Indie,Strategy",0,0,0
1104610,"Action,Indie",7,5,2
1614360,"Action,Indie",5,5,0
344130,"Action,Indie",14,12,2
1602930,"Adventure,Indie",39,34,5
940580,"Racing,Simulation,Sports",34,17,17
700560,"Action,Casual,Indie,RPG,Simulation",3,1,2
816280,"Casual,Indie",3,2,1
1664050,"Action,Casual,Indie,Strategy",8,5,3
1523630,"Indie,RPG,Strategy,Early Access",0,0,0
1271450,"Education,Utilities",0,0,0
1304770,"Action,Adventure,Indie,RPG",38,35,3
453910,"Casual,Indie",23,20,3
1508060,"Adventure,Casual,Indie,Strategy",1,1,0
667110,"Design & Illustration,Education,Utilities,Early Access",0,0,0
1858400,"Action,Indie",2,2,0
10520,Sports,0,0,0
1665830,"Design & Illustration,Utilities",0,0,0
277870,"Action,Adventure,Indie,RPG",264,187,77
1478310,"Action,Indie,Simulation,Early Access",4,4,0
1465350,"Casual,Indie,Simulation",2,1,1
828170,"Casual,Free to Play,Indie",0,0,0
1477330,"Adventure,Indie,RPG,Strategy",14,12,2
547970,"Action,Indie",13,9,4
779250,"Action,Indie",12,10,2
746880,"Action,Adventure,Indie,RPG",20,11,9
1141450,"Action,Casual,Indie",9,8,1
707720,"Action,Adventure,Casual,Indie,RPG,Strategy",5,1,4
950570,"Action,Casual,Strategy",1,1,0
682370,"Action,Casual,Indie",3,1,2
1677740,"Action,Casual,Indie",237,211,26
1287970,"Action,Casual,Indie",1,1,0
1852320,"Casual,Free to Play,Strategy",0,0,0
1287500,"Casual,Indie",23,21,2
1621210,"Action,Indie,RPG,Early Access",0,0,0
948660,"Adventure,Casual,Indie,RPG",6,5,1
99400,"Action,Indie",141,74,67
1356300,Indie,2,2,0
1173850,"Action,Adventure,Casual,Indie",6,6,0
1052390,"Action,Adventure,Indie,Early Access",0,0,0
1123060,"Action,Adventure,Indie",3,2,1
1530790,Casual,4,4,0
1243060,"Action,Casual,Indie",0,0,0
1496640,"Casual,Indie,RPG,Simulation,Early Access",16,16,0
616690,"Action,Adventure,Indie",15,12,3
862920,"Casual,Indie",20,19,1
1114520,Strategy,10,6,4
509230,"Adventure,Indie",8,5,3
735250,RPG,0,0,0
522590,Indie,23,8,15
881050,Simulation,1,0,1
1184990,"Action,Indie",87,78,9
1526160,"Casual,Strategy",3,3,0
1074880,Education,2,2,0
1259840,"Adventure,Indie,Strategy",469,424,45
1600620,"Casual,Indie",0,0,0
1151720,"Adventure,Free to Play,Indie,Early Access",0,0,0
1029890,"Adventure,Casual,Indie",661,476,185
1928370,"Action,Indie",29,28,1
852880,"Adventure,Indie,Early Access",0,0,0
690840,"Casual,Indie",1,0,1
1843940,Strategy,287,265,22
279480,"Casual,Strategy",19,11,8
292350,"Education,Software Training",19,16,3
1442150,"Action,Massively Multiplayer",6,3,3
852790,"Adventure,Casual,Indie,RPG",30,20,10
1731470,"Action,Adventure,Casual,Indie,RPG,Strategy",3,3,0
384590,"Action,Indie",9,9,0
1866700,Action,1,0,1
908030,"Action,Indie,Early Access",1,0,1
1795110,"Casual,Indie,Strategy",4,3,1
970570,Adventure,700,642,58
332610,"Action,Adventure,Indie,RPG",105,90,15
551110,"Casual,Indie",228,193,35
513590,"Action,Casual,Strategy,Early Access",29,10,19
688880,"Action,Adventure,Early Access",16,7,9
1639130,"Adventure,Free to Play,Indie,Racing,RPG",0,0,0
772680,"Adventure,Casual,Free to Play,Indie",0,0,0
361230,"Action,Indie,RPG",131,123,8
1718650,"Casual,Free to Play,Simulation",0,0,0
418110,"Casual,Free to Play,Indie,Strategy,Early Access",0,0,0
661180,"Action,Indie",1,0,1
685970,"Casual,Indie",1,0,1
1053300,"Adventure,Casual,Indie",0,0,0
263420,"Action,Casual,Indie,Sports",86,36,50
1100050,"Casual,Indie,Strategy",0,0,0
368150,"Adventure,Casual,Indie",16,14,2
1108390,"Action,Casual,Indie,Simulation,Strategy",2,1,1
538990,"Indie,Simulation,Strategy",55,30,25
1167150,"Action,Indie",3,3,0
937690,"Indie,Simulation,Strategy,Early Access",0,0,0
1231760,"Casual,Sports,Strategy",3,0,3
522700,"Violent,Indie",7,4,3
1875530,"Adventure,Casual",4,2,2
764550,"Casual,Strategy",1,0,1
904500,"Action,Free to Play,Indie",0,0,0
293980,"Adventure,Indie",8,7,1
844760,"Adventure,Casual,Indie",4,3,1
1041840,"Action,Simulation",234,143,91
425210,"Action,Adventure",496,393,103
1383730,"Casual,Indie,Racing,Simulation,Sports",2,2,0
1474570,"Action,Adventure,Simulation,Sports",1,1,0
357310,"Indie,Simulation,Strategy",732,532,200
747210,"Free to Play,Massively Multiplayer,RPG,Strategy",0,0,0
1794400,"Casual,Simulation,Strategy,Early Access",20,19,1
980630,"Indie,Strategy",0,0,0
1070450,"Action,Adventure,RPG",2,1,1
1538380,"Action,Adventure,Indie,Strategy",2,1,1
1693420,"Casual,Free to Play,Indie,Simulation",0,0,0
587730,"Casual,Simulation",7,6,1
1011190,"Indie,Simulation",443,376,67
1157870,Action,0,0,0
780370,"Casual,Indie",0,0,0
240320,"Action,Free to Play,Massively Multiplayer,RPG",1,0,1
1501790,"Action,Casual,Indie,Simulation,Strategy",3,3,0
1162280,"Adventure,Indie",55,48,7
809360,"Action,Casual,Indie",8,7,1
949370,Indie,0,0,0
1417960,"Casual,Indie",0,0,0
793180,"Adventure,Casual,Indie,RPG,Simulation,Strategy",0,0,0
965230,"Casual,Simulation",536,462,74
1069390,"Casual,Indie,Simulation",70,63,7
960980,"Action,Adventure,Indie",434,370,64
517990,"Simulation,Early Access",8,4,4
1007740,"Free to Play,Massively Multiplayer,Strategy",0,0,0
1238000,"Action,RPG",5147,3973,1174
293600,"Action,Indie",10,5,5
607050,"Indie,Strategy",2093,1773,320
1133330,"Simulation,Early Access",71,45,26
468490,"Action,Adventure,Casual,Indie,Strategy",118,79,39
924790,"Casual,Indie",3,3,0
678200,"Casual,Indie,Simulation,Sports",8,6,2
300280,"Adventure,Indie",13,10,3
1371270,"Action,Adventure,Casual,Indie,Early Access",0,0,0
1145030,Adventure,9,8,1
1679690,"Adventure,Casual,Indie",2,1,1
1313970,"Casual,Indie,Simulation",2,1,1
384890,"Adventure,Indie,Simulation,Strategy",14,13,1
1885010,"Action,Casual,Indie,Simulation,Strategy",6,5,1
1123550,"Casual,Indie,RPG,Sports,Strategy",5,3,2
1491640,"Adventure,Casual,Free to Play,Indie",0,0,0
1312380,"Casual,Indie",0,0,0
1465510,"Adventure,Casual,Indie,Strategy",166,164,2
841010,"Adventure,Casual",2,2,0
822150,"Action,Adventure,Indie,Simulation,Strategy",3,1,2
1788380,Simulation,1,1,0
451200,"Action,Adventure,Indie",8,8,0
764280,"Action,Adventure,Casual",7,7,0
1618000,"Action,Adventure,Indie",0,0,0
1162820,"Casual,Indie",0,0,0
1550810,Casual,3,1,2
666960,"Action,Adventure,Casual,Indie",17,10,7
1572990,Casual,43,39,4
690000,"Action,Casual,Indie",2,1,1
1213150,"Action,Indie",5,3,2
1970740,"Action,Casual,Indie,Simulation",0,0,0
727970,"Action,Indie",2,1,1
454200,"Action,Indie",25,8,17
704040,"Casual,Free to Play,Indie,Simulation,Strategy",0,0,0
877230,"Casual,Sports",9,5,4
1137170,Action,0,0,0
604830,"Adventure,Indie",12,6,6
436150,"Casual,Free to Play,Massively Multiplayer,Simulation",38,28,10
570890,"Action,Adventure,Indie",6,4,2
32640,Action,120,107,13
1778630,"Action,Adventure,Indie",0,0,0
852590,"Action,Indie",2,1,1
1633100,"Indie,Simulation",0,0,0
1056690,"Action,Casual,Indie,Sports",62,54,8
1361680,"Free to Play,Indie,RPG",2,1,1
243800,"Action,Racing,Sports",1009,892,117
983840,"Adventure,Indie,Simulation,Sports",14,6,8
1816530,"Action,Adventure,Casual,Indie",1,1,0
523810,"Action,Casual",37,25,12
459040,"Indie,Strategy",7,4,3
695440,"Adventure,Casual",3,2,1
568690,"Action,Casual,Indie,Early Access",1,1,0
1949330,"Casual,Indie",0,0,0
877680,"Action,Indie,Early Access",4,2,2
327000,"Indie,Simulation,Early Access",5,1,4
504630,Adventure,2,1,1
25860,Strategy,4,2,2
568060,"Action,Indie",7,7,0
456830,"Action,Indie,RPG",13,12,1
1675920,"Casual,Indie",5,4,1
1245660,Adventure,3,2,1
1123070,"Casual,Indie",1,1,0
382560,"Action,Adventure,Indie,Racing",2031,1904,127
729650,"Casual,Indie,Sports,Strategy",0,0,0
673450,"Action,Adventure,Casual,Indie",260,196,64
508170,"Action,Casual,Indie",101,79,22
1148920,"Adventure,Casual,Indie",8,4,4
1778770,Casual,1,1,0
1518940,"Casual,Free to Play,Indie,Simulation",1,1,0
645920,"Action,Indie,RPG",34,30,4
650330,"Adventure,Indie",72,66,6
1594570,"Action,Adventure,Free to Play,RPG",0,0,0
1306720,"Action,Indie",86,76,10
1724570,"Casual,Indie,Simulation",1,1,0
314710,Action,889,469,420
330470,Indie,80,48,32
283060,"Adventure,Casual,Free to Play,Massively Multiplayer,RPG",6,1,5
1013180,Adventure,76,71,5
1805560,Casual,0,0,0
1795780,"Action,Adventure,Indie",2,1,1
1418790,"Animation & Modeling,Audio Production,Design & Illustration,Software Training,Utilities,Video Production,Web Publishing",10,6,4
1376470,Action,2,0,2
2076850,"Action,Casual,Indie",0,0,0
1185390,"Action,Casual,Indie",1,1,0
1675150,"Adventure,Indie",0,0,0
1434720,"Adventure,Casual,Indie",5,4,1
253840,"Action,Adventure,Indie",1070,963,107
1944240,"Casual,Simulation",188,185,3
1469330,"Action,Casual,Indie",1,1,0
1785120,"Indie,Early Access",30,21,9
1069750,"Action,Casual,Indie,Early Access",7,7,0
1146810,"Casual,Indie,Simulation",2,1,1
1822710,Strategy,77,72,5
240620,"Action,Adventure,Indie,RPG",154,89,65
1092580,"Action,Casual,Indie,Racing",0,0,0
383020,"Action,Adventure,Casual,Indie,RPG,Strategy,Early Access",0,0,0
1645730,Action,0,0,0
999190,"Casual,Indie,Simulation,Strategy,Early Access",3,0,3
617420,"Action,Casual,Indie",9,5,4
1252230,"Adventure,Casual,Indie,Early Access",0,0,0
1051410,"Adventure,Indie",49,43,6
1964440,Casual,2,2,0
806860,"Action,Indie",100,55,45
11200,Action,250,154,96
1458330,"Adventure,Casual,Indie,Simulation",1,0,1
1913160,"Action,Adventure,Strategy",1,1,0
1534480,"Adventure,Indie,RPG",2,2,0
1124790,"Casual,Indie,Racing,RPG,Simulation,Sports,Strategy",1,0,1
1486540,Casual,7,2,5
1535290,"Casual,Indie",9,9,0
1671420,"Adventure,Casual,Indie",12,11,1
385250,Casual,301,296,5
1305120,"Adventure,Indie",8,8,0
617450,"Indie,Strategy,Early Access",29,19,10
1711980,"Casual,Indie",2,0,2
741400,"Action,Strategy",30,25,5
319780,Simulation,47,19,28
1236180,"Action,Indie",1,1,0
888760,"Action,Adventure,Indie",0,0,0
883930,"Indie,Strategy,Early Access",2,1,1
1105810,"Action,Indie,Massively Multiplayer,RPG,Simulation,Early Access",154,94,60
905130,"Adventure,Casual,Indie",5,4,1
1581640,"Action,Adventure,Indie",0,0,0
1451890,"Adventure,Indie,Early Access",11,10,1
22000,Indie,1954,1812,142
353790,Adventure,15,13,2
1156850,"Action,Indie,Racing",0,0,0
1494100,"Action,Casual,Indie",1,0,1
1933060,Casual,0,0,0
429270,"Casual,Indie",3,3,0
638970,"Action,Adventure,RPG",24831,24019,812
539050,"Indie,Simulation,Strategy",42,23,19
1396630,"Adventure,Casual,Indie",3,2,1
1672230,"Action,Adventure,Indie,Early Access",1,1,0
527960,"Indie,Strategy",3,3,0
715020,"Action,Adventure,Indie,RPG",17,10,7
1071740,"Adventure,Indie",0,0,0
1329440,Casual,4,3,1
815830,"Action,Casual,Indie,Simulation",18,14,4
1210260,"Action,Early Access",2,1,1
568420,"Casual,Indie,Early Access",0,0,0
1639520,"Casual,Indie",0,0,0
546090,"Action,Indie",94,84,10
1025710,"Action,Casual,Free to Play,Indie",0,0,0
851280,"Action,Adventure,Indie",107,77,30
947120,"Adventure,Indie",0,0,0
391160,"Action,Casual,Indie",83,58,25
1407790,"Action,Casual,Indie",25,24,1
743450,"Indie,Simulation",7040,6754,286
529500,"Action,Adventure,Casual,Indie",30,20,10
1981310,"Action,Adventure",0,0,0
712380,"Casual,Indie",7,7,0
1042590,"Adventure,Indie,Massively Multiplayer,RPG,Strategy",0,0,0
1898870,"Adventure,Casual,Indie,Simulation",0,0,0
1052640,"Adventure,Indie",18,18,0
883190,"Action,Adventure,Indie",3,3,0
618620,"Action,Casual,Free to Play,Massively Multiplayer,Simulation",0,0,0
1124180,"Casual,Indie,Simulation,Early Access",367,341,26
777610,"Indie,Simulation,Early Access",3,3,0
753640,"Action,Adventure",22929,21828,1101
843810,"Adventure,Indie,Simulation,Strategy",27,25,2
733760,"Action,Racing",10,9,1
262470,"Action,Adventure,Casual,Indie,RPG",237,216,21
1373410,"Casual,Indie",0,0,0
302160,Adventure,49,24,25
1037570,"Action,Strategy,Early Access",38,26,12
1414000,"Adventure,Indie,RPG",10,8,2
1012290,"Adventure,Indie,RPG",0,0,0
706440,"Action,Adventure,Casual,Indie,Racing,Simulation",13,7,6
599800,"Action,Adventure,Indie,Strategy",1,1,0
1745410,"Action,Adventure,Indie",1,1,0
1878710,"Casual,Indie",2,0,2
340580,"Action,Indie",151,132,19
896890,"Indie,Simulation",592,533,59
931000,"Action,Adventure,Indie",27,22,5
762030,"Action,Casual,Indie",16,15,1
1254870,"Indie,Strategy",48,45,3
620640,Strategy,2,1,1
1342070,"Adventure,Indie,RPG",6,5,1
1596610,"Action,Adventure,Casual,Indie,Simulation",8,8,0
290340,"Adventure,Indie,RPG,Strategy",4904,4074,830
865860,"Adventure,Indie",2,0,2
603140,"Casual,Free to Play,Indie,Simulation",0,0,0
963220,"Action,Strategy",19,12,7
718970,Indie,7,5,2
1532760,"Adventure,Casual,Indie",8,8,0
300900,Indie,62,19,43
1793560,Simulation,4,3,1
591370,"Indie,Simulation,Strategy",1889,1580,309
596260,"Action,Indie",2,2,0
409490,"Action,Adventure,Indie,RPG,Strategy",15,7,8
1689980,"Casual,Indie,Simulation",9,8,1
1888520,"Casual,Indie,Early Access",0,0,0
316080,"Adventure,Indie,Strategy",69,58,11
708310,"Adventure,Indie,RPG,Simulation,Early Access",8,4,4
508660,"Casual,Simulation,Strategy",12,0,12
383230,"Action,Adventure,Indie,RPG",805,610,195
636960,"Action,Adventure,Indie,RPG",42,33,9
1232940,"Adventure,Indie",64,58,6
746570,Indie,19,17,2
1635800,"Action,Adventure,Casual,Indie,RPG,Simulation,Early Access",2,0,2
214130,"Indie,Simulation",98,63,35
1056310,"Casual,Indie,Racing,Sports",0,0,0
343930,"Adventure,Casual,Indie,Strategy",69,50,19
2011310,"Free to Play,Indie,Simulation",0,0,0
1246940,"Casual,Strategy",11,6,5
762840,"Adventure,Indie",275,177,98
317530,"Action,Casual,Indie",71,44,27
1631280,Utilities,18,18,0
1248790,"Action,Casual,Indie",0,0,0
750350,"Adventure,Free to Play",0,0,0
1321120,"Adventure,Casual,Indie,RPG,Simulation",2,1,1
1639480,"Action,Adventure,Simulation,Sports",1,0,1
1491710,"Simulation,Strategy",155,138,17
1714620,"Casual,Free to Play,Indie,RPG,Early Access",0,0,0
1220510,"Casual,Indie,RPG,Simulation",4,2,2
616660,"Casual,Indie,Simulation,Early Access",10,6,4
466500,Indie,827,469,358
717320,Casual,1,0,1
1137250,Casual,1,0,1
469610,"Adventure,Indie,Simulation",1458,1090,368
1444780,"Action,Casual,Free to Play,RPG,Strategy",0,0,0
1565200,"Adventure,Casual,Indie,Racing",2,2,0
1109940,"Action,Casual,Early Access",4,4,0
1114740,"Action,Casual,Indie",0,0,0
310360,Adventure,946,904,42
418150,"Action,Indie",86,66,20
1911980,"Adventure,Casual,Free to Play,Indie,RPG",0,0,0
767970,"Action,Adventure",19,13,6
352290,Audio Production,9,8,1
649580,"Sexual Content,Nudity,Adventure,Simulation",51,38,13
1442820,Action,198,158,40
1112580,"Adventure,Indie,RPG,Simulation,Strategy",23,15,8
570460,"Action,Indie,Sports",633,511,122
963400,"Indie,Early Access",148,98,50
920320,"Indie,RPG",329,307,22
1368420,"Casual,Indie",2,1,1
1084560,"Casual,Indie,Strategy",0,0,0
1605720,"Adventure,Casual",11,11,0
1849840,"Adventure,Indie,RPG,Early Access",0,0,0
1632610,"Casual,Indie",23,23,0
1690440,"Adventure,Indie",21,19,2
611850,"Action,Indie",18,17,1
941790,"Casual,Indie",10,7,3
956870,"Action,Indie,Simulation",0,0,0
999830,"Casual,Free to Play,Indie",0,0,0
551380,"Adventure,Casual",5,5,0
692190,"Casual,Indie",6,5,1
1051590,"Casual,Indie,RPG,Strategy",32,20,12
1268330,"Casual,Indie,Simulation",2,1,1
685690,"Action,Adventure,Casual,Simulation",194,166,28
1363210,"Indie,RPG,Strategy,Early Access",10,9,1
1543590,"Adventure,Indie,RPG,Simulation,Strategy,Early Access",26,18,8
1432220,Action,39,23,16
1258060,Indie,7,2,5
654580,Indie,15,15,0
265120,"Indie,Strategy",184,88,96
1019710,Indie,1,0,1
1562020,"Action,Adventure,Free to Play,Indie",0,0,0
1941940,"Casual,Indie",1,1,0
337110,"Action,Adventure,Indie",10,4,6
1531300,"Casual,Strategy",0,0,0
1079160,"Action,Indie",178,175,3
1705870,"Action,Adventure,Casual,Indie,Simulation",1,1,0
1765060,"Adventure,Free to Play,Indie",0,0,0
513980,"Casual,Indie",24,21,3
896950,Action,14,8,6
287580,"Simulation,Strategy",396,248,148
1047780,Action,2,1,1
1412610,Indie,4,4,0
1337330,Racing,3,2,1
1741490,"Action,Adventure,Indie",0,0,0
1583070,"Casual,Indie",1,1,0
1589670,"Casual,Indie,Strategy",2,2,0
1818320,"RPG,Strategy",0,0,0
701870,"Action,Indie,Strategy",111,97,14
941490,Utilities,23,20,3
880720,"Action,Adventure,Indie",5,5,0
659260,"Adventure,Indie,RPG",8,8,0
619320,"Action,Casual,Indie",14,11,3
553320,"Nudity,Violent,Gore,Action",23,10,13
1881250,"Action,Free to Play,Indie,Sports",0,0,0
1711690,"Adventure,Indie",7,7,0
1427100,"Adventure,Casual,Indie,Simulation",1,1,0
1158690,"Action,Adventure,Casual,Indie,RPG,Simulation,Strategy",84,66,18
416850,"Action,Casual,Indie",8,6,2
1863700,Casual,5,5,0
1904610,RPG,35,32,3
1623930,"Free to Play,Strategy",0,0,0
1392070,Indie,3,3,0
1576370,"Action,Adventure,Indie",38,31,7
743380,"Action,Adventure,Indie,Early Access",2,2,0
1987550,"Action,Adventure,RPG",1,1,0
646440,"Action,Indie,Simulation,Sports",1,0,1
463870,"Action,Indie,Early Access",13,9,4
615150,"Adventure,Indie,RPG,Early Access",7,6,1
3980,Strategy,381,277,104
1762120,"Action,Adventure,Casual,Indie",1,1,0
749410,"Violent,Gore,Action,Indie",12,11,1
1387000,"Adventure,Casual,Indie,Simulation",18,15,3
1617160,"Indie,Massively Multiplayer,RPG,Strategy",1,1,0
1554920,Action,2,2,0
1053960,"Action,Free to Play",0,0,0
1261390,"Casual,Strategy",1,1,0
546560,"Action,Adventure",45262,44550,712
1026430,"Adventure,Indie,RPG",3,3,0
108710,"Action,Adventure",9996,8936,1060
365560,Strategy,74,55,19
1849000,"Action,Adventure,Casual,Simulation",571,463,108
1152890,Indie,1,1,0
1847750,"Action,Adventure,Indie",6,5,1
425760,"Casual,Indie",3,2,1
1490010,"Action,Free to Play,Indie,Simulation,Early Access",0,0,0
464950,"Indie,Strategy,Early Access",3,3,0
860350,"Action,Casual,Simulation",7,2,5
1338420,"Action,Free to Play",0,0,0
1496110,"Casual,Indie,Racing",0,0,0
1009260,"Casual,Indie,Simulation,Strategy,Early Access",0,0,0
1799000,Casual,3,1,2
1232920,"Free to Play,Indie,Simulation,Animation & Modeling,Education,Photo Editing",0,0,0
1252300,"Action,Sports",153,129,24
932670,"Casual,Indie",3,2,1
1065260,"Indie,Racing",165,148,17
1527980,"Casual,RPG,Simulation",57,41,16
737890,"Action,Casual,Indie",117,77,40
845510,"Adventure,Indie,Simulation,Strategy",0,0,0
470300,"Indie,RPG",49,39,10
338090,Simulation,0,0,0
1408430,"Casual,Indie",13,13,0
1052100,"Action,Adventure,Indie",3,3,0
1362040,"Indie,Racing,Strategy",0,0,0
1312290,"Action,Casual,Indie",0,0,0
585590,"Casual,Indie",0,0,0
860950,"Action,Indie",1651,1600,51
1098570,"Action,Indie",0,0,0
611800,"Indie,Massively Multiplayer,Racing,Simulation,Early Access",186,106,80
1788700,"Action,Adventure,Free to Play,Indie",0,0,0
2066130,"Casual,Indie",0,0,0
817680,"Casual,Indie,Racing,Simulation",20,6,14
1660580,"Indie,Strategy,Early Access",1,1,0
1057730,"Adventure,Indie,RPG",3,0,3
356380,"Adventure,Casual,Indie,Simulation",43,28,15
945850,"Indie,RPG,Strategy",0,0,0
1249010,"Adventure,Casual,Indie,Strategy",12,11,1
481110,"Adventure,Indie",459,309,150
481510,Adventure,9257,8736,521
892760,"Adventure,Indie,RPG",42,36,6
621060,"Indie,Simulation",17158,16315,843
384280,"Action,Adventure,Indie",88,77,11
1282370,"Casual,Indie",3,3,0
1053250,"Casual,Indie",32,30,2
707870,"Adventure,Casual,Indie",32,25,7
1638660,"Action,Adventure,Indie",0,0,0
1002860,"Action,Casual,Indie",0,0,0
2006390,"Action,Adventure,Indie,Simulation,Strategy,Early Access",6,3,3
1077520,"Adventure,Indie,Simulation",185,157,28
784950,"Free to Play,Indie,Massively Multiplayer,Strategy",3,2,1
847950,"Indie,Early Access",31,25,6
1507570,"Free to Play,Indie,RPG,Strategy,Early Access",0,0,0
694730,"Violent,Gore,Indie",12,6,6
548710,"Action,Adventure,Casual,Indie",2,1,1
815000,"Adventure,Indie",51,42,9
1611350,"Adventure,Indie",1,1,0
1129210,"Action,Indie,Strategy,Early Access",2,1,1
1518430,"Adventure,RPG,Strategy",53,49,4
1369800,"Action,Casual,Indie,Simulation",3,3,0
1217070,"Adventure,RPG",6,6,0
1121930,"Indie,Utilities",0,0,0
1283830,"Adventure,Casual,Free to Play,Early Access",0,0,0
4920,"Action,Indie,Strategy",5025,4306,719
1941170,"Adventure,Casual,Indie,Simulation",4,3,1
1566490,"Adventure,Casual,Indie,Simulation",14,9,5
1455090,"Casual,Indie,Simulation",4,4,0
1385190,"Action,Adventure,Casual,Free to Play,Indie,Simulation",6,3,3
1661880,"Action,Adventure,Indie",0,0,0
983100,"Adventure,Casual,RPG,Simulation",2,2,0
465440,"Action,Free to Play,Indie",1,1,0
1323620,"Action,Adventure,Simulation",154,117,37
464360,"Action,Adventure,Indie,Simulation",844,801,43
1716690,"Adventure,Indie,RPG",6,5,1
665140,"Violent,Gore,Adventure,Casual,Indie",13,5,8
936720,"Indie,Racing,Simulation,Early Access",690,632,58
1122920,"Indie,Simulation,Strategy",3,2,1
21980,Action,1054,852,202
1646280,Strategy,5,3,2
797660,"Action,Massively Multiplayer,RPG,Strategy",1,0,1
1507770,"Casual,Simulation",2,1,1
1804900,"Indie,Strategy",0,0,0
12170,Action,145,111,34
734750,"Casual,Free to Play,Simulation",0,0,0
1665020,Casual,2,0,2
539370,Indie,2,2,0
1982810,"Casual,Indie",0,0,0
980950,Action,0,0,0
1857640,"Action,Adventure,Indie",0,0,0
866740,"Adventure,Casual",8,6,2
787960,"Casual,Indie",4,2,2
943640,"Free to Play,Massively Multiplayer,RPG,Strategy",0,0,0
509530,"Action,Adventure,Free to Play,Indie,RPG,Early Access",0,0,0
1182620,"Adventure,Indie,RPG",2298,2187,111
1730800,"Action,Casual,Indie",0,0,0
220660,"Indie,Strategy",984,403,581
1058510,Indie,2,2,0
1609830,"Action,Casual,Free to Play,Indie,Strategy",0,0,0
1272300,"Action,Indie",2,2,0
801330,"Adventure,Indie,RPG",2,1,1
1272160,"Adventure,Indie,RPG,Simulation,Strategy",1496,1358,138
946550,"Casual,Indie,Strategy",13,8,5
1510280,"Casual,Indie,Strategy",4,4,0
301990,Casual,10,6,4
931200,"Action,Indie,Sports",3,3,0
1218550,"Action,Indie,Massively Multiplayer,Racing",2,1,1
437720,"Adventure,Casual,Indie",1,1,0
1417090,Action,0,0,0
1301520,"Action,Indie,Sports",9,9,0
2018250,Casual,20,18,2
664190,"Casual,Indie,Strategy",2,2,0
941730,"Action,Indie,Strategy",39,29,10
1282180,"Animation & Modeling,Design & Illustration,Utilities,Video Production,Web Publishing,Game Development",0,0,0
1161170,"Adventure,Casual,Indie",185,177,8
1555770,"Action,Adventure,Indie",10,9,1
1384010,Action,0,0,0
222615,Simulation,0,0,0
1801490,"Casual,RPG,Strategy",0,0,0
394760,"Action,Indie,RPG",851,628,223
1089050,"Adventure,Casual,Indie",6,5,1
486130,"Action,Adventure,Indie",5,2,3
1722760,Casual,19,17,2
878160,"Casual,Indie,Simulation",7,1,6
1031220,"Adventure,Casual,Indie,RPG,Strategy",2,2,0
1377140,"Adventure,Indie",2,0,2
1501950,"Adventure,Indie",2,2,0
713430,"Casual,Indie",10,8,2
1763160,"Action,Adventure,Indie",2,1,1
1758350,"Action,Casual,Indie,Simulation",1,0,1
1079550,"Adventure,Indie",2,1,1
1778910,"Action,Adventure,Indie",1,1,0
7340,"Casual,Indie",15,10,5
1348160,"Casual,Indie",70,67,3
1191430,"Casual,Indie",0,0,0
1132620,"Action,Adventure,Casual,Indie,RPG",4,3,1
413750,"Indie,Simulation",1,1,0
1497120,"Audio Production,Education,Photo Editing,Software Training,Utilities,Video Production,Web Publishing",8,6,2
437920,"Casual,Indie",1621,1436,185
995980,"RPG,Strategy",469,407,62
1209720,"Action,Indie",9,5,4
1946810,"Adventure,Indie,RPG",1,1,0
1135710,"Action,Adventure,Free to Play,Indie,RPG,Early Access",0,0,0
970560,Adventure,260,255,5
1392520,"Adventure,Indie,RPG",0,0,0
1479170,"Adventure,Casual,Indie",45,41,4
1112710,"Action,Indie",1,0,1
1380650,"Indie,RPG,Strategy,Early Access",81,78,3
513570,"Action,Adventure,Indie",61,16,45
1218230,"Action,Casual,Racing,Early Access",11,9,2
1096640,Simulation,0,0,0
1420850,"Action,Indie,Racing,Simulation",50,33,17
910190,"Action,Free to Play,Indie",0,0,0
1795550,Casual,1,1,0
269110,"Adventure,Casual,Indie,RPG",471,365,106
1063930,"Action,Adventure,Indie,Simulation",24,10,14
502070,"Action,Adventure,Casual",0,0,0
421660,"Adventure,Casual,Simulation",184,173,11
1084090,"Action,Indie",2,2,0
1235130,"Action,Casual,Indie",3,3,0
790210,"Action,Adventure,Indie",4,2,2
1437210,"Action,Adventure,Indie",0,0,0
1372320,"Casual,Indie,Simulation",985,948,37
1561910,"Free to Play,Indie,RPG",0,0,0
1594310,"Action,Simulation",2,1,1
947250,"Casual,Simulation,Sports",5,3,2
1564230,"Action,Casual",2,1,1
1002630,"Adventure,Casual,Indie",12,9,3
1118100,"Indie,Strategy",0,0,0
566670,"Violent,Gore,Action,Adventure,Indie",19,18,1
214790,"Adventure,Indie,Strategy",630,560,70
1787080,"Adventure,Indie,Simulation",8,3,5
1976740,"Casual,Indie",0,0,0
1081780,"Casual,Indie",24,21,3
386460,"Action,Adventure,Indie",0,0,0
1794620,"Casual,Indie,RPG,Simulation,Strategy",0,0,0
644640,Action,119,46,73
1042150,"Casual,Indie",1,1,0
63960,Strategy,81,31,50
1708460,"Action,Indie,Early Access",441,350,91
1427480,"Action,Casual,Indie,Sports",4,3,1
361950,"Adventure,Casual,Simulation,Strategy",28,21,7
694610,"Casual,Indie",0,0,0
503100,"Action,Casual,Indie,Strategy",56,40,16
781780,"Adventure,Indie,Simulation",0,0,0
4420,RPG,60,28,32
1786790,"Adventure,Indie,RPG",116,110,6
1080330,"Action,Casual,Indie",15,15,0
1854830,"Action,Adventure,Casual,Indie,Strategy",0,0,0
1011740,"Action,Adventure,Indie",1,0,1
1274930,"Action,Casual,Free to Play,Indie",0,0,0
809730,"Casual,Indie,Simulation,Strategy,Early Access",201,180,21
859280,"Adventure,Indie,RPG",2,2,0
498030,Casual,5,3,2
630360,"Indie,Simulation,Strategy",13,6,7
699770,"Casual,Simulation,Strategy",87,48,39
1115610,"Action,Adventure,Indie",12,11,1
546410,"Casual,Indie",22,16,6
209170,Action,273,241,32
972620,Casual,2,0,2
1807000,"Action,Casual,Indie",0,0,0
1192070,"Casual,Indie",2,2,0
1276410,"Adventure,Casual,Indie",2,1,1
701680,"Adventure,Indie,Strategy",0,0,0
1285600,"Action,Indie",2,2,0
1495240,"Action,Adventure,Indie",0,0,0
1813540,"Adventure,Casual,Indie,RPG,Simulation,Strategy,Early Access",0,0,0
980520,"Adventure,Indie",9,8,1
1984240,"Adventure,Indie,RPG",0,0,0
1925170,Indie,7,7,0
541150,"Casual,Early Access",0,0,0
264140,"Adventure,Indie,RPG,Simulation",3935,2389,1546
762830,"Adventure,Indie,Simulation",474,309,165
1556040,"Adventure,Indie",0,0,0
818670,"Action,Adventure,Indie",3,3,0
1674100,"Action,Adventure,Indie,Simulation,Strategy",2,1,1
800030,"Adventure,Indie,RPG",9,3,6
1727400,"Action,Indie",1,1,0
1282830,"Adventure,Casual,Strategy,Early Access",0,0,0
1006090,"Action,Indie,Early Access",0,0,0
1850070,"Action,Free to Play,Early Access",0,0,0
327760,"Action,Adventure,Indie",16,12,4
1309490,"Adventure,Casual,Indie,RPG,Simulation,Strategy,Early Access",1,0,1
1448630,"Adventure,Simulation",0,0,0
714640,"Action,Casual,Indie,Simulation",19,12,7
1096100,"Action,Adventure,Indie",30,24,6
1590420,"Adventure,Casual,Indie",0,0,0
1531720,"Adventure,Casual,Indie,Massively Multiplayer,Racing,Simulation,Sports",121,58,63
1567980,Strategy,4,1,3
1052070,"Adventure,Free to Play,Indie",0,0,0
508990,"Action,Indie",101,91,10
1145860,"Indie,Strategy,Early Access",1,0,1
1308130,"Adventure,Indie",11,3,8
542280,"Adventure,Casual,Indie",8,2,6
1012450,Indie,8,8,0
1172650,"Action,Adventure,Indie",574,439,135
65500,Adventure,71,38,33
1430010,"Adventure,Casual,Indie,Simulation,Early Access",0,0,0
1311160,"Action,Casual,Free to Play,Indie",0,0,0
1145800,"Adventure,Indie,RPG",2,1,1
936530,"Simulation,Strategy",63,49,14
328830,"Action,Casual,Simulation,Sports,Strategy",57,27,30
962310,"Casual,Indie,Early Access",0,0,0
555230,"Casual,Simulation,Strategy",1,0,1
413870,"Action,Adventure,Indie,Simulation",55,50,5
505730,"Adventure,Indie,Simulation",206,146,60
1274380,"Adventure,RPG",0,0,0
1349960,"Action,Adventure,Casual,Indie,Simulation",155,131,24
1256440,"Indie,Early Access",1,1,0
839920,"Casual,Indie,Simulation,Sports",2,1,1
1184400,"Adventure,Casual,Indie,RPG",38,22,16
1665120,Casual,1,1,0
583760,"Action,Casual,Indie",272,245,27
1506430,"Action,Casual,Indie,Racing,Simulation",1,0,1
1970710,"Casual,Indie",1,1,0
687750,"Action,Indie",116,73,43
1907560,"Casual,Strategy",28,28,0
1694530,"Adventure,Indie,Simulation",1,1,0
1249170,"Action,Indie",17,17,0
1281690,"Casual,Indie",1,1,0
1012790,Indie,3733,3477,256
1148390,"Action,Adventure,Strategy",1,1,0
689830,"Action,Free to Play,Early Access",0,0,0
1564670,Casual,1,1,0
1593410,"Casual,Indie",16,16,0
1612850,Action,1,1,0
711710,"Action,Adventure,Indie,RPG,Strategy",0,0,0
1872860,"Casual,Indie,Simulation,Early Access",284,260,24
433750,"Adventure,Indie",35,19,16
3610,Casual,25,20,5
705090,"Action,Casual,Indie,Simulation,Strategy",16,9,7
1346850,"Sports,Early Access",0,0,0
1206350,"Action,Adventure,Indie",3,3,0
1076940,"Action,Indie,Early Access",3,3,0
928070,"Action,Adventure,Indie",8,1,7
1807540,"Adventure,Casual,Indie,RPG",11,10,1
1652740,"Casual,Indie,Simulation,Early Access",4,2,2
253650,"Action,Casual,Indie,Simulation",784,510,274
451080,"Casual,Indie,Simulation",27,18,9
1208900,"Casual,Indie",6,5,1
579160,"Action,Adventure,Casual,Indie,Simulation",2,1,1
642000,"Action,Adventure,Casual",0,0,0
773510,"Adventure,Casual,Indie,Strategy",8,5,3
1480970,Casual,3,3,0
746860,"Action,Adventure,Indie",0,0,0
467490,"Adventure,Casual,Indie",24,22,2
965830,Indie,52,46,6
31200,"Adventure,RPG",43,35,8
1869690,"Casual,Indie",9,8,1
878090,RPG,20,19,1
1684410,"Casual,Early Access",155,155,0
727840,"Casual,Indie",1,0,1
1262190,"Casual,Free to Play,Indie,RPG",0,0,0
1110650,"Adventure,Indie",2,2,0
1724160,Indie,15,14,1
764090,"Action,Indie,Early Access",3,3,0
580890,"Action,Casual,Indie",21,17,4
255920,Adventure,185,145,40
494670,"Casual,Simulation,Strategy",161,87,74
995140,"Action,Adventure,Indie",14,5,9
224760,Indie,5195,4736,459
1347630,"Adventure,Casual,Indie,Massively Multiplayer,RPG,Early Access",0,0,0
621020,"Action,Indie,Racing,Sports",79,56,23
1925550,"Indie,Simulation",1,0,1
508330,RPG,1,1,0
238320,"Action,Adventure,Indie",19361,18570,791
1354910,"Casual,Indie",146,137,9
262850,"Adventure,Indie",217,211,6
343360,"Casual,Indie,Strategy",186,110,76
280890,"Action,Adventure,Indie",56,26,30
1044200,"Action,Adventure,Free to Play,RPG,Simulation",0,0,0
457810,"Action,Adventure,Indie,Racing,Simulation,Sports",11,5,6
497160,"Audio Production,Utilities",1,1,0
767870,"Action,Casual,Indie",0,0,0
403950,"Indie,Strategy",407,365,42
794480,"Action,Adventure,Indie",5,5,0
359560,"Adventure,Indie",91,72,19
1148670,Strategy,5,5,0
377320,"Action,Adventure,Indie,Simulation,Strategy,Early Access",20,17,3
559300,Sports,0,0,0
373650,"Adventure,Indie",94,64,30
2058260,"Action,Indie",0,0,0
1104380,Adventure,1827,1779,48
860870,"Casual,Simulation",1,1,0
1837870,"Adventure,Casual,Indie",0,0,0
17120,"Strategy,Simulation",90,74,16
286690,Action,17299,14651,2648
573610,"Action,Adventure,Casual,Indie,Simulation",1,1,0
1145410,"Casual,Indie,Strategy",52,49,3
1068800,"Action,Indie",8,6,2
1709780,"Action,Adventure,Casual,Indie,Simulation,Strategy",1,0,1
257420,"Action,Adventure,Indie",3744,3120,624
1313350,"Adventure,Casual",4,4,0
1018040,"Indie,RPG,Simulation",18,11,7
1702350,Action,1,1,0
1533910,"Adventure,Indie",0,0,0
1285740,"Action,Casual,Indie,Strategy",1,1,0
1122970,"Action,Adventure,Casual,Free to Play,Indie,Simulation,Strategy",0,0,0
1489060,"Casual,Indie",1,1,0
814630,"Action,Adventure",2,1,1
994230,"Adventure,Casual,RPG,Simulation,Strategy",5,3,2
843790,"Casual,Indie,Simulation,Strategy,Early Access",0,0,0
601250,"Adventure,Indie,RPG",6,5,1
251730,"Adventure,Indie,RPG",1642,1492,150
1565860,"Casual,Indie",3,1,2
494150,"Action,Sports",2523,2417,106
1460200,"Casual,Free to Play,Strategy",0,0,0
38130,Casual,36,35,1
876560,"Action,Adventure,Casual,Indie,Simulation",0,0,0
722400,"Action,Indie",1,1,0
1579260,"Casual,Simulation,Sports,Early Access",48,32,16
742700,"Indie,Strategy",76,71,5
437390,"Action,Casual,Indie",14,13,1
1170750,Education,4,4,0
1319690,"Action,Adventure,Indie,RPG,Simulation,Sports",5,5,0
467310,"Adventure,Indie,RPG",6,1,5
685920,"Adventure,Casual,Indie",4,4,0
412310,"Free to Play,Indie,RPG,Strategy,Early Access",52,38,14
1203240,"Indie,Simulation",9,9,0
1928590,"Casual,Indie,Simulation,Strategy",5,4,1
1666970,"Action,Indie",18,16,2
232970,"Action,Casual,Indie",168,149,19
935920,"Adventure,Casual,Free to Play,Indie",0,0,0
881880,"Action,Adventure,Indie,RPG",8,4,4
1027990,"Adventure,Indie",2,2,0
1084770,"Adventure,Casual,Indie",2,2,0
34317,Casual,3,2,1
614700,"Violent,Action,Indie",3,3,0
1547050,"Action,Adventure,RPG,Early Access",0,0,0
1145950,Action,9,8,1
910250,Casual,5,4,1
460940,"Adventure,Indie",22,14,8
1482970,"Action,Indie",9,8,1
1480440,"Casual,Indie,Simulation",15,12,3
827880,"Adventure,Indie,Early Access",5,4,1
1610290,Adventure,17,16,1
510750,"Casual,Free to Play,Indie,Simulation",1,0,1
1601190,"Casual,Indie",0,0,0
1900690,Casual,3,2,1
1292540,"Adventure,Indie",67,52,15
293780,"Action,Indie,RPG",3293,3150,143
1937900,"Adventure,Simulation",2,2,0
1601800,Simulation,1,1,0
1040910,"Action,Adventure,Casual,Indie",0,0,0
904550,"Adventure,Casual,Indie",1,1,0
1677800,"Casual,Indie,Strategy",1,0,1
264080,"Action,Adventure,Indie,Racing",97,93,4
1967670,"Casual,Strategy",0,0,0
1063300,"Adventure,Indie",2,2,0
401690,"Simulation,Strategy",165,101,64
1942000,"Casual,Indie",0,0,0
729780,"Adventure,Casual",2,2,0
430890,Audio Production,0,0,0
1479120,Strategy,0,0,0
1239580,"Casual,Indie",29,20,9
1718920,"Casual,Massively Multiplayer",7,3,4
1549640,Indie,4,4,0
1034030,"Indie,Simulation,Strategy",3,3,0
1004350,"Simulation,Strategy",1,1,0
654800,"Action,Adventure,Indie,Strategy",5,3,2
1391710,Action,0,0,0
528580,"Adventure,Casual,Free to Play,Indie,Early Access",1,1,0
247310,"Early Access,Indie",9,5,4
1943360,"Action,Adventure,Indie",1,1,0
1713880,"Action,Adventure,Indie",0,0,0
1402290,"RPG,Early Access",1,1,0
1939430,"Action,Adventure,Free to Play,Indie,Sports",0,0,0
40210,Casual,7,7,0
474730,"Action,Adventure,Indie,Simulation,Strategy",7,5,2
1545270,Racing,0,0,0
1143800,"Adventure,Casual,Indie,Simulation,Strategy",7,6,1
741510,"Action,Indie",397,302,95
357370,Indie,35,19,16
624410,"Action,Casual,Indie",1,0,1
523760,"Action,Adventure,Indie,Massively Multiplayer,RPG",23,20,3
616250,"Action,Adventure,Indie,RPG,Simulation",1079,1026,53
535010,"Action,Indie",4,3,1
3483,Casual,0,0,0
1308220,"Adventure,Indie,Strategy",0,0,0
244410,"Indie,Simulation,Strategy",154,111,43
541640,"Action,Adventure",104,85,19
1361500,"Adventure,Casual,Indie,RPG,Simulation",10,7,3
1259610,Action,11,6,5
550990,"Adventure,Casual,Indie",26,24,2
618690,"Action,Indie",29,28,1
567670,"Action,Indie",275,245,30
1138150,"Adventure,Casual,Indie",2,0,2
1379610,"Action,Adventure,Indie",2,2,0
1315410,"Casual,Indie,Simulation",14,14,0
1334630,"Action,Adventure,Casual,Indie",1,1,0
1863370,Indie,0,0,0
1953380,"Casual,RPG,Strategy",6,6,0
424320,"Adventure,Casual,Indie",6,5,1
1063980,"Indie,Simulation,Strategy",93,60,33
1236720,"Indie,Strategy",379,344,35
831560,Action,676,582,94
791600,"Casual,Indie,RPG",5,4,1
2051420,"Casual,Indie,Simulation,Strategy",32,30,2
1266440,"Casual,Free to Play,Indie",0,0,0
366240,Action,419,403,16
875630,"Adventure,Casual,Indie",0,0,0
1251760,"Casual,Indie,Simulation",3,1,2
2051440,"Indie,Strategy",17,16,1
1676620,"Adventure,Free to Play",0,0,0
907760,"Adventure,Indie",69,54,15
713800,"Action,Casual,Indie,Simulation",7,4,3
264560,"Adventure,Indie,RPG",83,72,11
841970,"Action,Simulation,Early Access",0,0,0
683960,"Adventure,Casual,Indie,Strategy",0,0,0
253610,"Action,Indie",239,171,68
1865880,"Action,Casual",0,0,0
1471470,Casual,5,4,1
1337100,"Action,Adventure",93,63,30
1252580,"Action,Free to Play,Indie",0,0,0
1424350,"Action,Casual,Indie,Racing,Sports",50,47,3
1702550,"Adventure,Indie,Strategy",2,1,1
496190,"Adventure,Casual",11,9,2
439920,"Casual,Indie,RPG,Strategy",97,73,24
601240,"Casual,Indie",12,7,5
1587790,"Action,Indie",9,5,4
1383250,"Casual,Indie,Simulation",62,56,6
269350,"Adventure,Indie,Early Access",66,21,45
456090,"Action,Indie,RPG,Early Access",9,2,7
1957480,"Adventure,Casual,Indie",0,0,0
717800,"Indie,Simulation,Strategy,Early Access",0,0,0
1347240,Simulation,1,0,1
864500,Casual,4,4,0
588890,"Indie,RPG,Strategy",11,7,4
457330,"Free to Play,Racing,Simulation,Sports,Early Access",79,49,30
788500,"Action,Casual,Indie,Sports",2,0,2
864760,"Casual,Indie,Audio Production,Education,Software Training,Utilities,Early Access",3,1,2
922060,Indie,0,0,0
554560,"Adventure,Casual",4,4,0
904740,"Casual,Indie",0,0,0
383940,"Indie,RPG,Strategy,Early Access",5,4,1
512230,"Casual,Indie",20,19,1
453810,"Action,Adventure,Indie",16,9,7
1062220,Simulation,21,14,7
358180,Action,22,20,2
1077110,"Casual,Indie",2,1,1
1206920,"Action,Indie",0,0,0
719610,Casual,49,27,22
265870,"Adventure,Casual,Indie,RPG,Strategy",32,23,9
741320,"Action,Free to Play,Indie,Early Access",0,0,0
1937140,"Action,Adventure,Casual,Indie,Racing,RPG,Simulation,Sports",1,1,0
636220,"Casual,Indie,Strategy",7,7,0
1469890,"Casual,Indie,Racing,Strategy,Early Access",1,1,0
1342600,"Casual,Indie",3,3,0
1729820,"Action,Casual,Indie",0,0,0
781840,"Action,Indie",1,1,0
1176190,"Casual,Indie,Simulation",13,6,7
1618540,"Indie,Simulation,Early Access",2384,1745,639
1000870,"Casual,Simulation,Sports",7,4,3
1051350,"Adventure,Casual,Indie",1,1,0
922410,"Adventure,Indie,RPG",10,8,2
1131470,"Casual,Indie",0,0,0
1252830,"Action,Adventure,Indie",95,92,3
727060,"Adventure,Indie",4,2,2
1041390,"Indie,RPG,Strategy",4,2,2
439370,"Action,Free to Play,Indie,Massively Multiplayer",74,57,17
890300,"Adventure,Free to Play,Indie",0,0,0
671330,"Adventure,Indie",4,4,0
1579680,"Action,Adventure,Indie,RPG",4,4,0
1586350,"Action,Casual,RPG,Sports",9,9,0
1828720,Casual,2,1,1
71117,Action,4,4,0
1391450,"Adventure,Casual,Indie",28,23,5
790170,Adventure,4,4,0
655460,"Action,Casual,Indie",15,6,9
1292170,Strategy,31,22,9
1011600,"Action,Early Access",0,0,0
1118640,"Casual,Free to Play,Strategy",0,0,0
314210,"Adventure,Indie",13,3,10
1358990,"Action,Adventure,Simulation,Strategy",3,3,0
486180,"Casual,Indie,Strategy",4,4,0
1928160,"Action,Casual,Indie",0,0,0
845600,"Action,Adventure,Indie",2,2,0
1806550,"Simulation,Education,Software Training",0,0,0
900040,"Action,Adventure,RPG",763,556,207
610780,"Action,Racing,Simulation,Sports",12,3,9
1202900,"Casual,Indie",1329,1223,106
810020,Education,0,0,0
1635250,"Action,Adventure,Casual",29,29,0
1753530,"Casual,Indie",9,6,3
893030,"Action,Casual,Indie,Racing",814,659,155
841770,RPG,749,707,42
1289330,"Adventure,Casual,Indie",7,6,1
1579100,"Action,Indie,RPG",2,0,2
1052590,"Adventure,Indie",0,0,0
1478540,"Action,Free to Play,Massively Multiplayer,RPG",0,0,0
798840,"Casual,Indie,Simulation",102,84,18
511960,"Casual,Indie,Simulation",3,2,1
556060,Adventure,36,28,8
1432310,Casual,4,4,0
295710,"Action,Free to Play,Indie,Massively Multiplayer,Racing,RPG,Strategy",0,0,0
1509830,"Casual,Free to Play,Indie",0,0,0
485030,"Action,Adventure,Indie",173,136,37
1182200,"Adventure,Casual,Indie",8,6,2
931690,"Adventure,Casual,Free to Play,Indie",0,0,0
1588000,Casual,0,0,0
770160,Indie,6,4,2
611630,"Action,Adventure,Casual,Indie,Strategy",20,17,3
1750280,"Action,Indie",1,0,1
1391130,Action,0,0,0
867050,"Adventure,Casual",42,33,9
1563770,"Adventure,Casual,Indie,Strategy",4,4,0
730410,"Indie,Simulation,Strategy",140,52,88
819330,"Casual,Indie",7,6,1
2064120,Indie,11,10,1
687340,"Action,Indie,Strategy",5,3,2
1929210,"Action,Indie",1,1,0
1695970,"Action,Adventure,Casual,Indie,Strategy",1,0,1
1832710,"Education,Software Training,Utilities,Web Publishing",2,1,1
1061610,"Adventure,Indie,RPG,Strategy",145,123,22
341160,"Action,Adventure,Casual,Indie",5,3,2
464040,"Casual,Indie",0,0,0
1995050,Indie,10,10,0
428370,"Adventure,Indie",684,529,155
346820,"Action,Casual,Indie,Racing",50,49,1
1105460,Adventure,10,7,3
547280,"Design & Illustration,Education,Software Training,Utilities",6,6,0
925810,"Action,Adventure,Indie,Sports",0,0,0
886420,"Violent,Action,Casual,Indie,Simulation",2,0,2
234040,"Action,Free to Play,Indie",0,0,0
906240,Casual,5,1,4
443850,"Action,Indie",12,6,6
660900,"Adventure,Indie,Strategy",3,1,2
899190,"Adventure,Indie,Simulation",0,0,0
1145560,"Action,Racing",28,26,2
1583570,"Action,Adventure,Casual,Indie,RPG,Simulation",29,28,1
1010920,Simulation,2,2,0
47520,Casual,3,2,1
1395850,RPG,5,3,2
582660,"Action,Adventure,Massively Multiplayer,RPG,Simulation,Strategy",27159,19948,7211
1765690,"Adventure,Indie,Massively Multiplayer,RPG,Simulation,Early Access",36,31,5
1908200,"Action,Casual,Indie",1,0,1
1553200,"Casual,Indie",4,4,0
1157390,"RPG,Strategy",1645,1384,261
656590,"Casual,Indie,Strategy",46,35,11
404860,"Action,Indie",13,8,5
1516330,"Adventure,Strategy",26,24,2
1194610,"Action,Adventure",23,18,5
1468000,"Adventure,Casual,Indie",0,0,0
840830,"Action,Indie",1,1,0
552380,"Action,Casual,Indie,Simulation",3,3,0
867250,"Simulation,Strategy",13,11,2
503560,"Casual,Indie,Simulation,Strategy",4591,4024,567
595960,"Casual,Indie,Simulation,Early Access",111,96,15
495780,"Casual,Indie",45,36,9
488860,"Action,Indie",5420,5250,170
1883200,"Casual,Indie",4,4,0
852160,"Adventure,Casual,Indie,RPG",14,6,8
1849760,"Action,Adventure,Casual,Indie,RPG",12,12,0
1892640,"Casual,Indie,Simulation",0,0,0
1129240,"Action,Adventure,Casual,Indie,Strategy",2,2,0
1565940,"Casual,Indie,Strategy",2,0,2
842660,"Indie,Massively Multiplayer,Strategy,Early Access",0,0,0
329770,"Action,Indie,RPG",60,33,27
768750,"Adventure,Casual,Indie,Massively Multiplayer,Simulation",120,52,68
504990,"Animation & Modeling,Design & Illustration,Utilities",0,0,0
1821410,"Action,Indie,Simulation",2,1,1
588110,"Action,Adventure,Indie",140,106,34
1375430,"Casual,Indie,Racing",1,0,1
398530,"Casual,Indie",8,5,3
1266070,"Action,Sports,Early Access",0,0,0
730710,"Action,Adventure,Casual,Indie,RPG,Strategy",2,0,2
821410,"Action,Casual,Indie",12,6,6
673730,"Indie,Simulation,Audio Production",1,1,0
1800300,"Action,Casual,Free to Play,Indie,Massively Multiplayer,Simulation",0,0,0
411560,"Casual,Indie",853,717,136
416590,"Action,Adventure,Casual,Indie,Simulation,Strategy",800,627,173
366700,"Action,Casual,Indie",4,1,3
280140,"Adventure,Casual,Indie,RPG",104,73,31
29120,"Indie,Casual",5,5,0
1641650,"Free to Play,Simulation",0,0,0
6090,Action,154,147,7
985430,"Indie,RPG",51,37,14
1807320,"Casual,Indie,Simulation,Strategy",2,2,0
657230,Casual,2,1,1
1422820,"Action,Adventure,Casual,Indie,Strategy",3,1,2
1140460,"Action,Adventure,Indie,RPG,Simulation",21,13,8
1103590,"Casual,Indie,Simulation,Strategy",0,0,0
937910,"Adventure,Indie",0,0,0
1633210,"Adventure,Casual,Indie",9,9,0
728920,"Education,Utilities",7,5,2
1786640,"Action,Adventure,Free to Play,Indie,RPG",0,0,0
288710,"Casual,Simulation",2,1,1
418950,"Adventure,Indie",259,211,48
948120,"Adventure,Indie,RPG,Simulation",5,0,5
959700,"Action,Indie",0,0,0
846030,"Action,Indie,Simulation,Early Access",659,633,26
294140,"Action,Adventure,Indie",604,524,80
1013630,"Adventure,Indie,RPG",1,1,0
833910,"Action,Casual,Indie",39,34,5
278890,"Action,Indie",157,119,38
1758440,"Action,Casual,Indie",10,10,0
757500,"Action,Adventure,Indie,RPG,Early Access",2,0,2
1147370,RPG,2,1,1
965340,"Action,Indie,Simulation",11,10,1
1329790,"Action,Indie",42,25,17
1589880,Casual,4,4,0
797350,"Casual,Indie,Strategy",2,2,0
605190,"Casual,Indie",42,36,6
1496090,Action,2,1,1
1187850,Casual,0,0,0
1054430,"Action,Casual,Indie,Racing,Early Access",118,103,15
1650430,"Action,Indie,Strategy",0,0,0
1548430,"Action,Adventure,Indie,Strategy",0,0,0
1098910,"Action,Indie,RPG",0,0,0
2009850,"Casual,Indie",2,2,0
761480,"Adventure,Indie",24,24,0
1598360,"Adventure,Free to Play,Indie",0,0,0
1851680,"Action,Adventure,Indie,Strategy",13,11,2
523600,"Design & Illustration,Utilities",248,186,62
756090,"Nudity,Violent,Gore,Action,Adventure,Indie,RPG,Simulation,Strategy,Early Access",16,5,11
1696890,"Animation & Modeling,Design & Illustration,Game Development",4,4,0
1020210,Action,21,17,4
613470,"Adventure,Indie",104,92,12
1421100,"Casual,Free to Play",0,0,0
779390,"Casual,Indie",2,1,1
1254860,"Simulation,Sports",9,7,2
1131450,"Adventure,Indie,Simulation,Strategy,Early Access",13,9,4
1865370,"Adventure,Casual,Free to Play,Indie",0,0,0
1341890,Action,11,11,0
1201350,"Action,Casual,Simulation",3,2,1
1110460,"Action,Adventure,Indie,RPG",0,0,0
1635810,Indie,0,0,0
296550,"Adventure,Indie",67,45,22
748300,"Indie,Simulation",303,209,94
1023610,Indie,0,0,0
1778060,"Adventure,Strategy,Early Access",0,0,0
1450100,"Adventure,Casual,Indie,RPG",34,28,6
1272820,Action,2,1,1
1036890,"Action,Adventure",1041,656,385
1158460,"Action,Adventure,Early Access",0,0,0
2078370,"Action,Adventure",0,0,0
882410,"Adventure,Free to Play,Indie,RPG,Strategy",0,0,0
266250,"Action,Indie",39,36,3
1389980,"Action,Adventure,Indie",4,2,2
317100,"Action,Adventure,Indie",252,187,65
1432810,"Adventure,Casual,Indie,Simulation",0,0,0
1385460,"Action,Casual,Free to Play,Indie,Early Access",0,0,0
744570,"Animation & Modeling,Design & Illustration",71,59,12
1583780,"Action,Adventure,Indie,RPG,Strategy",1,1,0
1897140,Casual,2,2,0
1980600,"Action,Casual,Indie",1,1,0
466940,"Action,Free to Play,Indie,Simulation",192,106,86
1654700,"Action,Adventure,Casual,Indie,Racing,RPG,Simulation,Sports",4,1,3
1404750,Free to Play,0,0,0
111100,"Casual,Indie,Racing",104,95,9
1898860,"Adventure,Casual,Indie",7,7,0
529540,Design & Illustration,0,0,0
1897820,Casual,12,9,3
1012030,"Indie,RPG",143,130,13
965200,"Action,Adventure,Indie,RPG",2,1,1
1546440,"Action,Adventure,Indie",0,0,0
1674270,"Action,Early Access",74,74,0
1772780,"Adventure,Casual,Indie",5,5,0
1208810,"Adventure,RPG,Simulation,Strategy",20,20,0
462990,"Adventure,Casual,RPG,Strategy",243,224,19
1321450,"Action,Adventure,Indie,Simulation",194,154,40
655980,"Violent,Action,Adventure,Indie,Strategy",6,2,4
1446670,"Action,Casual,Indie",0,0,0
998530,"Action,Indie,Simulation,Sports",1,0,1
1768030,"Casual,Indie,RPG,Simulation",2,2,0
893680,"Action,Indie",1852,1643,209
1713830,"Action,Adventure,Indie,RPG",1,1,0
719660,"Adventure,Casual,Indie,RPG,Simulation",63,61,2
1013280,"Action,Indie,Strategy",19,19,0
1745790,"Action,Casual,Indie,Racing",43,43,0
1156050,"Action,Adventure,Indie",11,6,5
270790,"Adventure,Indie,RPG,Strategy",102,80,22
326360,"Free to Play,Massively Multiplayer,RPG",0,0,0
1058330,"Action,Sports",7,5,2
830710,"Adventure,Indie",28,24,4
382160,"Action,Adventure,Indie",9,2,7
698450,Adventure,15,15,0
1976730,Casual,0,0,0
1730450,"Adventure,Casual,Indie",1,1,0
536410,"Violent,Gore,Adventure,Indie",8,3,5
1004210,"Action,Casual,Indie,RPG,Sports",36,33,3
1429730,"Action,Indie",1,1,0
992640,"Action,RPG",1033,489,544
1069000,"Action,Indie",1,1,0
234140,"Action,Adventure",18287,16562,1725
329860,"Action,Casual,Indie,Simulation",728,646,82
1409640,"Action,Adventure,Indie",20,15,5
683340,Action,2,2,0
1256130,"Action,Adventure,Casual,Indie,Simulation",5,3,2
806230,"Action,Casual,Indie,RPG",8,4,4
1505220,Casual,1,1,0
1100990,Action,955,886,69
1798340,"Casual,Indie",0,0,0
2057980,Action,6,6,0
1173280,"Casual,Free to Play,Indie,RPG",0,0,0
711560,"Action,Indie",7,3,4
968950,Simulation,40,34,6
1580790,"Action,Adventure",337,257,80
251530,"Action,Strategy",75,51,24
1745400,"Simulation,Sports,Strategy",49,31,18
327740,Action,365,329,36
994220,"Action,Adventure,Casual,Indie,RPG,Strategy",551,494,57
753610,"Violent,Gore,Action,Casual,Free to Play,Indie,Strategy,Early Access",0,0,0
1605280,"Action,RPG",0,0,0
1693060,Indie,0,0,0
1494110,"Action,Adventure,Indie",27,26,1
1999570,"RPG,Strategy",0,0,0
1903530,"Action,Adventure,Massively Multiplayer,Early Access",11,7,4
1352230,"Adventure,Indie",4,2,2
205840,Adventure,316,253,63
1274720,"Action,Adventure,Indie",2,1,1
1029500,"Free to Play,Indie,Strategy",0,0,0
695970,"Action,Casual,Indie",58,54,4
1750640,"Indie,Simulation",10,10,0
799460,"Indie,Strategy",0,0,0
1578570,Casual,13,11,2
1773570,"Action,Casual,Free to Play,Indie",0,0,0
1917090,"Adventure,Casual,Free to Play",0,0,0
430100,"Casual,Indie,Simulation,Strategy",10,9,1
1370300,Action,2,2,0
1274390,"Casual,Strategy,Early Access",0,0,0
1314480,"Adventure,Casual,Free to Play,Indie,Early Access",0,0,0
693280,"Action,Adventure,Early Access",2,0,2
1572140,"Action,Adventure,Indie",1,1,0
1203470,"Action,Adventure,Indie,Simulation",62,42,20
551650,"Adventure,Indie,Simulation",7,4,3
896500,"Adventure,Casual,Indie",5,5,0
1848890,"Indie,RPG,Simulation",4,2,2
952040,"Indie,Simulation",693,587,106
1468240,"Action,Adventure,Indie",21,15,6
1692470,"Action,Adventure,Indie,RPG,Early Access",4,2,2
535750,"Action,Casual,Indie",2,1,1
680440,"Animation & Modeling,Utilities,Video Production,Early Access",3,1,2
1156000,"Action,Adventure,Indie,RPG",89,78,11
703870,"Casual,Indie",15,9,6
708760,"Casual,Indie,Simulation,Sports,Strategy",43,34,9
602080,"Action,Indie,Early Access",21,20,1
429570,Adventure,1880,1409,471
700830,"Adventure,Casual,Indie",11,8,3
746270,"Adventure,RPG,Strategy",1,1,0
1692990,"Adventure,Casual,Strategy",0,0,0
337040,"Indie,RPG,Strategy",109,74,35
812980,"Gore,Action,Indie,RPG",10,7,3
917000,"Casual,Indie,Strategy",14,8,6
1401570,"Indie,Strategy",26,25,1
346160,"Adventure,Casual,Indie,RPG",22,11,11
1050720,"Action,Adventure,Casual,Indie,Simulation,Early Access",22,16,6
744450,"Action,Simulation,Strategy",1,0,1
1572930,"Adventure,Casual,Indie",1,1,0
1215350,"Action,Casual,Indie",1,1,0
1258770,"Free to Play,Indie",0,0,0
1480240,"Action,Casual,Indie",2,2,0
577000,"Action,Indie,RPG,Strategy",1,1,0
1011470,"Casual,Indie,Simulation,Strategy",13,9,4
809490,"Violent,Gore,Action,Adventure,Indie",6,2,4
516000,"Action,Adventure,Strategy",1,1,0
1850930,"Action,Free to Play,Indie",0,0,0
945160,"Adventure,Indie",41,25,16
1380510,"Action,Adventure,Indie,Racing,RPG,Strategy",1,0,1
1334580,"Adventure,Indie",15,14,1
570900,"Casual,Indie",70,68,2
1015350,"Casual,Indie",12,4,8
295690,"Action,Adventure,Indie",650,567,83
1196260,"Indie,Simulation,Sports,Strategy",6,2,4
1526600,"Casual,Sports",0,0,0
1733460,"Action,Free to Play",0,0,0
1691000,"Adventure,Casual,Simulation,Early Access",0,0,0
880770,"Action,Adventure,Indie,RPG,Strategy,Early Access",0,0,0
1104710,"Free to Play,Indie",0,0,0
655360,"Action,Indie",2,2,0
772160,"Action,Free to Play,Indie",0,0,0
1503920,"Action,Adventure,Casual,Indie,Simulation",24,22,2
586570,"Action,Indie",3,2,1
1653300,"Casual,Indie",19,19,0
1439130,Indie,6,1,5
1092150,"Action,Free to Play,Indie,Massively Multiplayer",0,0,0
1237080,"Casual,Indie,Simulation,Strategy",32,16,16
1330120,Casual,0,0,0
265990,"Indie,RPG",363,246,117
863470,"Adventure,Casual,Indie,Animation & Modeling,Education,Video Production",15,14,1
397580,"Action,Indie",19,6,13
1552530,"Action,Indie,Simulation",5,4,1
890750,"Adventure,Simulation",60,60,0
1509820,"Adventure,Casual,Free to Play,Indie",1,1,0
1796550,"Casual,Indie,Strategy",14,14,0
1397760,"Action,Adventure,Indie,Strategy",4,4,0
679560,"Audio Production,Design & Illustration,Utilities,Video Production,Web Publishing",10,10,0
335300,"Action,RPG",22036,18248,3788
718660,"Casual,Indie",10,5,5
1481150,"Indie,Simulation,Strategy,Early Access",1,0,1
1687190,"Adventure,Casual,Indie,Simulation",10,10,0
582290,Adventure,6,2,4
1322080,"Casual,Indie",1,1,0
1044130,"Indie,RPG,Strategy,Early Access",2,2,0
1595400,"Action,Massively Multiplayer",0,0,0
1814980,"Action,Adventure,Casual,Free to Play,Indie",0,0,0
904380,"Adventure,Indie,RPG",148,103,45
1855910,"Casual,Indie",0,0,0
1821060,"Action,Adventure,Indie",2,2,0
794550,"Action,Indie",94,89,5
1318940,"Action,Free to Play,Indie,Racing",0,0,0
341060,"Action,Adventure,Indie",40,17,23
1627140,"RPG,Strategy",2,0,2
296070,"Adventure,Indie,Strategy",442,266,176
1517890,Audio Production,41,37,4
769940,"Indie,Strategy",5,5,0
487730,"Action,Casual,Sports",3,3,0
671880,"Action,Indie",1,1,0
1230640,"Casual,Indie,Simulation",0,0,0
1128920,"Action,Adventure,RPG,Simulation,Early Access",2733,2464,269
1206550,"Action,Adventure,Indie,RPG,Strategy",0,0,0
533180,"Casual,Indie",17,4,13
1365760,"Free to Play,Game Development",0,0,0
899440,Action,2300,2030,270
1861880,"Casual,Indie,Simulation,Strategy",23,22,1
856220,Action,7,5,2
1103620,Strategy,0,0,0
775760,"Casual,Indie,RPG,Simulation",13,7,6
867130,"Adventure,Casual",0,0,0
344960,"Adventure,Casual,Indie",3,2,1
1559580,"Action,Indie,Simulation,Strategy,Early Access",2,2,0
1013540,"Adventure,Indie,Simulation,Early Access",114,94,20
439340,"Indie,Simulation,Strategy",533,361,172
408770,"Adventure,Indie",44,34,10
803350,"Action,Free to Play,Massively Multiplayer,Simulation",0,0,0
821560,"Action,Adventure,Indie,RPG",9,8,1
1258220,"Action,Adventure,Indie",148,117,31
681610,"Violent,Action,Casual,Indie,Strategy",1,0,1
1448330,"Action,Indie,Massively Multiplayer,Early Access",13,2,11
1662270,"Action,Indie,Massively Multiplayer",5,3,2
1962650,Racing,0,0,0
1539180,"Action,Casual,Racing,Simulation,Strategy",0,0,0
1081990,"Casual,Indie,Strategy",2,2,0
502550,"Action,Free to Play,Massively Multiplayer",11,7,4
1074080,Casual,202,174,28
1694290,"Casual,Free to Play,RPG,Strategy",0,0,0
749830,"Action,Indie",6,4,2
752640,"Action,Casual,Simulation,Sports,Strategy",24,17,7
1482330,"Adventure,Casual,Indie,RPG,Strategy",0,0,0
1606890,Action,1,1,0
1113370,"Action,Casual,Free to Play,Indie,Sports",0,0,0
662870,"Action,Indie",0,0,0
1699120,"Action,Casual,Indie",1,1,0
855550,"Simulation,Strategy",28,22,6
1597870,Casual,0,0,0
269010,"Indie,RPG",103,72,31
878780,"Casual,Indie",14,12,2
1625900,"Casual,Indie",1,0,1
786090,"Adventure,Casual",6,6,0
1164970,"Indie,Early Access",8,8,0
459170,"Adventure,Casual,Indie",8,2,6
1127360,"Free to Play,Indie",0,0,0
1393100,"Action,Casual,Indie,Early Access",0,0,0
1099440,Racing,26,20,6
579150,"Action,Casual,Indie",18,11,7
548570,Action,6374,4044,2330
338590,"Indie,Simulation,Strategy",29,17,12
449690,"Action,Indie",22,12,10
1147550,"Adventure,Indie,Simulation",3625,3488,137
409520,"Adventure,Indie",33,16,17
590950,"Casual,Indie",44,44,0
1612910,"Adventure,Indie,RPG",0,0,0
286240,"Indie,Racing,RPG,Sports",439,416,23
1136470,"Casual,Indie,Strategy",0,0,0
1152540,"Adventure,Casual,Indie",1,0,1
230700,"Action,Adventure,Indie",1202,992,210
1141950,"Action,Adventure,Simulation",11,5,6
1964260,"Action,Casual,Indie",30,28,2
601200,"Action,Adventure,Indie,Strategy,Early Access",3,2,1
872440,"Simulation,Education,Software Training",0,0,0
858840,"Casual,Indie",2,1,1
414260,"Simulation,Strategy",24,15,9
399000,"Action,Indie",1,1,0
450140,Strategy,83,82,1
494470,Adventure,48,22,26
591000,"Action,Adventure,Indie,Simulation,Strategy",58,50,8
1119840,"Action,Indie,RPG,Early Access",83,62,21
773520,"Free to Play,Massively Multiplayer,Strategy",0,0,0
1710530,"Action,Indie",0,0,0
2023910,"Casual,Indie",0,0,0
276240,"Casual,Simulation",13,8,5
1557510,"Action,Indie",6,4,2
1050510,"Casual,Indie,Sports",33,27,6
608510,"Action,Adventure,Free to Play,Indie,Simulation",0,0,0
431280,"Adventure,Indie",29,27,2
652610,Indie,3,3,0
848740,"Action,Indie",1,1,0
375440,"Adventure,Indie,RPG",226,206,20
383740,"Indie,Simulation,Strategy",62,51,11
713580,"Casual,Indie,Racing",19,7,12
786840,"Indie,Racing,Early Access",2,1,1
1203850,"Casual,Indie,Strategy",4,4,0
296010,"Action,Indie,RPG",75,59,16
1822460,"Casual,Free to Play,Indie,Massively Multiplayer,Racing,Simulation,Strategy",0,0,0
1860710,"Action,Adventure,Indie",0,0,0
1137300,"Action,Adventure",631,502,129
2015860,"Adventure,Indie,RPG,Early Access",1,0,1
1604020,Casual,44,31,13
263960,"Action,Adventure,Indie",19,16,3
1355560,"Action,Adventure,Casual,Indie",8,8,0
547390,Casual,28,27,1
1728080,"Action,Adventure,Indie,RPG",6,5,1
923340,"Strategy,Early Access",1,0,1
688210,"Indie,Massively Multiplayer,Strategy,Early Access",0,0,0
427730,"Action,Casual,Indie",12944,10455,2489
37400,"Adventure,Indie",363,318,45
405780,"Adventure,Indie",135,102,33
1407090,"Adventure,Casual",28,25,3
1495760,"Action,Indie",4,4,0
1166680,"Adventure,Indie,RPG",0,0,0
1514380,Action,23,18,5
1684100,"Action,Adventure,Indie,RPG,Early Access",21,20,1
671690,"Action,Free to Play,Massively Multiplayer,Strategy",0,0,0
773840,"Racing,Simulation,Sports,Early Access",109,84,25
236010,"Casual,Indie",1,0,1
385380,"Action,Adventure,Indie,RPG,Early Access",740,581,159
991130,"Action,Sports",0,0,0
1197360,"Casual,Indie",2,2,0
919190,"Casual,Indie",0,0,0
1477830,"Education,Software Training,Utilities,Video Production",603,525,78
1986620,"Casual,Free to Play,Indie",0,0,0
523720,Action,9,9,0
544650,"Adventure,Casual",22,16,6
1872170,"Adventure,Indie",0,0,0
1703650,"Casual,Indie,Strategy",3,3,0
1270020,"Action,Adventure,Casual,Indie,RPG,Early Access",0,0,0
1164920,"Action,Indie",0,0,0
1182890,"Indie,RPG",2,2,0
1924350,"Action,Casual,Indie,RPG,Strategy,Early Access",3,3,0
432180,"Adventure,Indie",18,11,7
740170,Adventure,2,1,1
746420,"Adventure,Indie",5,5,0
1745380,"Action,Adventure,Indie,Simulation",12,9,3
764970,"Action,Indie,Strategy",8,7,1
385100,"Action,Casual,Indie,RPG",25,25,0
1226210,"Action,Indie",7,5,2
1728550,"Action,Adventure,RPG",7,4,3
592600,Sports,0,0,0
390940,"Adventure,Casual,Indie,Simulation,Strategy",21,15,6
858830,Adventure,12,12,0
871590,"Casual,Indie",7,5,2
1077080,Free to Play,0,0,0
567340,"Adventure,Casual,Indie,RPG,Strategy",36,33,3
979400,Adventure,26,18,8
1848910,"Casual,Free to Play,Indie,Simulation,Early Access",0,0,0
292090,Casual,14,13,1
1378250,"Casual,Early Access",1,1,0
1605760,"Adventure,Casual",9,4,5
251310,"Adventure,Indie",85,40,45
527450,"Indie,Simulation",731,554,177
1415300,"Action,Adventure,Indie,RPG",0,0,0
947350,Education,1,0,1
1895630,"Indie,Design & Illustration,Utilities",41,41,0
1834110,"Action,Adventure,Indie,RPG",0,0,0
1595460,"Action,Indie",2,2,0
933590,"Adventure,Indie,Early Access",0,0,0
983070,"Adventure,Indie,RPG",0,0,0
1397810,"Casual,Simulation,Early Access",3,3,0
1269900,"Action,Indie,Simulation",0,0,0
1429630,"Action,Indie",1,1,0
947330,Education,1,1,0
1091400,Simulation,35,29,6
373480,"Action,Indie",38,33,5
1420400,"Action,Indie,Early Access",5,4,1
711260,"Action,Indie",1,1,0
953840,"Adventure,Simulation",150,121,29
551840,"Adventure,Indie",5,4,1
603460,Strategy,4,3,1
1340870,Indie,4,4,0
1157650,"Action,Casual",3,3,0
706210,"Action,Casual,Indie",0,0,0
652280,Casual,2,0,2
442770,"Adventure,Indie",9,4,5
1278110,"Casual,Indie,Racing",3,3,0
1102940,Indie,0,0,0
1803800,"Design & Illustration,Early Access",0,0,0
338320,"Adventure,Indie,RPG",162,118,44
887880,"Casual,Indie",0,0,0
847860,"Adventure,Indie,Simulation",2,1,1
428430,"Adventure,Casual,Indie",41,21,20
915670,"Action,Indie,RPG",138,68,70
1853180,"Indie,RPG",0,0,0
512090,"Action,Indie,Strategy",3,1,2
906810,Audio Production,16,7,9
516590,"Action,Indie,Early Access",82,61,21
1558990,"Action,RPG",60,49,11
1386560,"Casual,Racing,Sports",1,0,1
234390,"Action,Indie",720,644,76
382880,Strategy,14,5,9
1300180,Indie,2,2,0
1366160,"Casual,Massively Multiplayer,Simulation,Sports",1,0,1
894740,"Action,Adventure,Casual,Indie",5,4,1
824620,"Casual,Indie,Strategy",15,12,3
1484550,"Action,Casual,Free to Play,Indie,Simulation",0,0,0
1936600,"Action,Adventure,Casual,Indie",2,2,0
286160,"Casual,Indie,RPG,Simulation,Strategy",22374,21539,835
391580,"Casual,Indie,Simulation,Sports,Strategy",65,57,8
1117520,"Action,Indie,Sports,Game Development",4,1,3
1873030,Action,0,0,0
1440280,"Action,Casual,Indie,Strategy",7,6,1
1215410,"Adventure,Indie,Strategy",11,5,6
1058650,"Action,Indie,Massively Multiplayer,Simulation,Strategy,Early Access",3125,2409,716
1910820,"Action,Adventure,Casual,Indie,RPG",0,0,0
690200,"Action,Indie",6,6,0
1492860,"Adventure,Free to Play,RPG,Simulation",0,0,0
1410710,"Indie,Simulation,Strategy",2308,1979,329
979010,"Animation & Modeling,Design & Illustration,Utilities,Early Access",31,20,11
1213740,"Action,Indie,RPG,Early Access",3100,2753,347
685330,"Adventure,Casual,Indie,Simulation",0,0,0
304460,"Adventure,Indie",131,83,48
1805220,"Casual,Indie",0,0,0
900390,"Casual,Indie",2,2,0
1079910,"Casual,Indie",1,1,0
581030,"Action,Adventure,Casual,Indie,Simulation,Sports,Strategy",96,53,43
321160,"Casual,Indie,Sports",19,15,4
1221070,"Action,Adventure,Indie,Massively Multiplayer,Sports",5,5,0
223710,"Action,Adventure,Indie",134,98,36
524650,"Action,Indie",10,9,1
709560,Indie,6,0,6
450500,"Action,Indie",262,243,19
1735280,"Casual,Indie",0,0,0
270570,"Adventure,Casual,Indie",38,26,12
1856540,"Utilities,Web Publishing,Game Development",0,0,0
1148530,Casual,9,5,4
1096900,"RPG,Design & Illustration,Web Publishing",424,348,76
2003270,"Action,Casual,Indie,Simulation,Sports",0,0,0
745850,"Casual,Indie",77,70,7
744600,"Action,Indie,Simulation,Strategy,Early Access",12,12,0
584640,"Action,Adventure,Casual,Indie,Racing",101,96,5
1195220,"Action,Free to Play,Indie,Simulation,Strategy,Early Access",0,0,0
314030,Action,225,196,29
1917350,"Adventure,Indie",12,6,6
429040,"Action,Adventure,Casual,Indie",9,6,3
874370,"Adventure,Indie",17,11,6
1082110,"Casual,Indie",14,10,4
1229580,"Action,Adventure,Indie",320,299,21
744670,"Action,Indie,Simulation,Early Access",119,78,41
411760,"Adventure,Indie",85,62,23
866270,"Action,Adventure,Indie",11,10,1
615270,"Action,Adventure,Indie",12,11,1
1641080,"Casual,Indie,Strategy",2,0,2
905960,"Indie,Strategy,Early Access",2,1,1
388880,"Adventure,Indie",5660,5265,395
1237560,"Action,Adventure,Indie",1,1,0
683280,"Adventure,RPG,Strategy",89,61,28
575780,"Action,Adventure,Casual,Indie",9,6,3
377680,"Indie,Simulation",620,523,97
455640,"Action,Adventure,Casual,Indie",4,3,1
910660,Indie,7,6,1
1703090,Simulation,3,3,0
1721940,"Casual,Indie",0,0,0
666060,"Action,Adventure,Indie",1,0,1
1160610,"Action,Adventure,Casual,Indie,RPG",8,8,0
811870,"Action,Indie",230,214,16
928170,"Action,Massively Multiplayer,Early Access",16,7,9
1400970,"Massively Multiplayer,RPG",263,120,143
1274020,"Action,Casual,Free to Play,Indie,Strategy",0,0,0
557670,"Action,Casual,Free to Play,Indie,Strategy",0,0,0
896570,"Casual,Indie",9,6,3
1289490,"Casual,Indie,Strategy",20,12,8
951130,"Casual,Indie,RPG",2,2,0
91600,"Action,Casual,Indie,Strategy",1241,1130,111
1002970,Action,15,13,2
1632230,Indie,0,0,0
2019260,"Action,Casual",6,4,2
1110870,"Action,Casual,Indie",0,0,0
719250,"Casual,Indie,Sports",10,7,3
759750,"Casual,Indie,Simulation",27,9,18
436820,"Adventure,Indie,Simulation",20,20,0
1148200,"Adventure,Indie,RPG",0,0,0
205830,"Action,Indie,Casual",84,83,1
785780,"Simulation,Strategy",31,24,7
1890120,Casual,47,46,1
1710710,"Action,Adventure,Casual,Indie",15,6,9
1627280,"Casual,Indie,Strategy,Early Access",1,0,1
1501120,"Casual,Indie,Strategy",19,16,3
505550,"Utilities,Video Production,Early Access",10,6,4
1061900,Action,6,3,3
654550,Adventure,139,127,12
1129330,"Action,Indie",11,11,0
1868600,"Action,Early Access",2,2,0
758020,"Action,Adventure,Indie",1,1,0
1132020,"Casual,Indie",1,0,1
394510,Action,6272,5733,539
670140,"Adventure,RPG",4,4,0
800230,"Casual,Indie",21,19,2
598530,"Action,Free to Play,Indie",0,0,0
1006270,"Action,Indie,Strategy",16,15,1
491240,"Action,Adventure,Indie",14,13,1
1374090,"Action,Adventure,RPG,Simulation",6,5,1
1637740,"Casual,Indie,RPG,Simulation",19,10,9
709790,"Action,Indie",2,2,0
816770,"Casual,Indie",9,8,1
1893180,"Adventure,Indie",1,0,1
1367580,"Adventure,Free to Play,Indie,Early Access",0,0,0
871310,"Action,Indie,Simulation",15,11,4
1162310,"Casual,Indie,Racing,Simulation,Sports",0,0,0
308330,Adventure,31,26,5
1886010,"Indie,Simulation,Strategy,Early Access",2,2,0
1034240,Casual,6,6,0
1756450,"Action,Casual,Indie",0,0,0
7610,Strategy,625,512,113
887570,"Simulation,Strategy,Early Access",888,835,53
1433030,"Casual,Simulation,Strategy",4,3,1
2006830,"Action,Adventure",2,0,2
946680,"Casual,Indie,Strategy",0,0,0
1005410,"Action,Indie",84,78,6
829040,"Adventure,Indie",5,4,1
1370560,"Casual,Indie,RPG,Simulation",0,0,0
1995870,"Action,Casual,Indie,RPG,Early Access",43,34,9
1368350,"Action,Free to Play,Simulation,Strategy",0,0,0
3490,Casual,15,12,3
1151840,"Action,Casual,Indie",4,3,1
1693530,"RPG,Strategy",0,0,0
1893300,"Action,Early Access",0,0,0
2004870,"Adventure,Casual,Indie",3,2,1
1382290,"Action,Adventure,Indie,RPG,Early Access",4,4,0
1920410,"Indie,RPG,Strategy",8,7,1
1348800,Action,49,49,0
1986990,"Action,Indie,Early Access",3,3,0
1566570,"Action,Adventure,Indie,Early Access",0,0,0
444590,"Action,Adventure,Indie,RPG",272,224,48
664620,"Adventure,Casual,Indie,Simulation",18,10,8
1797680,"Action,Adventure,Indie,Simulation,Early Access",131,128,3
729270,"Simulation,Strategy",0,0,0
745720,"Action,Indie,Early Access",0,0,0
1163130,"Adventure,Casual,Free to Play,Indie,Massively Multiplayer,RPG,Simulation,Sports",0,0,0
535150,"Action,Indie,Simulation",43,32,11
523080,"Action,Casual,Indie,Sports,Early Access",33,16,17
644480,"Action,Adventure,Indie,RPG",152,104,48
526790,"Casual,Indie",12,8,4
929020,"Adventure,Indie,RPG",1,1,0
1118840,"Free to Play,Indie",57,41,16
520910,"Adventure,Free to Play,Indie,RPG",3,3,0
893490,"Casual,Indie",0,0,0
1248060,"Indie,Simulation,Strategy",163,79,84
1692150,"Free to Play,Indie",0,0,0
690950,"Adventure,Indie,Racing,Strategy",4,4,0
282900,"RPG,Strategy",5437,5116,321
521580,Indie,15,10,5
1645990,RPG,0,0,0
658780,"Action,Adventure,Casual,Indie",76,64,12
1636300,"Adventure,Casual,Indie,RPG,Strategy",1,0,1
844610,"Casual,Indie",9,2,7
289220,"Action,RPG",26,10,16
1541420,Simulation,14,8,6
1333360,"Casual,Indie,RPG,Simulation",75,59,16
1690150,Adventure,24,18,6
1944600,"Action,Adventure,Indie,RPG,Simulation,Sports",3,3,0
1697940,"Adventure,Indie",33,29,4
369080,"Action,Adventure,Indie,Simulation,Early Access",34,2,32
1643660,"Action,Adventure,Free to Play,Indie",0,0,0
624370,"Action,Adventure,Massively Multiplayer,RPG,Simulation,Strategy",29,20,9
728090,"Action,Adventure,Casual,Indie",0,0,0
1681490,"Adventure,Indie,RPG,Simulation,Early Access",3,2,1
1051630,"Action,Indie,Simulation,Strategy,Early Access",2,0,2
1265510,"Casual,Free to Play,Indie,RPG,Simulation,Strategy,Early Access",0,0,0
1065050,"Action,Indie",1,1,0
1966110,"Action,Free to Play,Indie",0,0,0
65610,RPG,163,71,92
1858240,"Casual,Indie,Simulation,Strategy",0,0,0
1639090,"Action,Adventure,Indie,Simulation",4,4,0
477770,"Racing,Simulation,Sports",746,615,131
448550,"Casual,Indie",7,6,1
327210,Indie,16,14,2
1477300,"Action,Adventure,Strategy",4,1,3
1630960,Action,41,32,9
1807150,"Casual,Indie,Strategy",0,0,0
431450,"Action,Indie",188,134,54
661560,Indie,3,1,2
557790,"Adventure,Indie",3,3,0
673040,"Action,Casual,Indie",2,2,0
1038810,"Adventure,RPG,Simulation",49,35,14
1963660,Racing,28,26,2
1305760,"Adventure,Casual,Indie",19,17,2
536560,Action,82,73,9
1926680,"Free to Play,Indie,Simulation",0,0,0
1701850,Casual,0,0,0
1172940,Adventure,402,303,99
2075680,"Action,Adventure,Casual,Indie,Simulation,Strategy",4,3,1
1132090,"Adventure,Indie,RPG",7,5,2
1174390,"Action,Adventure,Indie,RPG",66,55,11
1359000,"Action,Indie",2,2,0
338330,"Action,Indie",23,13,10
504310,"Casual,Indie,Simulation",38,21,17
369100,"Action,Adventure,Indie,Simulation",8,4,4
610570,"Action,Adventure,Indie",27,11,16
520380,"Indie,Racing",30,15,15
1994540,"Action,Adventure,Casual,RPG,Simulation",0,0,0
1134320,"Action,Casual,Free to Play,Indie,Early Access",0,0,0
757230,"Casual,Strategy",2,0,2
1540190,"Action,Casual,Indie",0,0,0
827560,"Action,Indie,RPG,Early Access",0,0,0
1949810,"Adventure,Casual,Indie,Racing",3,3,0
837530,"Nudity,Violent,Gore,Action,Adventure,Indie,RPG,Simulation",10,2,8
1220070,"Adventure,Casual,Indie",2,1,1
1372180,"Adventure,Casual,Indie",6,4,2
955070,"Casual,Indie,Massively Multiplayer,Simulation,Strategy",14,6,8
1626460,"Simulation,Strategy",0,0,0
1177110,"Adventure,Casual,Indie",23,20,3
1930120,"Casual,Indie",0,0,0
899960,"Action,Adventure,Indie,RPG",20,19,1
1849230,"Adventure,Casual,Indie,RPG",0,0,0
693560,"Action,Adventure,Indie",4,4,0
821850,"Action,Casual,Indie",6,1,5
1602350,Action,11,11,0
1409560,"Action,Indie",2,2,0
590440,Adventure,0,0,0
1380420,"Action,Adventure,Casual",667,590,77
1618450,"Action,Indie",7,5,2
738590,Strategy,8,6,2
1048580,"Casual,Indie,Racing,Simulation,Sports,Early Access",38,29,9
910990,"Action,Adventure,Casual,Indie",7,6,1
1269650,"Action,Adventure,Indie,RPG",3,1,2
1878670,"Adventure,Casual,Early Access",2,2,0
1424050,"Casual,Free to Play,Indie,Strategy",0,0,0
1198060,"Adventure,Casual",11,9,2
1006170,"Casual,Indie,Simulation,Strategy",0,0,0
1548090,"Action,Indie",21,11,10
1319400,"Casual,Indie,RPG,Early Access",7,6,1
1170030,"Action,Casual,Indie",0,0,0
727860,"Casual,Indie,Massively Multiplayer,Strategy",1,0,1
541720,"Adventure,Casual,Indie",31,16,15
256030,"Indie,RPG",138,79,59
1436920,"Action,Adventure,Indie",32,24,8
695960,"Adventure,Casual",9,8,1
705290,"Adventure,Casual,Indie",134,111,23
1093910,"Adventure,Indie,RPG",550,532,18
1058450,Action,1143,1019,124
1382870,"Action,Indie,Early Access",0,0,0
1109720,"Action,Indie",4,3,1
1619720,"Casual,Indie",0,0,0
566540,"RPG,Strategy",329,259,70
546460,Adventure,11,11,0
931430,"Adventure,Indie",10,5,5
1063860,"Casual,Indie,RPG,Simulation",17,14,3
1133930,"Adventure,Indie",51,47,4
1415480,"Adventure,Casual,Indie",3,1,2
806510,"Casual,Free to Play,Indie",1,1,0
1075980,"Adventure,Indie",112,105,7
1710500,"Action,Casual,Early Access",2,2,0
1439700,"Casual,Indie,Simulation",4,3,1
364270,"Indie,RPG,Strategy",150,117,33
951100,"Indie,RPG",0,0,0
842100,"Action,Adventure,Indie",822,583,239
1177100,"Adventure,Indie,RPG,Simulation,Strategy,Early Access",0,0,0
631250,Casual,4,3,1
1222420,Action,0,0,0
251060,"Indie,Simulation,Strategy",6750,6009,741
693240,"Adventure,Casual,Indie,Simulation,Sports,Strategy",7,3,4
1203960,"Adventure,Casual,Indie,Massively Multiplayer,RPG,Simulation,Strategy",10,4,6
1300940,"Casual,Indie",0,0,0
871990,"Action,Massively Multiplayer",152,85,67
1157810,"Adventure,Casual",9,8,1
1865890,"Action,Adventure,Indie,RPG,Early Access",0,0,0
539640,"Free to Play,Massively Multiplayer,Racing",9,3,6
1330250,"Casual,Free to Play",0,0,0
1184700,"Adventure,Casual",4,4,0
1075480,Casual,1,1,0
1702970,"Adventure,Casual,Free to Play,Indie",0,0,0
778230,"Casual,Indie,Simulation,Strategy",4,4,0
241540,"Action,RPG,Simulation",8866,7220,1646
797300,"Casual,Indie,Strategy",4,3,1
1211160,"Action,Casual,Indie,Strategy",0,0,0
438680,"Casual,Indie,Strategy",12,9,3
1881370,"Adventure,Indie,RPG,Early Access",1,1,0
893120,"Casual,Indie",0,0,0
316610,Indie,277,271,6
1268420,"Indie,Simulation,Strategy,Early Access",12,12,0
1012530,"Casual,Indie,Sports",6,5,1
1517850,"Simulation,Early Access",241,235,6
1979590,"Action,Adventure,RPG",6,6,0
955120,"Action,Casual,Indie",1,1,0
438260,Indie,10,7,3
1572340,"Adventure,Indie,RPG",11,10,1
405550,"Action,Indie",29,24,5
1792170,"Action,Casual,Indie",4,3,1
1700860,"Adventure,RPG",2,2,0
9180,Action,875,820,55
1303930,"Casual,Indie,Simulation",0,0,0
621080,"Adventure,Casual",71,63,8
366250,Action,620,536,84
1948330,"Action,Adventure,Indie,RPG,Early Access",1,0,1
305050,"Action,Adventure,Indie",449,327,122
1270650,"Action,Adventure,Casual,Indie,RPG",4,3,1
1051840,"Action,Indie",27,23,4
897770,"Action,Indie,Early Access",2,1,1
757990,Action,2,1,1
1857220,"Adventure,Indie",2,2,0
1363660,Indie,11,3,8
1522930,Action,67,64,3
1563960,"Action,Adventure,Casual,Indie,Racing,Simulation,Sports",3,2,1
975350,"Casual,Free to Play,Indie",0,0,0
867700,Casual,39,33,6
463530,"Indie,Simulation,Strategy,Early Access",4467,4291,176
1354230,"Action,Adventure,Casual,Indie,Simulation,Strategy,Early Access",193,159,34
1196450,"Action,Indie,Sports,Early Access",38,34,4
1359650,"Action,Adventure",696,583,113
596390,"Action,Casual,Indie",11,11,0
1840120,"Casual,Indie",0,0,0
1940350,"Action,Indie",0,0,0
1065960,"Casual,Indie",3,2,1
1368560,"Indie,RPG",1,1,0
1889130,Indie,2,2,0
356250,"Adventure,Indie",133,122,11
1841700,"Casual,Indie",6,1,5
2005430,"Indie,Simulation,Strategy",18,18,0
1087050,"Casual,Indie",1,1,0
359050,"Action,Indie,Simulation",4525,4337,188
1817400,"Action,Adventure,Casual,Indie",2,1,1
1678140,"Adventure,Casual,Indie,RPG",177,144,33
961240,"Action,Adventure,Indie",1,0,1
617600,"Free to Play,Indie,Simulation",0,0,0
1883320,"Casual,Indie,RPG",0,0,0
818830,"Action,Casual,Indie",2,2,0
1006900,"Action,Casual,Indie,Strategy",6,2,4
727490,"Action,Indie",1,0,1
629440,"Action,Casual",76,75,1
852660,"Casual,Indie,Strategy",13,8,5
468330,"Action,Indie",5,4,1
292140,RPG,2101,1196,905
13200,Action,240,160,80
1550330,"Action,Early Access",0,0,0
990950,"Adventure,Casual,Indie",1,0,1
294650,"Adventure,Casual",112,105,7
1146880,"Action,Adventure,Indie",6,6,0
1997740,Adventure,0,0,0
1631500,"Action,Adventure,Casual,Indie",23,23,0
788690,Adventure,329,291,38
793050,"Free to Play,Strategy",0,0,0
471700,"Action,Adventure,Indie",20,14,6
388800,"Action,Indie",604,503,101
762950,"Indie,Simulation,Sports,Strategy,Early Access",5,3,2
299050,"Action,Adventure",221,100,121
494090,Casual,15,7,8
1107950,Utilities,2,2,0
923900,"Casual,Indie,Simulation",6,6,0
316830,"Animation & Modeling,Design & Illustration",5,4,1
724490,"Action,Adventure,Indie",25,15,10
221100,"Action,Adventure,Massively Multiplayer",130386,88347,42039
1848330,"Indie,RPG,Strategy,Early Access",0,0,0
601760,"Indie,Simulation",1,0,1
4700,Strategy,11951,11485,466
1721910,"Adventure,Indie",1,1,0
1191210,"Action,Adventure,Casual,Indie,RPG,Strategy",267,218,49
1150690,"Adventure,Indie,RPG",31475,30983,492
1023410,Adventure,2,2,0
1175030,"Casual,Indie",1,1,0
1584970,"Action,Adventure,Indie",0,0,0
976960,"Casual,Indie",17,17,0
42990,Strategy,486,184,302
900270,"Adventure,Indie",1945,1807,138
1851910,Indie,0,0,0
415350,"Action,Indie",119,97,22
1900530,Free to Play,0,0,0
1774980,"Action,Adventure,Casual,Indie",1,0,1
905640,"Action,Free to Play,Massively Multiplayer,Simulation,Strategy",0,0,0
1949910,Indie,30,16,14
778840,"Action,Casual,Indie,RPG",30,27,3
24810,Strategy,1449,1381,68
50130,Action,8590,7919,671
1010750,Action,3269,3125,144
1489340,"Casual,Indie,Simulation,Strategy,Early Access",1,1,0
716340,"Adventure,Indie",124,122,2
954740,"Action,Adventure,RPG",5325,4930,395
461370,"Adventure,Casual,Indie,RPG,Simulation,Strategy",8,4,4
1361320,Adventure,5137,5072,65
1378570,"Action,Sports",0,0,0
888750,"Casual,Indie",3,2,1
1194170,"Action,Casual,Indie",1,1,0
428350,"Indie,RPG,Simulation,Strategy",53,39,14
1094760,"Simulation,Strategy",39,20,19
1591670,"Adventure,Indie",32,29,3
1340400,Casual,3,2,1
1187650,"Indie,Strategy",6,5,1
786750,"Casual,Indie",4,1,3
813260,"Action,Indie",1,1,0
206500,"Action,Free to Play,Indie,Strategy",48,34,14
39900,Action,15,10,5
802310,"Casual,Indie,Simulation,Sports,Early Access",4,3,1
358310,Action,15,14,1
1030350,"Action,Early Access",1,0,1
1236480,"Casual,Indie",2,1,1
869260,"Action,Free to Play,Indie,Racing",0,0,0
787220,"Casual,Free to Play,Indie",0,0,0
718310,"Free to Play,Indie,Massively Multiplayer,RPG,Strategy",0,0,0
1392080,"Action,Adventure,Indie,Strategy",3,3,0
1971750,"Adventure,Casual,Indie",2,2,0
446380,"Casual,Indie,Simulation",155,134,21
305390,"Indie,Strategy",36,17,19
341910,"Indie,RPG,Strategy",28,23,5
1815370,"Casual,Indie,Simulation,Strategy",0,0,0
822040,"Casual,Indie,Sports",40,37,3
701760,Action,14,12,2
1542860,"Casual,Indie,Strategy",14,14,0
416030,"Casual,Free to Play,Indie,RPG,Simulation,Strategy",9,8,1
368140,"Adventure,Indie",33,26,7
365850,"Action,Indie",22,16,6
1852140,"Casual,Indie",5,5,0
801780,"Action,Casual,Indie,Simulation",5,0,5
1476450,"Action,Adventure,Casual,Indie,RPG,Simulation",15,8,7
450040,"Action,Indie",9,1,8
630020,"Indie,Simulation",12,9,3
1584150,"Adventure,Casual,Indie",3,0,3
261760,"Action,Indie,RPG",1398,786,612
1137970,"Action,Adventure",79,41,38
672780,"Action,Adventure,Indie",0,0,0
1461190,Action,2,0,2
1611110,"Action,Adventure,Indie",6,3,3
628440,"Action,Casual,Free to Play,Indie",0,0,0
1754200,"Adventure,Indie",2,2,0
1719030,"Indie,Simulation,Strategy",0,0,0
1789270,"Action,Simulation,Sports",10,8,2
1374990,Action,26,13,13
410990,Strategy,91,45,46
1013650,"Action,Adventure,Indie",49,47,2
1460800,"Adventure,Free to Play,Indie",0,0,0
1607470,"Adventure,Indie",1,0,1
1202310,"Casual,Simulation",212,178,34
1788890,"Casual,Simulation,Strategy",1,1,0
1834290,"Action,Adventure,Casual,Indie,Simulation,Strategy,Early Access",0,0,0
914600,Indie,1,1,0
1688130,"Action,Casual,Indie,Early Access",2,0,2
636970,"Action,Simulation",655,535,120
1356800,"Action,Adventure,Casual,Free to Play",0,0,0
1208520,"Adventure,Free to Play,Indie",0,0,0
857370,"Action,Casual,Indie,Strategy",10,5,5
996650,"Action,Casual,Indie",3,3,0
1185400,"Action,Adventure",0,0,0
1963760,"Casual,Indie,Simulation",0,0,0
1790760,"Casual,Indie",0,0,0
1301990,"Action,Casual,Free to Play,Indie,Racing,Simulation,Sports",0,0,0
12830,Action,689,447,242
1427980,Casual,0,0,0
429020,"Action,Adventure,Casual,Indie,RPG,Strategy,Early Access",20,6,14
1406280,"Casual,Indie",12,12,0
1634430,"Indie,Simulation,Early Access",0,0,0
670910,"Action,Simulation",7,0,7
1577990,"Action,Indie",3,3,0
1465580,"Action,Adventure,Casual,Indie,Strategy",0,0,0
861400,Simulation,0,0,0
1127450,"Casual,Indie,Simulation",57,47,10
1120690,"Action,Adventure,Casual,Free to Play,Indie,RPG,Simulation",0,0,0
889520,"Indie,RPG,Strategy",25,22,3
385890,"Action,Free to Play,Massively Multiplayer,RPG,Strategy,Early Access",1,0,1
366960,"Action,Indie",5,2,3
428540,"Casual,Indie",75,62,13
741150,"Nudity,Design & Illustration",80,58,22
1660590,"Action,Adventure,Casual,Indie,Simulation,Sports",12,8,4
1474130,"Casual,Indie",3,2,1
1356860,"Action,Indie",1,0,1
1068110,"Action,Indie",1,1,0
1828510,"Adventure,Casual,Free to Play,Indie",0,0,0
775820,Indie,15,8,7
937140,"Action,Adventure,Indie,RPG",2,2,0
803720,"RPG,Strategy",7,3,4
467780,"Casual,Indie",30,30,0
1871790,"Casual,Indie",25,24,1
1086070,"Casual,Indie,RPG,Simulation,Sports,Strategy",5,3,2
1054500,"Action,Indie",1,1,0
399600,"Action,Indie",29,26,3
511360,Education,0,0,0
601940,"Action,Adventure,Casual",1,1,0
756200,"Action,Indie",1,1,0
589300,"Adventure,Indie",8,3,5
2061480,"Casual,Indie,Racing",0,0,0
1999120,"Adventure,Indie,RPG,Early Access",0,0,0
693050,"Casual,Indie,Strategy",5,1,4
987810,"Adventure,Casual,Indie",9,8,1
1285870,"Casual,Indie",13,13,0
719080,"Action,Adventure,Casual,Indie,Simulation",37,35,2
1353690,Strategy,1,1,0
615610,"Action,Casual,Indie",1338,1305,33
1181720,"Casual,Indie",0,0,0
920200,"Casual,Indie,Simulation",21,21,0
1155590,"Action,Free to Play,Indie",0,0,0
835440,"Action,Adventure,Casual,Free to Play,Indie,Racing,RPG,Simulation,Sports",1,0,1
836480,"Casual,Simulation,Strategy",20,16,4
1485450,Sports,8,8,0
333300,"Adventure,Indie,RPG,Strategy",820,717,103
306950,RPG,10,6,4
615180,"Adventure,Casual,Indie",44,30,14
1138030,"Adventure,Casual,Indie,Strategy",0,0,0
622320,"Action,Adventure,Indie",7,2,5
766370,"Action,RPG,Early Access",440,259,181
1234290,"Casual,Indie",0,0,0
1826100,Casual,0,0,0
1051690,"Action,Indie",2049,1942,107
1279000,"Free to Play,Indie",0,0,0
1225940,Indie,0,0,0
964020,"Adventure,Casual,Indie,Simulation,Strategy",88,68,20
1555310,"Strategy,Early Access",19,16,3
548740,"Action,Adventure,Indie,Early Access",7,3,4
1206290,"Action,Adventure,Casual,Indie,Early Access",7,7,0
770120,"Sexual Content,Violent,Gore,Adventure,Indie,RPG,Early Access",1,1,0
1927480,"Casual,Indie,Strategy",8,8,0
1007800,"Adventure,Indie,RPG",4,4,0
555170,"Action,Casual,Simulation",6,4,2
939360,"Animation & Modeling,Design & Illustration,Utilities,Game Development",51,41,10
1333090,"Action,Casual,Free to Play,Indie,Racing",0,0,0
1354520,"Casual,Indie",20,16,4
1623690,"Adventure,Casual,RPG",0,0,0
987850,"Action,Indie,Early Access",38,20,18
1217860,"Action,Adventure,RPG,Strategy",8,5,3
1302050,"Adventure,Indie",48,45,3
563370,"Action,Casual,Indie",2,2,0
1741730,"Action,Indie",4,4,0
1176560,"Adventure,Casual,Indie,Strategy",14,2,12
1654070,Casual,0,0,0
537660,Racing,6,3,3
1988750,"Action,Adventure,Indie",0,0,0
1029170,"Action,Adventure,Indie,RPG",37,33,4
1226890,"Action,Adventure,Casual,Indie,RPG",6,5,1
363670,"Adventure,Indie",5,4,1
1197020,"Action,Adventure,Casual,Indie",1,1,0
1386780,"Simulation,Strategy",494,380,114
1536590,"Action,Racing",1,1,0
951430,"Action,Adventure,Casual,Indie,RPG,Simulation,Strategy",339,273,66
1248680,"Action,Casual,Indie,Strategy",2,2,0
1949880,"Casual,Strategy",1,0,1
1331070,"Action,Adventure,Indie",2,2,0
1078330,"Indie,RPG",55,46,9
961190,"Action,Casual,Indie",0,0,0
1831130,Simulation,18,13,5
897830,"Casual,Indie,Simulation",19,15,4
98400,"Action,Indie",1712,1411,301
1881520,"Design & Illustration,Photo Editing,Game Development",3,0,3
1983000,Action,97,97,0
514780,Casual,10,3,7
793670,"Action,Indie",21,17,4
1078760,"Casual,Indie,Racing,Simulation",400,330,70
709720,"Action,Casual",2,0,2
1497590,"Action,Adventure,Casual,Indie,Massively Multiplayer,Simulation,Strategy,Early Access",1,1,0
1010410,"Action,Adventure,Racing",6,4,2
867400,"Action,Massively Multiplayer",107,80,27
1244630,"Adventure,Casual,Indie,Simulation,Early Access",409,320,89
500500,"Utilities,Video Production",179,131,48
645360,"Casual,Indie",3,1,2
432480,"Action,Indie,Early Access",2,1,1
1225060,"Adventure,Casual,Free to Play,Indie",0,0,0
1261750,"Adventure,Casual,Indie",4,4,0
1208400,"Casual,Indie",1,1,0
1447070,"Action,Adventure,Indie",6,6,0
1012860,"Casual,Indie",0,0,0
961700,"Adventure,Casual,Indie",6,3,3
1031090,"Action,Casual,Racing",0,0,0
1508740,RPG,3,3,0
667270,"Adventure,Indie",9,9,0
1894220,Action,4,4,0
1164660,"Action,Indie",4,3,1
1296290,"Adventure,Indie",18,10,8
515650,"Action,Indie",104,96,8
1815060,"Indie,Sports",12,10,2
829300,"Casual,Indie",5,4,1
1843090,"Action,Adventure,Casual,Indie,Simulation,Strategy",616,550,66
464260,Action,66,56,10
1657760,"Action,Adventure,Free to Play,Indie",0,0,0
1148460,"Adventure,Casual,Indie,Simulation,Early Access",1,0,1
1300580,"Action,Casual,Indie,Sports",1,0,1
360600,"Action,Indie",15,11,4
1966310,Adventure,5,5,0
384980,"Casual,Free to Play,Indie,Strategy",3,1,2
765260,"Adventure,Indie",6,1,5
1365600,"Indie,Simulation,Strategy",1,1,0
1517520,"Action,Indie",1,1,0
1341090,"Indie,Massively Multiplayer,Simulation,Strategy",2,0,2
1911450,"Adventure,Indie",11,10,1
1772130,"Action,Adventure,Free to Play,Indie",0,0,0
1236620,"Action,Indie",5,5,0
1112330,"Action,Indie,Massively Multiplayer",0,0,0
1220040,"Action,Adventure,Casual,Indie",0,0,0
740220,"Casual,Indie,Simulation",2,1,1
673740,"Action,Indie",47,38,9
1494570,Casual,5,5,0
500680,"Action,Indie,Racing,Simulation,Sports,Strategy",9,9,0
554220,"Casual,Indie,RPG",43,35,8
593400,"Casual,Free to Play,Simulation",0,0,0
872060,"Casual,Indie",16,12,4
807730,"Indie,Simulation,Sports,Strategy",11,7,4
718380,"Action,Indie,Sports",17,7,10
1200660,"Casual,Simulation",0,0,0
865220,"Casual,Indie",23,20,3
370120,"Adventure,Indie,RPG,Strategy",8,7,1
1513120,Indie,84,82,2
804970,"Action,Adventure,Indie",0,0,0
1173270,"Adventure,Casual,Indie",25,14,11
302730,"Adventure,Casual",28,26,2
1168420,Indie,4,3,1
463440,"Action,Indie,Strategy",1,0,1
1838680,Casual,1,0,1
40720,"Adventure,Casual,Indie",480,410,70
1248840,"Adventure,Indie",100,97,3
491260,"Action,Adventure,Casual,Indie,Massively Multiplayer,Strategy",53,33,20
1631160,"Indie,Simulation",18,16,2
853860,"Casual,Indie",41,36,5
1417230,"Action,Casual,Indie",1,1,0
1235920,"Action,Casual,Free to Play,Indie,Sports,Early Access",0,0,0
1096420,"Action,Indie",2,2,0
1997270,"Casual,Indie",0,0,0
577470,"Adventure,Indie,RPG,Strategy",17,12,5
1884300,Action,5,5,0
1309280,"Casual,Indie,Massively Multiplayer,Sports,Strategy",6,6,0
254700,"Action,Adventure",14606,13338,1268
738900,"Adventure,Casual,Indie",0,0,0
961040,"Action,Indie,RPG",25,13,12
766940,"Indie,RPG",28,26,2
253980,"Action,RPG",752,517,235
1646830,"Casual,Indie",3,0,3
436110,"Action,Adventure,Free to Play,Indie",16,13,3
777410,Indie,18,18,0
1559770,"Action,Indie",0,0,0
592130,"Action,Adventure,Indie",1,1,0
1353330,"Action,Indie",4,4,0
1517370,Utilities,1,1,0
1957790,"Adventure,Casual,Indie,RPG,Simulation,Strategy",0,0,0
1279320,"Adventure,Casual,Indie,Simulation,Strategy",0,0,0
1807590,"Action,Adventure,Indie,RPG,Simulation,Early Access",0,0,0
1431370,"Action,Adventure,Casual,Indie,Simulation",1,0,1
1042160,"Casual,Indie",48,33,15
445800,"Adventure,Casual,Indie,Simulation",115,95,20
1016770,"Adventure,Indie,RPG,Simulation,Strategy",169,140,29
859170,"Action,Massively Multiplayer",0,0,0
994340,"Adventure,Indie",50,45,5
1612140,"Action,Adventure,Casual,Indie,RPG,Simulation",23,18,5
1367250,"Action,Adventure,Indie",5,5,0
1101420,"Adventure,Casual,Indie,Massively Multiplayer,Strategy",14,9,5
708100,"Action,Casual,Free to Play,Indie",0,0,0
1340180,"Action,Adventure,Casual,Free to Play,Indie,RPG,Early Access",0,0,0
1051130,"Action,Free to Play,Indie",0,0,0
613350,"Adventure,Casual",2,2,0
756840,"Action,Adventure,Indie",4,4,0
1655010,RPG,2,0,2
689470,"Adventure,Casual,Indie,RPG,Simulation,Strategy",12,12,0
1002910,"Adventure,Casual,Indie,Simulation",2,2,0
1124600,"Action,Adventure,Indie",17,11,6
1573070,"Casual,Indie,Sports,Strategy",1,0,1
1269020,"Action,Indie,Simulation,Strategy,Early Access",99,96,3
713170,"Casual,Indie,Simulation",1,1,0
319470,"Action,Indie",77,66,11
252610,"Action,Indie,RPG",4268,4077,191
313650,Casual,96,59,37
1566410,"Action,Indie",367,361,6
733480,"Adventure,Free to Play,Indie,RPG,Strategy",0,0,0
1392790,"Action,Indie",14,12,2
467760,"Action,Casual,Strategy",116,107,9
1542980,"Action,Indie",1,1,0
1793380,Indie,32,32,0
1245910,"Action,Casual,Indie",10,5,5
2026460,"Action,Casual",0,0,0
212410,Action,190,100,90
1499520,"Adventure,Casual,Free to Play,Massively Multiplayer,RPG,Strategy",0,0,0
1204370,"Casual,Indie,Strategy",25,21,4
763610,"Adventure,Casual,Free to Play,Indie,Strategy",0,0,0
576470,"Adventure,Casual,Indie,Early Access",47,37,10
1363810,"Action,Free to Play",0,0,0
1274550,Action,3,1,2
1836290,"Adventure,Indie,Early Access",15,11,4
512270,"Action,Adventure",0,0,0
1081070,"Adventure,Casual,Indie,RPG,Simulation,Strategy",3,3,0
1459300,"Action,Adventure,Indie",2,1,1
595430,"Action,Indie,Strategy,Early Access",262,251,11
1056640,"Action,Free to Play,Massively Multiplayer,RPG",14,8,6
369180,"Action,Casual,Indie,RPG",29,17,12
1025270,"Action,Adventure,Casual,Indie",1,0,1
747970,"Free to Play,Massively Multiplayer,RPG",0,0,0
1630500,Simulation,4,4,0
332710,"Indie,RPG",18,9,9
1441740,"Adventure,Casual,Free to Play,Indie,RPG,Simulation,Strategy",0,0,0
1153860,"Casual,Simulation,Education",3,1,2
1640320,"Action,Casual,Indie",39,33,6
414870,"Indie,Simulation,Sports",844,746,98
699930,"Indie,RPG",2,2,0
1587970,"Adventure,Casual,Indie",12,10,2
1156630,"Casual,Indie",22,21,1
1865160,"Adventure,Indie,RPG",0,0,0
342250,"Adventure,Casual,Indie",1,1,0
40330,Adventure,103,86,17
381590,"Casual,Indie,Racing,Sports",54,30,24
1174180,"Action,Adventure",95882,85335,10547
1501530,"Action,Indie,Simulation,Strategy",3,2,1
504620,"Free to Play,Indie,Strategy",3,3,0
1396010,Casual,2,0,2
302270,"Action,Indie,RPG,Strategy",1067,475,592
1649820,"Casual,Indie,Strategy",3,3,0
1284760,"RPG,Simulation",19,12,7
1714970,"Action,Adventure,Casual,Indie",0,0,0
1023970,Action,46,34,12
19680,"Action,Adventure",4247,3704,543
856070,"Animation & Modeling,Design & Illustration,Video Production",0,0,0
1470690,"Casual,Indie",2,0,2
1361660,"Action,Adventure,Indie,Early Access",0,0,0
1859100,Casual,0,0,0
920190,"Free to Play,Indie",0,0,0
1020430,Casual,1,1,0
1406080,"Action,Adventure,Casual,Indie,Simulation",4,2,2
1232290,"Indie,Strategy",1,1,0
719970,"Indie,Simulation,Sports,Early Access",4,1,3
884610,"Action,Indie,Racing",0,0,0
914400,"Casual,Indie,Strategy",38,34,4
875210,"Action,RPG,Simulation,Strategy",129,76,53
1356480,"Action,Adventure,Indie,Simulation",102,99,3
1855620,"Action,Casual,RPG,Simulation",0,0,0
307270,Indie,4,3,1
1992850,"Action,Adventure,Casual,Free to Play",0,0,0
1758540,"Adventure,RPG",3,1,2
207570,"Indie,Casual",106,101,5
246620,"Casual,Indie,Simulation,Strategy",18646,17496,1150
588240,"Sexual Content,Simulation",100,83,17
1115050,"Action,Indie",1330,1306,24
1910330,"Action,Free to Play,Early Access",0,0,0
1743350,"Indie,Simulation",2,2,0
742970,"Casual,Free to Play,Indie,Strategy,Early Access",0,0,0
1362760,Simulation,0,0,0
1439440,"Free to Play,Strategy",0,0,0
1265730,"Casual,Indie,Simulation",0,0,0
1056040,"Casual,Indie,Simulation",11,9,2
1215090,"Adventure,Casual,Free to Play,Indie,RPG",0,0,0
1025420,"Casual,Indie",1,1,0
1212410,"Adventure,Indie",41,36,5
297310,"Action,Indie,Sports,Early Access",162,78,84
1380280,"Action,Indie,Sports",0,0,0
1589790,"Action,Adventure,RPG,Early Access",4,1,3
1204080,"Indie,Strategy",13,13,0
1615980,"Casual,RPG,Simulation,Early Access",1,0,1
1970560,Indie,28,16,12
1016330,"Action,Indie",2,2,0
566190,"Adventure,Indie",115,80,35
846800,"Action,Casual,Indie",364,322,42
7510,"Nudity,Violent,Action,Adventure,RPG",502,262,240
1775000,Casual,0,0,0
1542430,"Adventure,Simulation",0,0,0
1183670,"Casual,Indie",10,8,2
1923360,"Casual,Free to Play,Strategy",0,0,0
973110,"Casual,RPG,Simulation",3,2,1
1810220,"Adventure,RPG,Early Access",1,0,1
475550,"Adventure,Indie,Strategy",2299,1865,434
934500,"Indie,Strategy",0,0,0
604450,"Adventure,Indie",232,201,31
1060380,"Adventure,Indie",0,0,0
703430,"Free to Play,Simulation",0,0,0
1163590,Action,132,112,20
2004810,Casual,0,0,0
491390,"Action,Indie",8,8,0
622810,"Action,Indie",6,6,0
611140,"Violent,Action,Casual,Indie",8,4,4
1709060,"Action,Adventure,Free to Play,Indie,RPG,Strategy",0,0,0
1358570,"Casual,Indie",4,4,0
1611930,Adventure,3,3,0
378350,"Action,Racing",17,14,3
647960,"Indie,Strategy",1313,1275,38
1453820,"Utilities,Early Access",1,0,1
1082730,"Indie,RPG",0,0,0
386740,"Indie,Strategy",38,31,7
1599920,"Casual,Sports",0,0,0
1156760,"Action,Adventure,Indie",6,6,0
873090,"Action,Casual,Indie,Early Access",0,0,0
1014360,"Adventure,Casual,Indie,Simulation,Strategy",2,2,0
1491770,"Action,Adventure,Indie",15,8,7
1699890,"Action,Adventure,Casual,Indie,Early Access",0,0,0
1755980,Racing,0,0,0
503070,"Adventure,Casual",9,8,1
1008280,"Adventure,Indie,RPG,Simulation",6,6,0
756630,"Action,Indie",4,4,0
1905350,"Casual,Indie",16,8,8
996580,"Action,Adventure",5571,5191,380
646360,Adventure,0,0,0
1560770,"Action,Adventure,Casual,Indie,Strategy",39,32,7
1777960,"Adventure,Indie,Racing,Simulation,Sports,Early Access",1,0,1
1206910,"Action,Casual,Indie,Simulation",5,5,0
923240,"Action,Adventure,Casual,Indie",4,3,1
633460,"Action,Indie,Simulation",3260,2837,423
1145970,"Casual,Indie,Strategy",8,8,0
1867490,"Action,Adventure,Casual,Indie,Strategy",0,0,0
1593590,"Free to Play,RPG",0,0,0
257400,"Animation & Modeling,Design & Illustration,Utilities,Video Production",230,98,132
1683900,"Action,Adventure,Casual,Indie",6,6,0
1054120,"Adventure,Indie,RPG,Simulation,Early Access",21,10,11
516810,"Action,Adventure,Casual,Indie,RPG",3,3,0
368780,"Casual,Indie,Strategy",20,6,14
819370,"Action,Casual,Indie,Strategy",0,0,0
673540,"Indie,Simulation,Strategy",1,1,0
1428290,"Adventure,Casual,Indie,Simulation,Strategy",0,0,0
374170,"Action,Casual,Indie,Early Access",15,10,5
227780,"Action,Indie",915,814,101
1766270,"Action,Adventure,Casual,Indie,Simulation,Sports",0,0,0
1431150,"Adventure,Indie,Early Access",3,1,2
617820,"Adventure,Indie",3,2,1
573360,"Casual,Indie",11,11,0
1258040,"Action,Adventure,Free to Play,Indie",2,1,1
1114270,Casual,7,3,4
530820,"Adventure,Casual",3,1,2
565490,"Action,Indie,Simulation,Strategy,Early Access",1,0,1
337290,"Action,Indie",69,59,10
954860,"Adventure,Indie",11,9,2
1331240,"Action,Adventure,Casual,Indie,Early Access",0,0,0
273740,Simulation,21,1,20
241790,Audio Production,30,26,4
444480,"Casual,Indie",87,53,34
1149630,"Action,Free to Play",0,0,0
1421630,"Action,Indie",1,0,1
736180,"Adventure,Indie",2,2,0
1124740,"Adventure,Casual,Indie,RPG",0,0,0
889260,"Action,Adventure,Casual,Indie",15,15,0
392920,"Adventure,Casual,Indie,RPG",35,24,11
815210,"Adventure,Casual,Indie,RPG,Simulation,Early Access",36,18,18
779810,Video Production,4,2,2
994350,"Casual,RPG,Simulation",14,10,4
315340,"Action,Indie",97,60,37
27920,"Action,Indie",89,43,46
1059150,"Action,Indie",18,12,6
586990,"Action,Casual,Indie",5,5,0
701930,"Adventure,Casual,Indie,Simulation",2,2,0
763400,"Casual,Indie",2,1,1
904310,"Action,Adventure,Indie,RPG",33,24,9
1867550,"Indie,Strategy,Early Access",1,1,0
984230,"Action,Adventure,Indie",0,0,0
1118820,"Action,Indie",4,2,2
1565230,"Action,Adventure,Indie,Massively Multiplayer,RPG,Early Access",26,5,21
738620,"Casual,Indie",2,2,0
1318690,"Casual,Indie,Simulation,Strategy",5037,4907,130
1055950,"Adventure,Indie,RPG,Early Access",9,9,0
234510,Action,65,65,0
1606030,"Action,Adventure,RPG",7,7,0
1392670,Indie,0,0,0
1274200,"Casual,Free to Play,Indie,RPG,Simulation",0,0,0
268420,"Adventure,Casual,Free to Play,Massively Multiplayer,RPG",74,55,19
1550830,Action,1,0,1
1400080,"Casual,Free to Play,Early Access",0,0,0
270310,"Adventure,Indie",169,141,28
404070,"Casual,Free to Play,Indie,RPG,Early Access",14,8,6
501050,"Casual,Free to Play",1,1,0
1773840,"Adventure,Casual,Indie",2,2,0
496540,"Action,Indie",17,14,3
1127110,"Action,Adventure,Indie,Strategy",0,0,0
666310,"Violent,Gore,Action,Adventure,Casual,Indie",3,0,3
252730,"Casual,Indie",98,85,13
2069410,"Casual,Racing,Strategy",1,0,1
680360,"Action,Adventure,Indie,RPG",1122,963,159
1108680,"Adventure,Indie,RPG",12,8,4
613240,"Action,Adventure,RPG",60,59,1
385600,Action,36,21,15
717170,"Action,Indie",0,0,0
1171880,"Action,Adventure,Indie",1,1,0
1071680,"Casual,Indie",78,67,11
592340,"Casual,Indie",36,15,21
489700,"Action,Indie",3,1,2
1227400,"Adventure,Indie",97,93,4
1601750,"Adventure,Casual,Indie",0,0,0
527580,"Action,Indie,Simulation,Sports,Strategy",18,14,4
1219170,"Action,Indie",0,0,0
508840,"Action,Indie",155,126,29
1145830,Adventure,4,4,0
852860,"Action,Adventure,Indie",1,1,0
1291340,"Casual,Indie,Simulation",8542,8302,240
772450,"Action,Indie",0,0,0
1519350,"Casual,Simulation,Sports,Strategy",4620,2650,1970
805360,"Action,Casual",11,8,3
628530,"Indie,Simulation,Sports",0,0,0
679720,"Gore,Action,Casual,Indie",2,2,0
2017910,"Casual,Indie,Racing,Simulation",0,0,0
522990,"Casual,Indie",10,9,1
1796930,"Adventure,RPG,Simulation,Strategy",2,2,0
57650,"RPG,Strategy",388,164,224
739010,"Free to Play,Indie",5,5,0
1655480,"Adventure,Casual,Indie",13,13,0
693990,Design & Illustration,0,0,0
1754940,"Action,Adventure,Indie,Simulation,Sports",0,0,0
976340,"Action,Indie,RPG,Early Access",17,10,7
1922030,Adventure,3,1,2
803030,"Casual,Free to Play,Indie",0,0,0
1488160,"Adventure,Indie,Strategy",0,0,0
1571880,Action,0,0,0
1730310,"Adventure,Casual,Indie,Strategy",2,2,0
1142830,"Action,Casual,Simulation",77,77,0
1511190,"Indie,Racing,Sports",7,5,2
1364150,"Free to Play,Strategy",0,0,0
1589720,"Casual,Indie",0,0,0
1859500,"Casual,Indie",0,0,0
999290,"Adventure,Casual,Indie,RPG,Simulation,Strategy",6,5,1
1803470,"Adventure,RPG",0,0,0
1821170,"Action,Adventure,Indie",1,1,0
364470,Free to Play,0,0,0
341360,"Action,Indie",8,5,3
1398600,Casual,4,1,3
477160,"Adventure,Casual,Indie,Simulation",22923,21861,1062
1748210,"Casual,Indie",1,0,1
794570,Sports,3,2,1
322190,"Action,Adventure,Indie,RPG,Strategy",1482,1423,59
335450,"Adventure,Indie,RPG",6,5,1
1296370,"Indie,Simulation",1,0,1
248350,"Action,Indie",249,166,83
1102260,"Action,Casual,Indie",8,5,3
501310,"Action,Adventure,Indie,RPG",5,3,2
1864860,"Action,Adventure,Casual,Indie,Simulation,Strategy,Early Access",4,2,2
1113390,"Action,Indie,Simulation",4,4,0
1345220,"Adventure,Casual",4,3,1
683180,"Adventure,Indie,Simulation",17,12,5
1309820,"Adventure,Indie,Simulation,Early Access",73,52,21
1185360,"Adventure,Indie",29,24,5
1052750,"Action,Casual,Indie,Early Access",0,0,0
335440,"Action,Strategy",1,0,1
1777120,"Action,Indie,Early Access",3,2,1
1818560,Casual,2,1,1
1798780,Action,122,116,6
1034380,"Adventure,Casual",2,1,1
1906320,"Action,Adventure,Casual,Indie,Racing,Simulation,Sports",8,7,1
925370,"Action,Indie,Early Access",3,3,0
623370,"Action,Indie,Massively Multiplayer,RPG,Simulation,Early Access",2,1,1
514350,"Action,Casual,Simulation",8,6,2
845730,"Casual,Indie,Sports",13,9,4
1340420,"Action,Casual,Indie",2,2,0
1026820,"Casual,Free to Play,Indie",5,4,1
925330,"Action,Indie",0,0,0
1101100,"Adventure,Indie,RPG",2,2,0
355190,"Action,Indie,Early Access",20,13,7
1134450,"Action,Adventure,Casual,Free to Play,Indie",0,0,0
205530,"Indie,Simulation,Strategy",62,32,30
437100,"Action,Adventure,Indie",21,17,4
1462960,"Action,Indie,Sports",3,3,0
1206480,"Action,RPG",263,190,73
1047090,"Action,Casual,Free to Play,Indie",0,0,0
1125820,Casual,3,3,0
1297560,Adventure,0,0,0
1283210,"Adventure,Casual,Indie,RPG,Simulation",1,1,0
658090,"Action,Adventure,Casual,Indie,RPG,Simulation",4,1,3
915820,"Action,Adventure,Indie,RPG",5,5,0
563390,"Indie,Simulation,Strategy,Early Access",11,9,2
1170960,"Adventure,Indie",10,10,0
1505790,"Action,Indie,RPG,Strategy",2,0,2
333600,"Casual,Indie",7526,7123,403
1917170,Casual,3,3,0
1065250,"Casual,Indie,Simulation,Strategy",1,1,0
244950,"Adventure,Casual,Indie",21,16,5
240760,"Adventure,Indie,RPG,Strategy",3059,2488,571
504210,"Indie,Simulation",1710,1628,82
499900,Indie,3,1,2
266110,"Action,Indie",395,349,46
957790,"Action,Indie,Massively Multiplayer,Simulation",968,759,209
1629200,"Action,RPG",147,97,50
1300590,"Indie,RPG,Simulation,Early Access",1,1,0
333760,"Action,Indie",30,25,5
704680,"Gore,Casual,Indie,Simulation,Strategy",28,22,6
1380150,"Action,Casual,Free to Play,Indie",0,0,0
847450,"Indie,RPG",3,2,1
1983670,"Casual,Indie,Massively Multiplayer",1,0,1
400940,"Action,Adventure,Indie",1214,981,233
1380470,"Casual,Free to Play,Strategy",0,0,0
1235430,Casual,1,1,0
558680,"Free to Play,RPG,Early Access",0,0,0
350490,"Casual,Indie",20,8,12
1501410,"Action,Adventure,Indie,RPG",61,56,5
1118850,Indie,0,0,0
1414920,"Adventure,Indie,Strategy",1,1,0
438340,"Adventure,Casual,Indie",78,44,34
601330,"Action,Early Access",0,0,0
1090560,"Casual,Indie,RPG,Simulation,Strategy",1,1,0
1483940,Casual,14,14,0
1695040,"Action,Adventure,Indie,RPG,Strategy",0,0,0
610120,"Adventure,Indie",18,13,5
1783310,"Adventure,Indie",0,0,0
1218170,"Action,Adventure,Casual,Indie,RPG,Simulation",5,5,0
963170,"Adventure,Indie",2,0,2
366380,"Adventure,Indie",28,24,4
607890,"Action,Adventure,Casual,RPG",1272,940,332
822810,"Action,Casual,Indie",2,2,0
335420,RPG,5,5,0
1747800,"Casual,Indie",2,2,0
1199170,"Action,Adventure,Casual,Indie,Simulation",8,7,1
997340,"Action,Indie",1,0,1
966630,"Casual,Indie",57,55,2
1009150,"Action,Adventure,Indie",2,0,2
1202690,"Action,Indie,Simulation",1002,748,254
314570,"Action,Adventure,Indie",1,1,0
1057030,Action,0,0,0
843760,"Violent,Gore,Adventure",2,1,1
696960,"Action,Casual,Indie,Massively Multiplayer",0,0,0
1391650,"Casual,Indie",1,1,0
1484980,"Action,Simulation",1,1,0
1115860,"Casual,Indie,Strategy,Early Access",0,0,0
1046670,"Adventure,Indie",3,2,1
1116360,"Indie,RPG,Simulation,Strategy,Early Access",1,1,0
1490250,Casual,50,31,19
542570,"Indie,Racing,Simulation",8,6,2
1334510,"Action,Indie",2,2,0
1758450,"Action,Massively Multiplayer,RPG",0,0,0
984790,"Action,Adventure,Indie,Massively Multiplayer,Simulation,Early Access",1,1,0
1127230,"Action,Casual,Indie",1,1,0
927580,"Casual,Indie,Racing,Simulation,Sports,Early Access",2,1,1
1628000,Casual,3,3,0
1325890,"Adventure,Indie",107,85,22
493040,Indie,4,3,1
776360,"Action,Indie",2,2,0
1517610,"Casual,Indie",0,0,0
1730190,"Adventure,Indie,RPG,Simulation",8,8,0
987980,"Action,Adventure,Casual,Free to Play,Massively Multiplayer,Simulation,Sports,Strategy",0,0,0
796800,"Action,Adventure,Indie,Early Access",0,0,0
1540960,"Free to Play,Indie,Strategy,Early Access",0,0,0
1341720,"Adventure,Indie",3,2,1
1860370,"Casual,Indie,Simulation",6,6,0
380680,"Adventure,Indie",12,12,0
869560,"Casual,Strategy",5,2,3
1007440,Casual,4,3,1
523780,"Adventure,Casual,Indie,RPG,Simulation",3273,3088,185
1268700,"Adventure,Indie,RPG",4,4,0
1980500,"Casual,Indie,Strategy",0,0,0
230050,Indie,3519,3031,488
552700,RPG,1133,907,226
2073420,"Action,Indie,Strategy",7,6,1
547820,"Action,Casual,Free to Play,Indie",5,2,3
596810,"Casual,Indie",17,16,1
997530,"Casual,Indie",1,1,0
790450,"Action,Casual,Free to Play,Indie",0,0,0
739880,RPG,0,0,0
369700,"Action,Adventure,Indie,RPG",19,15,4
351050,"Simulation,Sports",38,22,16
1291670,"Casual,Indie",1,1,0
1846480,Indie,5,5,0
950850,"Adventure,Indie",23,20,3
1426500,Indie,2,2,0
466040,"Casual,Strategy",2,2,0
1010870,Adventure,4,4,0
575480,"Adventure,Casual",105,100,5
331650,"Action,Indie,Racing",96,72,24
1482340,"Action,Adventure,Indie",67,64,3
1412500,Indie,20,20,0
1470270,"Indie,Simulation,Early Access",12,10,2
485460,"Indie,RPG,Strategy",973,798,175
1445360,"Casual,Indie,Simulation",2,1,1
641870,"Casual,Indie,Strategy",0,0,0
606680,"Action,RPG",190,175,15
2500,Action,505,401,104
796900,"Action,Casual,Indie,Simulation",15,8,7
1053650,"Action,Indie",16,12,4
985070,"Adventure,Casual",6,4,2
1686440,"Action,Adventure,Indie",8,8,0
1280370,"Indie,RPG",148,89,59
1686570,"Action,Indie",2,0,2
1639890,"Casual,Free to Play,Indie",0,0,0
1355020,"Action,Indie",4,1,3
1911590,"Casual,Indie,Early Access",0,0,0
1840430,"Casual,Indie,Simulation,Strategy",0,0,0
833740,Early Access,0,0,0
1278430,"Action,Adventure,Indie,RPG",3,2,1
1882930,"Action,Indie",0,0,0
888790,"Adventure,Casual,Simulation",484,469,15
1704780,Indie,0,0,0
307230,"Casual,Indie,Strategy",618,444,174
368720,"Action,Adventure,Indie,Simulation,Early Access",65,38,27
1476950,"Casual,Indie,Strategy",4,3,1
1010740,"Action,Indie,Early Access",1,0,1
1433480,"Casual,Indie,Simulation",26,25,1
1200900,"Casual,Indie,Simulation,Strategy",18,17,1
262690,"Casual,Indie,Racing",257,211,46
673810,"Adventure,Indie",1,1,0
1018850,"Adventure,Casual,Indie",1280,1264,16
1148030,"Free to Play,Indie,Simulation,Sports",0,0,0
1462620,"Adventure,Casual,Indie",5,4,1
1530770,Simulation,104,33,71
601490,"Adventure,Casual,Strategy",14,7,7
950160,"Adventure,Casual,Indie,RPG,Strategy",4,1,3
939120,"Indie,RPG,Strategy",53,29,24
1125390,"Adventure,Simulation,Strategy,Early Access",129,122,7
796110,"Action,Casual,Indie",0,0,0
1683960,"Adventure,Casual,Indie,RPG",2,2,0
921630,"Casual,Indie,Racing",267,210,57
894390,"Action,Adventure,Casual,Indie,Simulation,Strategy",21,13,8
385850,"Adventure,Indie",0,0,0
1116300,"Casual,Indie",1,1,0
383720,"Adventure,RPG,Simulation,Strategy",37,27,10
1148510,"Casual,Indie,RPG,Simulation",558,519,39
1434230,"Casual,Indie,Accounting,Animation & Modeling,Audio Production,Design & Illustration,Education,Photo Editing,Software Training,Utilities,Video Production,Web Publishing,Game Development,Movie,Documentary,Episodic,Short,Tutorial,360 Video",0,0,0
1207030,"Action,Adventure",12,5,7
1346630,"Casual,Indie",8,8,0
1276450,"Action,Adventure,Indie",7,5,2
843440,"Action,Casual,Indie",88,84,4
1378470,"Action,Indie,Strategy,Early Access",22,22,0
487180,"Action,Adventure,Indie,RPG,Simulation",18,11,7
970400,Simulation,34,23,11
513270,Action,19,11,8
790810,"Action,Casual,Indie",5,1,4
580820,"Casual,Indie,Racing,Sports",30,20,10
1884970,"Adventure,Early Access",1,0,1
1338090,"Action,RPG",2,2,0
1127330,"Adventure,Free to Play,Indie",0,0,0
717020,"Adventure,Indie,Simulation,Strategy,Early Access",5,4,1
1882590,"Casual,Simulation",0,0,0
207370,"Action,Indie",192,91,101
898660,"Adventure,Indie",0,0,0
1247020,Indie,69,59,10
409040,"Action,Indie,RPG",18,10,8
745630,"Casual,Simulation",1,1,0
1436680,"Action,Adventure,Casual,Indie",42,37,5
557040,"Action,Indie",77,44,33
1845420,"Action,Adventure,Free to Play,Indie",0,0,0
228360,Adventure,893,832,61
1739940,"Action,Adventure,Casual,Indie,RPG,Simulation,Strategy",0,0,0
970470,"Action,Indie,RPG",3,3,0
8790,"Racing,Simulation,Sports",107,101,6
670730,"Action,Casual,Indie",3,3,0
1096520,"Adventure,Indie,RPG,Simulation,Strategy,Early Access",605,486,119
870430,Indie,2,0,2
1867540,Action,0,0,0
1569620,"Free to Play,Indie",0,0,0
1175490,"Action,Adventure,Indie,Early Access",3,3,0
1054470,RPG,10,7,3
1268410,"Action,Adventure,Indie",10,3,7
910260,Simulation,0,0,0
923790,"Action,Adventure,Free to Play,Early Access",2,1,1
302180,"Adventure,Casual",64,51,13
315850,"Action,Casual,Indie",118,79,39
821290,"Action,Adventure,RPG",165,89,76
1119970,"Adventure,Indie,Simulation,Strategy,Early Access",3,1,2
488280,"Casual,Indie",107,90,17
1239490,Indie,24,23,1
1539870,Adventure,1,1,0
385070,"Adventure,Indie,RPG",53,40,13
1602190,"Casual,Free to Play,Indie,Simulation",0,0,0
729390,"Action,Indie,Early Access",4,4,0
1362720,"Casual,Indie",1,1,0
490510,"Casual,Indie,Simulation,Sports,Strategy",11,10,1
1915220,"Free to Play,Indie,Massively Multiplayer,RPG,Simulation,Strategy,Early Access",0,0,0
1840060,"Adventure,Casual,Indie,Strategy",4,4,0
787750,"Action,Massively Multiplayer",0,0,0
1789060,"Casual,Indie",4,3,1
707400,"Action,Adventure,Indie,Early Access",10,9,1
1714020,"Action,Adventure,Indie",2,2,0
1564940,"Action,Adventure,Casual",8,8,0
1371810,"Action,Casual,Free to Play,Indie",0,0,0
1566920,Action,10,6,4
1675690,"Adventure,Casual,Indie,RPG,Strategy",2,1,1
1178200,"Action,Adventure,Indie,Massively Multiplayer,RPG",23,15,8
406040,Software Training,2,1,1
1790490,"Adventure,Casual,Indie",38,37,1
1611870,"Action,Indie,Racing",0,0,0
1585450,"Casual,Indie",0,0,0
567020,"Casual,Indie",5,2,3
938280,"Action,Adventure,Casual,Indie,Racing,Simulation",2,2,0
679830,"Casual,Indie,RPG,Simulation",15,14,1
321960,"RPG,Strategy",1925,983,942
348460,"Action,Indie",93,62,31
984510,Adventure,3,3,0
428250,"Adventure,Casual",11,5,6
893500,"Adventure,Indie,RPG",14,9,5
1234890,"Adventure,Indie",4,3,1
379660,Audio Production,0,0,0
1109700,"Action,Adventure,Indie",1,1,0
1724530,"Adventure,Casual,Indie,Simulation",0,0,0
372150,"Action,Adventure,Indie",2,2,0
523750,"Indie,Massively Multiplayer,RPG,Strategy",0,0,0
1988010,"Action,Adventure,Indie",22,19,3
852300,"Action,Indie",171,133,38
1118500,"Indie,Massively Multiplayer",0,0,0
389940,Strategy,5,5,0
1772490,Casual,17,16,1
1279020,Audio Production,6,6,0
1147950,"Adventure,Casual,Indie,RPG,Simulation,Strategy",0,0,0
1523510,"Action,Adventure,Casual,Indie,Early Access",41,35,6
1164910,"Adventure,Indie",5,5,0
1341300,"Casual,Indie,Simulation,Strategy,Early Access",55,45,10
372350,"Action,Adventure,Indie",96,86,10
1428160,"Adventure,RPG",2,1,1
761280,"Action,Adventure,Free to Play,Indie,RPG",0,0,0
701440,Indie,11,11,0
666080,"Indie,RPG",2,0,2
824770,"Adventure,Casual,Indie,Strategy",3,3,0
366910,"Indie,RPG,Simulation,Strategy",501,253,248
1129670,"Action,Adventure,Indie",0,0,0
430410,"Adventure,Indie",54,38,16
1898550,"Action,Adventure",0,0,0
856670,"Casual,Indie,Simulation,Strategy",2,2,0
412770,"Action,Indie,Strategy",259,208,51
782420,"Casual,Indie,Racing,RPG,Simulation,Sports",0,0,0
409560,"Action,Adventure,Indie,Simulation",15,10,5
1290000,"Casual,Indie,Simulation",18392,18128,264
1815400,Adventure,2,1,1
1200090,"Adventure,Indie,Strategy",1,1,0
911550,"Action,Indie,RPG",126,100,26
1256920,"Action,Adventure,Casual,Indie",26,24,2
793250,"Casual,Indie,Strategy",0,0,0
1577310,"Action,Adventure,Indie",2,2,0
739850,"Casual,Indie,Strategy",19,16,3
703360,"Action,Casual,Indie,Simulation",4,1,3
1553360,"Adventure,Indie,RPG",0,0,0
438180,"Action,Adventure,Casual,Indie",120,81,39
636020,Casual,2,1,1
1350170,"Action,Adventure,Indie,RPG",7,3,4
17740,"Action,Free to Play,Strategy",14,11,3
401330,"Action,Adventure,Casual,Indie",14,6,8
753630,"Casual,Simulation",0,0,0
1596030,"Action,Adventure,Indie,RPG",2,2,0
1736450,"Simulation,Strategy",0,0,0
701990,"Adventure,Casual,Indie",1,1,0
1378890,"Casual,Indie,Simulation,Strategy,Early Access",34,33,1
1734640,"Adventure,Indie,RPG",0,0,0
1217490,"Free to Play,Indie",0,0,0
1680300,"Casual,Indie,Strategy",4,2,2
1207020,"Action,Free to Play,Indie,Racing",0,0,0
579920,"Design & Illustration,Photo Editing,Web Publishing",40,34,6
1724050,"Casual,Indie,Strategy",197,190,7
1249750,Strategy,0,0,0
363220,"Action,Indie",7,7,0
1775150,"Action,Casual,Indie",0,0,0
1699450,"Casual,Indie",1,1,0
1588100,"Action,Casual,Indie",0,0,0
1117660,"Adventure,Indie",10,6,4
1484660,"Casual,Indie,RPG,Strategy,Early Access",2,2,0
738530,Action,655,367,288
655420,"Indie,Strategy",10,9,1
1411180,"Casual,Indie",0,0,0
534270,Casual,5,4,1
31920,Adventure,107,91,16
1009950,"Adventure,Free to Play,Indie",0,0,0
462570,"Casual,Simulation,Strategy",11,9,2
2022450,"Action,Casual,Indie,Racing,Simulation,Sports,Early Access",1,1,0
555310,"Adventure,Casual,Indie",23,19,4
834930,"Action,Adventure,Casual,Indie",3,3,0
1049910,"Indie,Simulation,Strategy",2,1,1
2052940,"Action,Adventure,Indie",0,0,0
1606800,"Strategy,Early Access",3,3,0
1821090,"Casual,Indie",9,9,0
1400650,"Casual,Indie,Strategy",1,0,1
586680,"Adventure,Casual",14,3,11
558740,"Indie,Simulation,Early Access",4,1,3
1374940,"Action,Casual,Indie,Racing",9,9,0
952130,"Action,Adventure,Indie,Early Access",5,5,0
1228490,Action,3,3,0
1193660,"Adventure,Casual",3,3,0
446070,"Action,Adventure,Indie",11,10,1
1231820,"Casual,Sports,Strategy",3,0,3
333100,"Adventure,Indie,Simulation,Early Access",16,6,10
790360,"Action,Adventure,Indie,RPG",37,34,3
1955820,Casual,4,4,0
1585580,"Adventure,Casual,Indie",2,1,1
388160,"Casual,Indie",12,2,10
1232230,Casual,3,3,0
1384170,"Indie,RPG",0,0,0
1169760,"Action,Indie",0,0,0
1346130,"Action,Adventure,Indie",4,1,3
661990,Action,88,74,14
1333380,"Action,Casual",0,0,0
1894570,"Action,Indie,RPG",0,0,0
778870,"Action,Indie,Racing",2,1,1
1422940,"Casual,Massively Multiplayer,Simulation,Sports,Early Access",36,31,5
1014890,"Indie,RPG,Strategy,Early Access",5,2,3
212010,"Action,Indie,Simulation,Strategy",455,311,144
282640,"Action,Adventure,Indie",20,19,1
238930,"Casual,Indie,Simulation,Strategy",260,155,105
598840,Action,8,8,0
1722420,Simulation,0,0,0
304670,"Casual,Indie,Strategy",208,156,52
542780,"Free to Play,Indie,Racing,Sports",1,1,0
815480,"Action,Casual,Indie",1,0,1
894270,"Violent,Action,Casual,Indie,Strategy",41,32,9
950810,"Adventure,Indie",5,3,2
1369400,"Free to Play,Indie,Simulation",0,0,0
1554320,"Indie,Simulation",2,1,1
629000,"Adventure,Indie",200,183,17
305880,"Adventure,Indie",3,3,0
507270,"Casual,Indie",2,1,1
431500,"Action,Free to Play,Indie",5,4,1
643590,Sports,56,21,35
659950,Casual,6,4,2
428460,"Casual,Indie,Strategy",58,51,7
1261670,Casual,15,12,3
1938830,"Casual,Early Access",1,1,0
1769380,"Action,Indie,Sports",2,0,2
1297810,"Casual,Indie,Simulation,Strategy,Early Access",0,0,0
1699500,"Action,Indie",4,4,0
500380,"Free to Play,Indie",0,0,0
328760,"Action,Adventure,Casual,Indie,RPG,Strategy",802,745,57
1394090,"Action,Indie",0,0,0
1733480,"Casual,Indie",7,5,2
830630,"Action,Adventure,Casual,Indie,RPG",19,12,7
701160,"Adventure,Indie,Simulation,Strategy",4542,4085,457
297210,"Casual,Free to Play,Indie,RPG,Strategy",8,6,2
1853790,"Action,Casual,Indie",0,0,0
1465590,"Casual,Indie",2,1,1
1342730,"Casual,Indie",4,4,0
386520,"Indie,RPG",139,119,20
1424640,"Adventure,Casual,Indie,RPG",1,1,0
1178680,"Casual,Indie",9,9,0
271360,"Simulation,Strategy",220,176,44
685770,Casual,6,4,2
1115640,"Adventure,Indie,RPG,Strategy",69,58,11
811500,"Action,Adventure,Casual,Indie,Early Access",0,0,0
1777010,Action,1,1,0
1059310,"Action,Indie,RPG",4,3,1
1944000,"Action,Adventure,Casual,Indie",18,18,0
403290,"Adventure,Casual,Indie",103,81,22
1909230,"Adventure,Casual,Free to Play,Indie,Simulation",0,0,0
342020,"Action,Adventure,Indie",21,12,9
994290,"Action,Adventure,Casual,Indie,RPG",0,0,0
1603930,"Action,Indie",2,1,1
1614380,"Adventure,Casual,Indie",15,12,3
1204360,"Action,Adventure,Casual,Indie,RPG,Simulation",0,0,0
1751710,"Adventure,Casual,Indie",15,13,2
2002380,Casual,2,1,1
813150,"Action,Adventure,Indie,RPG",8,4,4
873220,"Action,Indie,Simulation,Strategy",64,40,24
438650,Casual,13,7,6
1252040,"Casual,Free to Play,Racing",0,0,0
1064310,"Adventure,Indie",39,26,13
1606790,"Casual,Indie,Simulation",1,0,1
1825000,Casual,0,0,0
1043240,"Action,Indie",68,67,1
983520,"Action,Casual,Indie",2,2,0
1044770,"Action,Casual,Indie,Strategy",7,7,0
1632040,Strategy,2,1,1
914190,"Action,Adventure,Indie",3,3,0
872990,"Casual,Indie",6,5,1
1336150,"Adventure,Casual,Indie,RPG,Early Access",0,0,0
332730,"Action,Indie",5,0,5
355800,"Indie,Strategy",421,297,124
988340,"Action,Adventure,Simulation",10,3,7
1138290,"Adventure,Indie",1,1,0
310850,"Action,Adventure,Indie",85,28,57
317030,"Adventure,Casual",70,65,5
1460870,"Casual,Indie,Strategy",6,5,1
1020050,"Adventure,Indie",12,9,3
1669160,"Free to Play,Indie",0,0,0
352780,"Adventure,Indie",202,164,38
431030,Audio Production,1,0,1
622680,"Action,Adventure,Indie",33,27,6
1668670,"Action,Free to Play,Simulation,Sports",0,0,0
1376290,"Action,Adventure,Casual,Simulation",4,4,0
1385260,"Action,Adventure,Casual,Indie,RPG",15,15,0
1271380,"Action,Indie",31,30,1
1702330,"Adventure,RPG,Simulation",304,250,54
635310,"Action,Casual,Sports",87,73,14
1278690,Simulation,2,1,1
953690,"Indie,RPG",35,27,8
998850,"Casual,Indie,RPG,Strategy",17,13,4
401970,"Action,Adventure,Casual,Free to Play,Massively Multiplayer",1,1,0
806150,"Action,Casual,Indie",2,1,1
949150,"Action,Casual,Indie,Simulation,Strategy,Early Access",6,5,1
969970,"Action,Massively Multiplayer",16,7,9
575210,"Casual,Simulation",20,16,4
1288830,"Casual,Indie,RPG,Simulation",1,1,0
1527380,"Action,Adventure,Casual,Indie,RPG,Simulation",1,1,0
718940,"Casual,Free to Play,RPG",0,0,0
1418330,"Adventure,Casual,Indie",2,2,0
1241860,"Action,Adventure,Indie",1,1,0
1367300,"Action,Indie",374,322,52
1718070,"Action,Casual,Free to Play",0,0,0
979100,Simulation,0,0,0
731230,Action,20,12,8
1198820,Simulation,19,12,7
726580,"Casual,Indie,Simulation,Sports,Early Access",24,11,13
740410,Indie,35,27,8
516640,"Adventure,Casual,Indie,Early Access",3,2,1
1920010,"Action,Adventure,Indie",8,7,1
710950,"Casual,Indie,Simulation",35,30,5
838940,"Adventure,Indie",4,2,2
838010,"Action,Adventure,Indie",33,28,5
1000810,"Indie,Strategy",1,1,0
887280,"Action,Casual,Indie",0,0,0
600260,"Adventure,Indie,Simulation",0,0,0
1118470,"Action,Adventure,Indie,Strategy",0,0,0
733090,"Action,Casual,Indie",25,19,6
1584360,RPG,3,2,1
1371180,"Action,Adventure,Indie",0,0,0
1614890,"Action,Adventure,Indie,RPG",52,31,21
820030,Casual,73,48,25
1518440,"Action,Adventure,Casual,Free to Play,Massively Multiplayer,Early Access",0,0,0
945910,Indie,2,0,2
457790,"Action,Casual,Indie,Early Access",0,0,0
1064960,"Adventure,Indie,RPG,Strategy",0,0,0
1810350,"Action,Adventure",6,4,2
687730,"Casual,Simulation",0,0,0
1638330,Action,26,25,1
848550,"Adventure,Casual,Indie",6,5,1
758610,"Adventure,Casual",1,0,1
1554640,"Action,Adventure,Indie",34,34,0
619870,"Casual,Indie",52,48,4
806180,"Action,Indie",1,1,0
1096530,"Adventure,RPG,Strategy",8151,7269,882
1627660,"Free to Play,Indie",0,0,0
227560,"Action,Indie",109,69,40
418240,"Indie,Strategy",7385,7050,335
1844140,Adventure,9,8,1
345580,"Action,Indie,Simulation,Strategy",16,11,5
708950,"Indie,RPG,Strategy",30,29,1
1232260,"Action,Casual,Indie",3,3,0
461590,"Violent,Adventure",5,3,2
1639650,"Action,Adventure,Free to Play",0,0,0
1935080,"Casual,Indie",2,1,1
1598180,"Action,Adventure,Casual,Indie",0,0,0
722370,"Action,Casual,Indie,Sports",2,2,0
1359760,"Adventure,Casual,Indie,Simulation",22,19,3
1623850,"Action,Indie",0,0,0
1160420,Simulation,0,0,0
1046110,Indie,0,0,0
991740,"Action,Adventure,Indie,Massively Multiplayer,RPG,Simulation,Early Access",32,12,20
1614940,"Casual,Simulation,Strategy",4,4,0
234290,"Action,Adventure,Indie",84,47,37
955320,"Casual,Indie,RPG,Simulation",119,112,7
514660,"Action,Indie",35,24,11
280720,"Indie,Simulation,Strategy",371,276,95
1901740,"Action,Indie,Simulation,Early Access",0,0,0
1740490,"Casual,Strategy",0,0,0
795480,"Violent,Gore,Action,Adventure,Indie,Racing",0,0,0
404400,"Casual,Indie,Sports",10,8,2
1195710,"Adventure,Casual,RPG,Simulation,Strategy",6,6,0
745790,"Action,Indie",18,16,2
600430,"Casual,Strategy",6,5,1
364750,Indie,6,5,1
1214640,"Animation & Modeling,Design & Illustration,Education,Software Training,Utilities",0,0,0
1398750,"Action,Adventure,Casual,Indie",13,11,2
1123230,"Action,Indie",17,15,2
362830,"Casual,Simulation,Sports",25,9,16
330670,"Action,Indie",7,6,1
62100,Casual,452,429,23
970500,"Action,Adventure,RPG",19,11,8
847780,"Adventure,Indie,RPG,Early Access",13,13,0
525450,"Action,Indie",23,23,0
450170,"Adventure,Casual,Indie",86,61,25
1513550,"Simulation,Sports",2,1,1
1403020,"Indie,Simulation,Strategy",202,180,22
926420,Simulation,0,0,0
724590,Education,18,15,3
1061680,"Adventure,Casual,Indie",0,0,0
874250,"Adventure,Indie,RPG",1,1,0
1851850,"Action,Adventure,Indie,RPG,Strategy",0,0,0
541560,"Adventure,Indie,RPG,Strategy",8,4,4
724250,Simulation,83,60,23
1544530,"Action,Adventure,Indie,RPG",0,0,0
1090030,"Adventure,Indie,RPG",22,21,1
1612810,"Casual,Free to Play,Indie,Simulation",0,0,0
1225290,"Action,Free to Play,Indie",0,0,0
1281180,"Adventure,Casual,Indie,RPG,Simulation,Strategy",0,0,0
870190,"Casual,Indie,RPG",6,5,1
1442650,"Action,Adventure",13,11,2
329480,"Action,Adventure,Indie",2,0,2
575640,"Casual,Indie",1354,1225,129
1566580,"Adventure,Indie",5,4,1
1620970,"Action,Adventure,Indie",1,1,0
1203770,"Action,Indie",5,3,2
1012280,"Action,Free to Play,Indie",1,1,0
1071120,"Adventure,Casual,Free to Play,Indie",0,0,0
1977920,"RPG,Strategy,Early Access",0,0,0
872530,"Adventure,Indie",2,1,1
944200,"Action,Adventure,Indie",1,1,0
520520,"Casual,Indie,RPG,Simulation",7,2,5
1141150,Indie,4,3,1
1244950,"Action,Adventure",461,309,152
1311400,"Action,Adventure,Casual,Indie",1,1,0
611970,"Action,Indie,RPG,Early Access",2,0,2
1444020,"Indie,Simulation,Strategy",184,121,63
1212190,"Action,Adventure,Indie",22,20,2
1581720,"Action,Indie",12,12,0
858260,"Action,Adventure,Indie",1979,1877,102
1312050,"Action,Free to Play,Indie",0,0,0
757910,"Adventure,Casual,Free to Play,Indie",2,1,1
1683950,"Casual,RPG",34,27,7
409610,"Action,Indie",1,1,0
282030,"Action,Indie,Racing",163,139,24
257970,"Indie,RPG",306,254,52
900050,"Casual,Simulation",33,27,6
485950,"Indie,Strategy",69,19,50
856600,"Adventure,Casual,Indie",0,0,0
708120,"Animation & Modeling,Design & Illustration,Utilities,Early Access",7,2,5
1125490,"Action,Adventure,Indie,Simulation,Strategy",7,5,2
392080,"Indie,RPG,Simulation,Early Access",238,162,76
1095090,"Adventure,Indie",4,2,2
1325370,"Action,Adventure,Casual,Indie,Simulation,Strategy",2,1,1
339460,"Action,Adventure,Indie",22,18,4
929340,"Free to Play,Indie,RPG,Strategy",0,0,0
866440,"Adventure,Casual,Free to Play,Indie",0,0,0
1347010,"Casual,Indie",1,1,0
458420,"Adventure,Casual,Indie,RPG,Strategy",21,12,9
1718340,"Action,Adventure,Indie",1,1,0
1682490,"Adventure,Free to Play,Indie",0,0,0
833510,"Adventure,Indie,Strategy",1,0,1
611980,"Casual,Indie",173,156,17
270610,"Action,Adventure,Indie,RPG",69,63,6
1965130,"Casual,Indie,Strategy",5,3,2
1051570,"Sports,Early Access",35,19,16
1724860,"Casual,Free to Play,Massively Multiplayer,Simulation,Strategy",0,0,0
1233880,"RPG,Strategy",270,250,20
1175040,"Action,Indie",0,0,0
1632910,"Casual,Indie,Design & Illustration,Education,Photo Editing,Early Access",10,9,1
1735860,"Action,Adventure,Indie",4,1,3
1492640,"Action,Casual,Indie",3,2,1
1175540,"Action,Indie,Massively Multiplayer",0,0,0
1472560,"Adventure,Simulation",388,290,98
1482840,"Action,Adventure,Casual,Free to Play,Indie,RPG",0,0,0
1511620,"Casual,Indie",1,1,0
1820930,"Adventure,Casual",1,0,1
1774910,"Adventure,Casual,Indie,Simulation,Strategy",0,0,0
990410,"Action,Adventure,Indie,RPG,Early Access",0,0,0
1525540,"Action,Adventure,Indie,RPG,Early Access",1,1,0
1097150,"Action,Casual,Indie,Massively Multiplayer,Sports",146249,122530,23719
1302310,Indie,0,0,0
1961210,"Action,Casual,Indie,Strategy",1,0,1
1740140,"Action,Massively Multiplayer,RPG",2,0,2
116100,"Indie,Racing",102,63,39
1132710,"Adventure,Casual",32,29,3
924780,"Adventure,Casual,Indie",14,14,0
1014040,"Casual,Indie",58,46,12
1500660,Simulation,2,1,1
939960,"Action,Adventure",10008,7696,2312
655940,"Action,Adventure,Indie,Strategy",5,3,2
1648050,"Action,Casual,Free to Play",0,0,0
1633000,"Action,Adventure,Casual,Indie,Simulation,Strategy",5,4,1
1891560,"Casual,Indie,RPG,Early Access",4,3,1
1473740,"Adventure,RPG,Simulation",13,8,5
1070890,"Action,Indie,Strategy",5,4,1
837500,"Action,Indie,Early Access",0,0,0
334560,"Action,Indie",49,39,10
402260,"Adventure,Indie",359,292,67
636040,"Adventure,Free to Play,Indie,Massively Multiplayer",0,0,0
1853270,"Action,Casual,Indie,Simulation,Strategy",4,2,2
2014610,"Action,Casual,Indie,Racing,Sports",0,0,0
1197500,"Casual,Indie,Early Access",1,1,0
387290,Action,23014,21847,1167
873560,"Action,Casual,Indie",27,26,1
1070150,"Action,Indie,Early Access",68,64,4
1523220,"Adventure,Indie",1,1,0
679660,"Casual,Indie",69,61,8
382480,"Action,Adventure,Indie,RPG,Early Access",44,31,13
1522350,"Action,Casual,Indie,Racing",0,0,0
805770,"Adventure,Casual,Indie,RPG,Strategy,Early Access",0,0,0
1688200,"Action,Casual,Indie",9,6,3
820070,"Indie,RPG,Early Access",5,4,1
1963600,Adventure,0,0,0
1767760,"Action,Casual",1,1,0
1235910,"Indie,RPG",23,15,8
1894760,Casual,12,11,1
532920,Indie,85,55,30
722330,"Casual,Indie,Simulation",17,16,1
1949380,"Casual,Indie,RPG,Strategy",4,2,2
1812440,"Action,Casual,Indie",0,0,0
1118070,"Action,Indie,Simulation",63,57,6
41700,"Action,RPG",6912,6591,321
950260,"Action,Adventure,Indie",0,0,0
1180610,"Casual,Indie",13,13,0
1827960,"Action,RPG",3,1,2
1152810,"Casual,Indie",15,14,1
1058220,"Casual,Strategy",8,7,1
818950,"Casual,Indie,Strategy",8,7,1
638160,"Adventure,RPG",146,97,49
207320,"Action,Adventure,RPG",926,863,63
1341310,Action,2,2,0
468110,"Action,Casual,Indie",11,11,0
611750,"Action,Adventure,Casual,Indie",122,63,59
246420,Strategy,3108,2987,121
840710,"Action,Casual,Simulation",11,7,4
367020,"Adventure,Indie,Simulation",122,103,19
960330,"Action,Casual,Free to Play,Strategy",0,0,0
1454150,"Adventure,Indie,Massively Multiplayer,Strategy",1,1,0
312840,"Adventure,RPG",1370,1030,340
1594220,Casual,5,4,1
236130,"Indie,Strategy",238,140,98
1087610,"Action,Indie,RPG,Early Access",0,0,0
777790,"Action,Adventure,Indie,Strategy",71,64,7
863270,"Action,Adventure",1,1,0
267920,Action,197,162,35
1779840,"Adventure,Indie,RPG",0,0,0
570540,Adventure,8,5,3
441280,"Action,Adventure,Indie",179,160,19
357890,"Action,Casual,Indie",32,25,7
1599250,"Action,Adventure,Casual,Indie,RPG,Simulation",130,114,16
306620,Strategy,15,9,6
1169230,"Casual,Indie,RPG",1,1,0
588710,"Adventure,Indie",15,8,7
1961480,"Action,Adventure,Casual,Indie,Simulation",1,0,1
405970,"Action,Adventure,Indie",28,20,8
1869510,"Indie,Strategy",5,4,1
1112240,"Action,Casual",24,15,9
1744510,"Action,Casual",0,0,0
540870,"Action,Indie",21,14,7
1298220,Indie,0,0,0
1800900,"Indie,Simulation,Sports",8,8,0
514170,Simulation,26,17,9
606520,"Adventure,Casual",20,19,1
351410,"Action,Free to Play,Indie",1,1,0
1960010,"Adventure,Indie",0,0,0
1577700,"Action,Adventure,Casual,Free to Play,Indie,Massively Multiplayer,Racing,RPG,Simulation,Sports,Strategy",0,0,0
672910,"Action,Casual,Indie",3,2,1
359840,"Action,Indie",341,286,55
1295700,"Action,Indie,Early Access",1,1,0
456540,"Action,Simulation",112,79,33
1323220,"Action,Casual,Simulation,Sports",5,5,0
710700,Casual,40,27,13
1824590,"Casual,Indie",0,0,0
1598090,Indie,5,1,4
582440,"Gore,Indie",1,0,1
1689570,"Action,Casual,Indie",0,0,0
1220680,Simulation,0,0,0
263760,"Action,Indie,Simulation",3688,3433,255
1007930,"Casual,Indie",1,1,0
1823590,"Action,Adventure,Casual,Free to Play,Indie,Early Access",0,0,0
1175980,"Indie,Simulation,Strategy",1,1,0
551730,Action,474,379,95
1448300,Simulation,0,0,0
1352300,"Casual,Indie,Strategy",1,1,0
1591300,"Adventure,Indie",0,0,0
1395030,"Adventure,Indie",189,177,12
1134370,"Action,Indie",1,1,0
794530,"Action,Indie,RPG",0,0,0
1174090,"Adventure,Casual,Indie,RPG,Simulation",50,46,4
1828140,"Action,Adventure,Indie,RPG,Strategy",0,0,0
11590,Simulation,172,72,100
910320,"Casual,Free to Play,RPG,Simulation,Strategy",0,0,0
919260,"Indie,Simulation,Strategy,Early Access",153,128,25
272330,"Action,Indie",76,66,10
1615020,"Adventure,Indie",0,0,0
505750,"Casual,Free to Play,Indie,Simulation,Strategy",22,19,3
882390,"Action,Adventure,Indie",5,5,0
1033240,"Adventure,Indie",5,3,2
287140,"Adventure,Casual,Indie,Massively Multiplayer,Simulation",64,44,20
37320,Casual,6,2,4
771400,"Action,Indie,Simulation,Strategy",6,0,6
364210,"Adventure,Casual,Indie,Strategy",25,23,2
1536180,"Action,Casual,Indie,RPG,Simulation",1,0,1
964180,"Casual,Indie",0,0,0
1988430,"Casual,Indie",12,11,1
938260,Adventure,3,3,0
862770,"Action,Indie",17,13,4
774891,"Action,Indie",5,4,1
1898950,"Action,Adventure,RPG",3,2,1
818800,Adventure,10,8,2
508390,"Action,Adventure,Indie",9,8,1
587110,"Action,RPG",324,301,23
1572460,"Casual,Indie,Strategy",0,0,0
21400,"Strategy,Action,Indie",4,2,2
1553810,"Action,Casual,Indie,Racing,Simulation",0,0,0
868580,"Adventure,Indie",41,31,10
1096960,Adventure,2,1,1
553950,"Action,Indie",19,18,1
1345040,"Casual,Indie",19,18,1
590250,"Action,Adventure,Indie,Simulation",12,4,8
1393080,"Adventure,Casual",5,3,2
554700,"Adventure,Indie",8,7,1
1187790,"Action,Indie,Simulation,Sports",10,7,3
1415590,"Action,Casual,Indie,RPG,Early Access",0,0,0
560200,"Casual,Indie",5,3,2
870870,"Action,Free to Play,Indie",0,0,0
357320,"Action,Massively Multiplayer,Strategy,Early Access",31,17,14
1560540,"Casual,Free to Play,RPG,Simulation",0,0,0
881690,"Action,Indie",278,208,70
527310,"Casual,Simulation",13,10,3
509340,"Adventure,Indie",3,3,0
360720,"Casual,Indie,Strategy",3,2,1
8170,"Action,Strategy",1146,757,389
346250,"Adventure,Casual,Free to Play,Indie",22,16,6
1314980,"Action,Casual,Indie",13,13,0
1857570,"Action,Indie",1,1,0
1337890,"Adventure,Casual,Indie,RPG,Simulation",96,79,17
442080,"Adventure,Free to Play,Massively Multiplayer,RPG",423,298,125
1718900,"Action,Adventure,Casual,Simulation",5,1,4
537590,"Simulation,Early Access",0,0,0
307640,RPG,593,514,79
1313050,"Casual,Indie",25,18,7
1465340,Indie,2,0,2
447800,Adventure,87,70,17
1028250,"Action,Indie,RPG",2,2,0
1335810,Casual,23,20,3
1073820,"Adventure,Indie",152,139,13
893060,"Adventure,Casual,Indie,Simulation,Strategy",8,2,6
494790,Indie,1,1,0
1871290,"Casual,Indie,Sports",13,9,4
1965650,"Adventure,Casual,Indie",0,0,0
687510,"Action,Casual,Indie",8,6,2
651470,"Casual,Free to Play,Strategy",2,2,0
770520,"Action,Casual,Indie",0,0,0
893050,"Casual,Strategy",211,169,42
908750,Action,3,3,0
1680270,"Action,Indie,Simulation",6,3,3
543160,"Adventure,Casual,Indie",8,3,5
1272690,"Action,Adventure,Casual,Indie,Racing,Simulation,Sports",8,7,1
1526780,"Adventure,Casual,Indie",1,1,0
1691790,"Action,Adventure,Casual,Indie,RPG,Strategy",1,0,1
1488650,"Action,Adventure,Indie",16,15,1
1161140,"Adventure,Casual,Indie",1,1,0
1210320,"Indie,Simulation,Early Access",5266,4929,337
1028590,"Simulation,Early Access",25,19,6
1341450,"Adventure,Casual,Indie,Simulation,Strategy",24,21,3
799340,"Action,Indie",0,0,0
1055760,"Indie,RPG,Simulation",0,0,0
534680,"Action,Casual,Indie,Sports",21,20,1
584990,"Violent,Gore,Action,Adventure,Indie",147,124,23
942390,"Action,Adventure,Indie,Strategy",12,12,0
787480,Adventure,4727,4640,87
1946430,"Adventure,Indie,RPG",38,37,1
1763110,"Casual,Indie",0,0,0
1129410,"Action,Casual,Indie,Racing",0,0,0
1221890,"Adventure,Indie,RPG,Simulation",0,0,0
1681350,"Adventure,Casual,Indie,RPG,Simulation,Strategy",0,0,0
989710,"Adventure,Indie",2,1,1
671750,Indie,1,1,0
335010,Indie,27,20,7
448990,"Indie,RPG",2,1,1
2070930,"Casual,Indie",0,0,0
1094410,"Action,Indie",0,0,0
1653980,"Action,Adventure,Casual,Indie,Massively Multiplayer,Early Access",12,6,6
1032430,"Action,Early Access",2163,1735,428
1586090,Simulation,2,1,1
1942580,"Casual,Indie,RPG",2,2,0
623340,"Action,Adventure,Indie,Massively Multiplayer,Simulation,Early Access",491,327,164
1609170,"Action,Indie",1,1,0
1363430,Action,34,29,5
1306750,"Adventure,Casual,Indie,RPG",0,0,0
326990,"Action,Indie",15,11,4
1785930,"Action,Adventure",3,1,2
816990,"Action,Adventure,Indie",9,5,4
798790,"Casual,Indie,Strategy",9,8,1
339560,"Casual,Indie,Early Access",0,0,0
1437750,"Strategy,Early Access",23,22,1
395600,"Indie,Simulation,Strategy",52,38,14
311680,"Adventure,Casual,Simulation",43,29,14
873280,"Casual,Indie",1,1,0
660400,"Action,Adventure,Indie",0,0,0
1064840,"Action,Adventure,Indie",44,31,13
21300,"Indie,Casual",24,21,3
1127900,"Adventure,Casual,Indie",18,14,4
833090,"Action,Early Access",579,491,88
1773830,"Action,Adventure,Casual,Indie,RPG,Simulation",8,4,4
1729920,"Action,Adventure,Indie,Early Access",4,0,4
1170170,"Action,Indie",2,2,0
731920,"Indie,Simulation,Strategy",127,60,67
868200,"Indie,Simulation",0,0,0
577730,"Casual,Indie,Simulation,Strategy",113,84,29
338980,"Casual,Simulation,Strategy",81,64,17
1673670,"Casual,Free to Play,Indie,Strategy",0,0,0
1755670,"Adventure,Indie",4,4,0
38190,Casual,4,2,2
1830260,"Adventure,Casual",0,0,0
873610,"Action,Casual,Indie",46,38,8
539650,"Action,Free to Play,Massively Multiplayer",32,22,10
1029570,"Casual,Indie,Simulation,Sports,Early Access",59,49,10
348400,"Indie,Strategy",69,42,27
547730,Action,3,1,2
1386190,"Action,Indie",2,2,0
410120,Adventure,17,11,6
635940,"Adventure,Casual,Simulation",368,362,6
761640,"Action,Adventure,Casual,Indie",9,1,8
1133980,"Adventure,Casual,Indie",1,1,0
1254930,"Action,Casual,Indie",4,3,1
836560,"Adventure,Casual,Indie,Strategy",7,6,1
1901580,"Casual,Indie,Simulation,Early Access",1,0,1
265730,"Action,Adventure,Casual,Indie,RPG",3,2,1
1202510,Adventure,0,0,0
1888440,"Adventure,Indie",0,0,0
1275490,"Action,Indie,Strategy",2,2,0
1405810,"Adventure,Casual,Free to Play,Indie,Simulation,Strategy",0,0,0
656490,"Indie,Simulation,Strategy",25,16,9
1356040,"Action,Adventure,RPG",11,10,1
492080,"Adventure,Indie",24,17,7
825970,"Action,Indie",10,5,5
537200,"Casual,Indie,Strategy",2,1,1
292260,"Adventure,Casual",68,65,3
1062640,"Casual,Indie",1,0,1
1090680,"Action,Indie",6,6,0
1504630,"Adventure,Casual,Free to Play,Indie,Simulation",0,0,0
202730,"Action,Adventure,Indie",82,72,10
1205620,"Indie,RPG,Strategy",9,5,4
1367460,"Adventure,Indie",0,0,0
1563490,"Casual,Free to Play,Indie",0,0,0
689070,"Adventure,Indie,RPG",1,1,0
1038370,"Indie,RPG,Strategy",1380,1238,142
1079560,"Action,Indie",8,7,1
548080,"Action,Casual,Indie,Massively Multiplayer,RPG,Simulation",16,10,6
885630,"Action,Adventure,Indie",10,7,3
394290,"Action,Casual,Indie,Sports",21,20,1
235600,"Action,Adventure",6231,4906,1325
852530,"Action,Indie,Sports",1,1,0
1063890,"Action,Adventure,Indie,Simulation",45,33,12
1379870,"Action,Casual,Indie,Early Access",347,340,7
1109740,"Casual,Indie",11,3,8
1757360,"Adventure,Free to Play,Strategy",0,0,0
311010,"Action,Adventure,Indie",374,297,77
1081650,"Indie,Racing",80,70,10
496000,"Action,Adventure,Casual,Indie,Simulation",4,3,1
1080120,"Adventure,Indie,RPG",0,0,0
1709570,"Action,Adventure,Casual,Indie",0,0,0
1167850,Indie,15,14,1
833810,"Racing,Sports",6,2,4
508680,"Indie,Simulation,Early Access",2,1,1
1786810,"Action,Adventure,Indie,Simulation",1,0,1
1507910,"Adventure,Simulation",0,0,0
1473850,"Action,Indie,Strategy",1,0,1
48150,Casual,8,7,1
1102490,Indie,1,0,1
1023180,"Action,Adventure,Indie,Racing,Early Access",0,0,0
556720,Racing,0,0,0
33990,Adventure,117,54,63
385590,"Indie,RPG",73,61,12
1325200,"Action,RPG",6712,6162,550
1021890,"Action,Casual,Indie,Simulation,Early Access",4,1,3
1692070,"Action,Adventure,Casual,Free to Play,Massively Multiplayer",0,0,0
1899170,Casual,2,2,0
704210,"Action,Adventure,Racing,RPG",169,76,93
922040,"Action,Indie",29,23,6
699740,"Action,Free to Play,Indie,Massively Multiplayer,Strategy",92,51,41
2012620,"Casual,Indie",38,34,4
654300,"Adventure,Casual,Indie,RPG,Strategy",33,13,20
1392390,"Action,Adventure,Indie",6,3,3
1020420,"Free to Play,Indie",0,0,0
1370660,"Action,Casual,Indie",5,2,3
941980,"Action,Adventure,Casual,Indie,RPG,Strategy",0,0,0
981910,"Action,Casual",12,6,6
1124550,"Indie,Racing,Early Access",1,1,0
433300,"Action,Adventure,RPG",375,213,162
553210,"Action,RPG,Strategy",331,235,96
890500,"Casual,Indie,Simulation",31,21,10
952850,"Casual,Indie,RPG,Simulation,Strategy",0,0,0
931560,Adventure,53,49,4
1275410,"Action,Casual,Indie",0,0,0
1177490,"Action,Strategy",0,0,0
1830850,"Casual,Indie",1,1,0
1782520,"Action,Casual",0,0,0
1117560,Simulation,0,0,0
1385570,RPG,2,2,0
1565060,"Action,Early Access",9,8,1
500870,"Casual,Indie",77,49,28
298850,"Adventure,Casual,Indie,RPG",19,13,6
347940,"Action,Adventure,Casual,Indie,RPG,Early Access",245,134,111
1738610,"Adventure,Casual,Indie",144,97,47
940640,"Action,Casual,Indie",2,2,0
677710,"Adventure,Casual,Indie",5,4,1
1599690,Casual,20,19,1
466740,"Action,Adventure,Indie",177,130,47
502730,"Action,Adventure,Casual,Indie,Simulation",0,0,0
671200,"Adventure,Indie,Strategy",2,1,1
1819340,"Action,Adventure",3,3,0
1821520,"Action,Adventure,Casual,Free to Play,Indie,RPG",0,0,0
422920,"Indie,Simulation,Strategy",211,192,19
476920,"Adventure,Casual,Indie",69,32,37
390620,"Adventure,Casual,Indie",2,2,0
1630,Strategy,327,266,61
1399090,"Casual,Indie,Simulation",7,1,6
655490,"Action,Adventure,Indie",3,3,0
1542930,"Adventure,Indie",2,2,0
1571070,"Adventure,Casual,Indie",22,19,3
979590,"Adventure,Casual,Indie",0,0,0
1768660,"Action,Indie",0,0,0
1205900,"Adventure,Indie",136,122,14
984580,"Action,Indie",0,0,0
1024670,"Action,Indie",15,12,3
1748980,"Adventure,RPG",3,1,2
356450,"Casual,Indie",87,64,23
777730,"Action,Indie",0,0,0
1067200,"Action,Adventure,RPG",0,0,0
827780,"Casual,Indie",2,0,2
1710290,"Casual,Indie,Strategy",24,22,2
1601790,"Action,Casual,Indie",0,0,0
776180,"Design & Illustration,Utilities,Game Development",17,14,3
1520710,"Adventure,RPG",11,7,4
1324710,"Action,Casual,Indie",2,2,0
856980,Indie,9,4,5
1014420,"Casual,Indie,Simulation",13,12,1
386280,"Action,Indie,RPG",108,50,58
780670,"Action,Adventure,Casual,Indie,RPG,Strategy",32,27,5
1452630,"Free to Play,Strategy",0,0,0
1491090,"Casual,Indie,Racing,Sports",13,12,1
1928510,"Casual,Free to Play,Indie,RPG,Strategy",0,0,0
1627180,"Action,Adventure",1,0,1
1751310,"Adventure,Indie,RPG",0,0,0
625980,"Adventure,Strategy",120,111,9
969340,"Action,Adventure,Indie,RPG,Early Access",4,4,0
1257290,RPG,375,347,28
1340850,"Adventure,Indie,RPG,Strategy",1,0,1
1559660,"Action,Indie",8,6,2
1135900,Indie,10,5,5
515000,"Adventure,Casual,Indie,RPG",13,11,2
411370,Action,1268,1196,72
1289810,"Indie,RPG",913,864,49
628120,Strategy,1,0,1
1823400,"Action,Adventure,Casual,Indie,RPG,Strategy",0,0,0
882680,"Action,Casual,Indie,Early Access",14,12,2
365160,"Adventure,Indie",1130,935,195
772670,"Adventure,Casual,Indie,Strategy",9,5,4
1756930,"Casual,Indie,Strategy",3,1,2
611060,"Action,Adventure,Indie,Simulation",13,9,4
1062200,"Action,Indie,RPG,Simulation,Strategy",1,0,1
480430,"Action,Free to Play",263,209,54
422250,"Action,Adventure,Casual,Indie",46,20,26
814990,"Indie,Strategy",4,3,1
1239120,"Indie,Early Access",1,1,0
878470,"Casual,Indie,Racing",3,1,2
42220,Adventure,131,116,15
1983290,"Action,Indie",0,0,0
750990,"Action,Casual,Indie,Simulation",32,30,2
799910,"Action,Indie,Early Access",9,6,3
1050900,"Action,Adventure,Casual,Indie,Strategy",0,0,0
833070,"Action,Adventure,Casual,Early Access",6,5,1
771010,"Casual,Indie,Simulation,Strategy",40,35,5
1926890,"Action,Racing,Simulation",0,0,0
550170,"Action,Indie,RPG",18,18,0
1299260,"Casual,Indie,RPG,Simulation",0,0,0
288120,"Adventure,Indie,RPG,Strategy",713,646,67
1107820,"Action,Adventure,Casual,Indie",12,11,1
321150,"Adventure,Casual,Indie",83,46,37
207400,Action,264,249,15
555630,"Adventure,Casual,Indie,RPG",37,34,3
311860,"Adventure,Indie,RPG,Simulation",42,28,14
1352470,"Action,Adventure,Indie",1,0,1
1244520,"Action,Indie,Sports",7,6,1
1491050,"Action,Indie,Early Access",4,3,1
1645640,Indie,11,11,0
305260,"Free to Play,Simulation,Strategy",15,9,6
1224020,"Adventure,Indie",326,267,59
1586240,"Adventure,Simulation,Sports",4,2,2
371190,"Simulation,Strategy",103,88,15
750440,"Indie,Strategy",5,3,2
717190,"Action,Adventure,Casual,Indie,RPG",0,0,0
310470,"Simulation,Strategy",762,331,431
1081880,"Adventure,Casual,Indie,RPG,Strategy",0,0,0
925640,"Adventure,Casual,Indie,Early Access",0,0,0
875340,"Action,Indie",0,0,0
711530,Casual,6,4,2
859580,"Simulation,Strategy",10068,5966,4102
584860,"Casual,Indie,RPG,Simulation",3,3,0
1329850,"Adventure,Indie",5,1,4
1326000,Simulation,84,78,6
354560,"Indie,Strategy",13,7,6
1939940,"Casual,Strategy,Early Access",23,18,5
838720,"Adventure,Casual",3,3,0
349680,"Action,Indie",86,81,5
912560,"Action,Adventure,Free to Play,Indie",0,0,0
645630,"Racing,Simulation",19233,17241,1992
684350,"Action,Casual,Indie,Strategy",4,4,0
895220,"Adventure,Casual,Indie,RPG",8,6,2
751500,"Indie,Simulation,Strategy",129,86,43
1540360,"Simulation,Strategy",6,4,2
216130,"Indie,Strategy",96,26,70
782180,"Adventure,Casual,Indie,RPG",1,1,0
1755910,"Action,Free to Play",30,16,14
724950,"Action,Indie,Early Access",0,0,0
1313530,Indie,40,30,10
1437280,"Action,Adventure,Casual,Indie,Early Access",22,16,6
1671440,"Action,Adventure,Indie",1,0,1
684470,"Action,Casual,Indie",1,1,0
1493970,Indie,64,56,8
1671400,"Action,Casual,Indie",1,1,0
435010,"Action,Casual,Strategy",10,8,2
1816880,"Action,Adventure,Free to Play,Indie",0,0,0
1114630,"Casual,Indie,Sports",4,3,1
813170,"Violent,Adventure,Casual,Indie,Strategy,Early Access",17,7,10
216330,"Action,Adventure",1,0,1
1207310,"Casual,Indie,Strategy",17,16,1
1988020,"Action,Strategy,Early Access",0,0,0
669600,Adventure,1,1,0
2069720,Action,0,0,0
70100,Simulation,239,160,79
1325340,Strategy,2,0,2
1594440,"Casual,Indie",1,1,0
412740,Indie,2118,1686,432
1993510,"Adventure,Casual,Indie",2,2,0
729530,Simulation,77,58,19
744590,"Casual,Indie",12,6,6
1281080,"Casual,Indie,Simulation,Strategy",0,0,0
949070,"Casual,Indie,Strategy,Early Access",6,5,1
920580,"Action,Casual,Indie",0,0,0
994650,"Action,Casual,Indie",1,1,0
1450830,"Action,Indie,RPG,Strategy",1025,964,61
1835460,"Action,Casual",1,1,0
911420,Simulation,5,4,1
936960,"Adventure,Indie,RPG,Simulation",164,109,55
1944050,"Action,Casual,Indie,Early Access",2,2,0
42230,Adventure,87,55,32
1818770,"Action,Indie",4,4,0
1956820,"Casual,Indie,Early Access",0,0,0
1105620,"Action,Casual,Indie",112,96,16
893370,"Adventure,RPG,Early Access",0,0,0
1081490,"Action,Adventure,Indie",0,0,0
1348600,"Casual,Strategy",3,2,1
1288430,"Action,Indie,Massively Multiplayer,Early Access",46,34,12
1430030,"Adventure,Casual",12,8,4
947260,"Casual,Racing,Simulation",2,2,0
259780,"Action,Casual,Indie",332,290,42
912500,"Adventure,Indie",3,3,0
1133580,"Action,Indie,Early Access",75,67,8
1104230,"Adventure,Indie",2,1,1
46730,RPG,38,9,29
1903100,"Action,Adventure,Indie",5,5,0
1459170,"Action,Strategy,Early Access",0,0,0
1589420,"Casual,Indie",0,0,0
1060000,"Adventure,Indie",4,4,0
1768590,"Adventure,Strategy",0,0,0
323580,"Action,Adventure,Indie",927,732,195
1929460,"Simulation,Strategy",2,2,0
1140880,"Casual,Indie,Simulation",16,13,3
712260,"Adventure,Indie",16,13,3
1112250,"Action,Indie,Early Access",0,0,0
1745510,"Indie,RPG,Early Access",442,423,19
1212600,"Action,Casual,Indie,RPG,Simulation",6,1,5
1588130,"Action,Adventure,Casual,Indie",5,4,1
462400,"Casual,Indie,Early Access",2,1,1
374080,Simulation,5,4,1
1876070,"Massively Multiplayer,Strategy,Early Access",0,0,0
1950770,"Adventure,Casual,Indie",9,9,0
923890,"Casual,Indie,Simulation,Strategy",43,24,19
933380,"Adventure,Free to Play,Sports",0,0,0
656700,"Action,Indie",203,131,72
463270,"Action,Adventure,Indie",707,625,82
1624960,Casual,1,1,0
699780,"Adventure,Casual",54,49,5
345440,"Action,Adventure,Indie",63,15,48
486150,Action,20,6,14
805610,Action,9,7,2
1054050,RPG,9,7,2
865270,Indie,103,96,7
578360,"Adventure,Casual",6,4,2
332150,"Action,Indie,Early Access",2,0,2
1653250,"Action,Indie",1,1,0
987230,"Action,Adventure,RPG",300,224,76
1424870,"Adventure,Casual,Indie",2,2,0
205100,"Action,Adventure",30354,29503,851
769560,"Adventure,Indie,Strategy",23,20,3
1284950,"Adventure,Casual,Indie",64,60,4
986320,"Casual,Indie,Simulation",0,0,0
587710,"Action,Indie,Early Access",1,1,0
1773690,Strategy,0,0,0
565190,Action,15,15,0
791700,"Action,Adventure,Indie",36,29,7
489170,"Indie,Strategy",45,29,16
1363160,"Casual,Indie",0,0,0
600580,Casual,1,1,0
514770,Casual,3,3,0
699390,"Action,Indie,Early Access",22,18,4
353190,"Action,Adventure",101,66,35
684490,"Action,Adventure,Indie",0,0,0
793690,Strategy,263,243,20
491710,"Action,Casual,Indie,Simulation",9,1,8
1210700,"Action,Adventure,Indie",14,12,2
1550600,"Adventure,Casual,Indie,Simulation",53,41,12
1349420,"Casual,Indie",0,0,0
33620,"Action,Racing",165,138,27
1873180,"Adventure,Casual",0,0,0
692200,"Casual,Indie",32,23,9
65400,"Indie,Strategy",105,92,13
732680,"Casual,Indie",1,0,1
1708210,"Casual,Indie",1,1,0
1009510,Action,0,0,0
1990370,"Casual,Free to Play",0,0,0
790260,"Action,Adventure,RPG",8,7,1
1170320,"Casual,Indie",23,21,2
628070,Strategy,136,113,23
569150,"Adventure,Casual",4,4,0
731880,"Action,Indie,RPG",50,25,25
1660240,"Action,Adventure,Indie,Simulation",2,1,1
1234730,"Utilities,Video Production,Early Access",35,34,1
657930,"Action,Indie",27,26,1
1538260,"Action,Casual,Free to Play",0,0,0
1169880,"Casual,Indie,RPG,Simulation",4,4,0
409890,RPG,239,166,73
725320,"Casual,Indie,Simulation,Sports",1,0,1
1388760,"Casual,Strategy,Early Access",2,2,0
1599760,"Free to Play,RPG,Strategy",0,0,0
1859520,"Casual,Indie,Simulation",29,19,10
334940,"Adventure,Indie",1169,1136,33
674180,Indie,3,2,1
1565990,"Action,Indie",0,0,0
829370,"Action,Adventure,Casual,Indie,Strategy",8,6,2
1635350,"Action,Simulation,Strategy",116,65,51
1037850,"Action,Casual,Indie",1,1,0
1183940,"Action,Free to Play,Strategy,Early Access",0,0,0
1520510,"Action,Indie",2,1,1
1883680,Simulation,4,4,0
1335630,"Action,Indie,Early Access",2,2,0
978690,"Animation & Modeling,Design & Illustration",24,22,2
1170330,"Casual,Indie,Simulation",14,12,2
1210850,"Indie,Sports",1,0,1
442290,Indie,34,22,12
451540,"Action,Indie",2,2,0
589680,"Action,Adventure,Casual,Indie",3,3,0
1248370,"Racing,RPG,Sports,Strategy",1,1,0
796030,"Action,Adventure,Indie,Strategy",6,3,3
55100,Action,1579,953,626
1203050,"Action,Casual,Indie,Simulation,Strategy",3,3,0
1248140,"Action,Indie",13,12,1
704200,"Adventure,Indie,RPG",20,19,1
1072530,Indie,0,0,0
718210,"Casual,RPG,Simulation,Strategy",7,6,1
1461710,"Action,Adventure,Casual,Indie",2,2,0
1049880,"Casual,Free to Play,Simulation",0,0,0
1029040,"Action,Adventure,Indie",10,8,2
1926440,"Action,Casual,Indie",13,12,1
1028610,"Adventure,Casual,Indie",1,0,1
1531800,"Action,Adventure,Casual,Indie,Racing,RPG,Simulation",7,4,3
1082500,"Adventure,Casual",6,4,2
1257720,"Action,Indie,Strategy",2,0,2
1459650,"Casual,Indie",0,0,0
1191700,"Adventure,Indie,RPG",0,0,0
1808920,"Adventure,Casual,Indie,Strategy",0,0,0
1167190,"Action,Adventure,Casual,Indie",0,0,0
1797260,"Action,Adventure,Indie",0,0,0
1680770,"Action,Adventure,Casual,Indie,Simulation",1,0,1
492850,"Casual,Indie,Strategy",10,7,3
1207880,"Adventure,RPG",39,31,8
805800,"Casual,Indie",0,0,0
913910,"Adventure,Casual,Indie,RPG,Simulation,Strategy",2,0,2
1353160,"Action,Indie",0,0,0
1648160,"Action,Adventure,Indie,RPG",1,1,0
1251210,"Adventure,Casual,Indie,RPG,Strategy",65,37,28
857080,"Adventure,Casual,Indie",66,58,8
1708570,"Adventure,Indie,RPG,Strategy,Early Access",1,1,0
885950,"Action,Casual,Indie,Massively Multiplayer,Simulation",69,67,2
1792070,"Adventure,Indie,RPG",0,0,0
1767150,Casual,1,1,0
1566830,"Casual,Indie,Strategy,Early Access",5,2,3
1523130,"Action,Adventure,Indie,RPG",0,0,0
879390,"Action,Casual,Indie,Strategy",0,0,0
426240,"Action,Adventure,Indie,Early Access",11,10,1
1306630,"Action,Adventure,Indie",718,640,78
1965050,Indie,0,0,0
451400,"Action,Indie,Strategy",37,18,19
718040,Action,0,0,0
847360,"Action,Adventure",184,159,25
2011860,"Action,Adventure,Indie",48,34,14
1881800,"Casual,Free to Play,Indie",0,0,0
354820,Simulation,16,2,14
1039080,"Adventure,Casual,Indie,Early Access",14,11,3
1045610,"Casual,Indie,Simulation,Strategy",46,25,21
1224600,"Action,Adventure,Indie",477,410,67
1724410,"Casual,Indie",2,2,0
785030,"Casual,Indie",0,0,0
1349620,Action,0,0,0
1944300,Strategy,0,0,0
1203910,"Casual,Indie,Strategy",1,0,1
1224720,"Action,Indie",3,0,3
1805340,"Casual,Indie",0,0,0
1573430,"Casual,Indie",11,11,0
278620,"Action,Adventure,Indie,RPG",186,123,63
1160550,"Action,Casual",0,0,0
1832790,"Action,Simulation",0,0,0
519870,"Casual,Indie",18,15,3
1077410,"Casual,Indie",79,62,17
1356380,"Casual,Indie,Strategy",2,1,1
818400,"Adventure,Indie,Simulation,Early Access",8,5,3
1571090,"Adventure,Indie,Strategy",1,1,0
1167930,Indie,0,0,0
868550,Indie,17,12,5
1364130,"Simulation,Strategy",33,28,5
577360,"Adventure,Casual,Indie",14,10,4
1115870,Indie,7,7,0
645270,"Action,Adventure,Indie,Simulation",26,15,11
24043,Simulation,0,0,0
1767220,Adventure,4,4,0
887160,"Adventure,Indie",1,1,0
1673190,RPG,3,3,0
832530,"Action,Adventure,Casual,Indie,Strategy",0,0,0
976590,Simulation,540,358,182
1346250,Casual,21,21,0
1641470,"Action,Indie,RPG",3,2,1
619250,Education,0,0,0
643260,"Action,Indie",7,7,0
834470,"Casual,Indie",0,0,0
1132670,"Action,Casual,Indie,Early Access",21,15,6
1178380,"Action,Indie",3,1,2
1724580,"Casual,Indie,Simulation,Strategy",0,0,0
2001050,"Casual,Indie,Simulation,Strategy",0,0,0
1007490,"Action,Adventure,Indie",4,0,4
323900,"Casual,Free to Play,Indie,Strategy",0,0,0
269630,"Action,Indie",12,4,8
1026110,"Free to Play,Racing,Simulation,Early Access",0,0,0
1501980,"Action,Casual,Free to Play,Indie,Simulation",0,0,0
431180,"Indie,RPG,Simulation",1064,975,89
1229460,"Indie,Strategy",327,237,90
692590,"Action,Adventure,Indie",9,3,6
826740,"Action,Adventure,Indie,Strategy",68,41,27
882830,"Sexual Content,Nudity,Violent,Gore,Action,Adventure",0,0,0
1721800,"Casual,RPG,Simulation",0,0,0
737070,"Casual,Indie,Simulation,Sports,Early Access",3,1,2
375710,"Adventure,Indie",78,61,17
808420,"Casual,Indie,Simulation,Sports,Strategy",3,1,2
972770,"Action,Adventure,Indie,Simulation",59,52,7
1676870,"Adventure,Indie",18,18,0
844020,"Action,Casual,Indie",0,0,0
1040080,"Adventure,RPG",25,16,9
357930,"Casual,Indie,Strategy",7,4,3
378280,Early Access,15,7,8
594750,Indie,14,9,5
455110,"Action,Adventure,Indie",11,6,5
1824830,"Casual,Indie,Strategy",0,0,0
73010,Simulation,339,247,92
999270,"Action,Free to Play,Indie,Early Access",0,0,0
1065390,Free to Play,0,0,0
677330,"Action,Adventure,Indie",27,22,5
1280490,"Casual,Indie,Strategy",4,2,2
1950680,Casual,0,0,0
490860,"Adventure,Indie,RPG",30,28,2
1653760,Utilities,10,5,5
390890,"Action,Adventure,Indie",58,56,2
546200,"Casual,Strategy",29,26,3
266230,"Indie,RPG",358,306,52
638250,"Adventure,Casual",0,0,0
1073320,"Indie,RPG,Strategy",246,233,13
1200780,"Action,Casual,Indie",2,2,0
1245550,"Casual,Indie,Strategy",0,0,0
510390,"Adventure,Indie",10,5,5
586030,"Free to Play,Strategy,Early Access",2,1,1
465510,"Casual,Indie,RPG",22,7,15
1887280,"Action,Casual,Indie,Strategy",1,0,1
311690,"Action,Adventure,Indie",30383,29129,1254
1649730,"Casual,Indie,RPG,Simulation,Strategy,Early Access",17,17,0
343340,"Action,Indie",16,5,11
1558670,"Action,Adventure,Early Access",21,19,2
1750570,"Adventure,Indie",494,427,67
1224640,"Free to Play,Simulation",0,0,0
790550,"Adventure,Casual,Indie",0,0,0
1286470,"Casual,Indie,Simulation,Sports",4,3,1
1760320,Indie,12,11,1
1463980,"Casual,Indie,RPG",5,4,1
885780,"Indie,RPG",34,26,8
383630,"Action,Adventure,Indie",8,6,2
597230,"Action,Indie,RPG",286,267,19
782380,"Action,Adventure,Indie",16,12,4
1909090,"Action,Adventure,Casual,Indie,Early Access",1,1,0
415530,"Casual,Indie",3,3,0
1190130,"Adventure,Indie",5,3,2
514510,"Violent,Gore,Action,Indie,Massively Multiplayer",0,0,0
655950,"Action,Indie",1,1,0
482330,"Action,Indie",35,22,13
1335020,"Action,Indie,Racing,Simulation",1,1,0
1419130,"Action,Adventure,Indie,RPG,Simulation",13,12,1
581820,"Action,Adventure,Casual,Indie",20,15,5
401680,"Action,Indie",1564,1473,91
296850,"Adventure,Indie",14,9,5
877180,"Casual,Indie",0,0,0
1042920,"Action,Adventure,Indie,RPG",26,21,5
1183080,"Simulation,Sports",14,9,5
792350,"Action,Indie",4,2,2
328930,Simulation,23,19,4
560970,Simulation,2,2,0
1882820,"Adventure,Casual,RPG",12,12,0
700510,"Adventure,RPG",0,0,0
604780,"Casual,Indie",228,187,41
1862010,"Casual,Indie",4,3,1
273750,"Racing,Simulation,Sports",46,30,16
38450,Action,150,116,34
561770,"Sexual Content,Violent,Gore,Adventure,Indie",124,84,40
1189470,"Action,Indie",0,0,0
1060060,"Action,Adventure,Casual,Indie,Simulation,Sports,Strategy",6,3,3
1118730,"Adventure,Casual,Indie",2,0,2
368370,"Adventure,Casual,Indie,Simulation",3886,3448,438
1398710,"Casual,Indie",4,2,2
1487740,"Indie,Strategy,Early Access",0,0,0
341390,"Indie,RPG,Strategy",127,95,32
319230,"Adventure,Indie,Strategy",47,31,16
815580,"Adventure,Casual",18,17,1
1719450,"Action,Adventure,Casual,Massively Multiplayer,RPG",0,0,0
1158290,"Casual,Indie",76,73,3
1928470,"Casual,Strategy",0,0,0
1587700,"Adventure,Indie",4,4,0
936150,"Adventure,Casual,Indie",0,0,0
204560,"Action,RPG,Strategy",57,19,38
541200,"Action,Adventure,Indie,Early Access",1892,1689,203
1328590,"Action,Casual,Racing,Sports",0,0,0
931070,"Free to Play,Indie,Massively Multiplayer,RPG,Strategy",0,0,0
404030,"Casual,Indie,Simulation",28,24,4
1998760,"Action,Adventure,Indie,Early Access",0,0,0
982040,"Action,Adventure,Indie,RPG,Early Access",20,14,6
848890,"Action,Adventure,Casual,Indie,RPG",5,1,4
1724600,"Casual,Simulation",6,4,2
1293530,"Adventure,Casual,Indie,Simulation,Sports",8,5,3
762500,"Action,Casual,Indie",12,10,2
1637540,"Indie,RPG",5,5,0
1217580,Indie,1,1,0
448620,"Adventure,Indie,RPG,Strategy",22,6,16
758120,"Action,Casual,Indie,Racing,Simulation,Sports",16,9,7
1081870,"Action,Indie",16,15,1
349980,"Action,Adventure,Indie",1,0,1
594320,"Adventure,Casual,Indie",12,12,0
376350,"Action,Casual",3,1,2
1866600,"Adventure,RPG",2,1,1
1133350,"Action,Casual,Indie",5,2,3
1217550,"Adventure,Casual,Free to Play,Indie,Strategy",6,2,4
1379470,"Action,Adventure,Casual,Indie",1,1,0
444260,"Adventure,Indie",117,63,54
1951480,"Action,Adventure,Indie,RPG,Simulation,Strategy,Early Access",0,0,0
286520,"Action,Casual,Strategy",14,7,7
623470,"Adventure,Casual",3,3,0
1919060,"Adventure,Indie",10,9,1
768100,Utilities,0,0,0
1165470,Action,38,29,9
1047870,"Action,Adventure,Casual,Indie",32,29,3
269810,"Action,Adventure,Indie",134,91,43
1014580,Indie,31,28,3
552140,"Action,Casual,Free to Play,Indie",3,1,2
415170,"Casual,Indie",229,217,12
401780,"Action,Indie",8,3,5
277500,"Casual,Indie,Simulation",88,31,57
1810600,"Casual,Indie",2,2,0
917880,"Action,Indie",0,0,0
470490,"Action,Adventure,Casual,Indie",12,8,4
850920,Action,5,5,0
1269950,"Adventure,Casual,Indie,RPG,Simulation",2282,2161,121
843740,"Action,Indie",10,8,2
1475160,"Action,Adventure,Casual,Indie",9,8,1
325150,"Action,Casual,Indie",61,55,6
1065230,"Adventure,Casual,Indie",3,2,1
1774890,"Casual,Simulation,Sports",10,10,0
1499540,"Action,Free to Play,Simulation,Strategy",0,0,0
1162950,"Action,Simulation",2,0,2
1416230,"Action,Indie",309,257,52
277680,"Casual,Indie",238,207,31
787070,"Action,Adventure,Indie",343,336,7
1514070,"Action,Adventure,Casual,Free to Play,Indie,Early Access",0,0,0
1126860,"Adventure,Indie,Simulation,Strategy",2,2,0
840100,"Indie,RPG,Strategy",15,11,4
1352870,Action,0,0,0
715510,"Adventure,Casual,Free to Play,Indie",4,3,1
941570,"Action,Adventure,Indie",88,68,20
1383970,"Action,Adventure,Indie",11,11,0
354030,"Action,Adventure,Indie",7,6,1
771060,"Action,Free to Play,Indie,Strategy,Early Access",0,0,0
628730,"Adventure,Casual,Free to Play,Indie",0,0,0
1093120,Indie,1,1,0
1214130,Indie,0,0,0
1410000,"Action,Adventure,Simulation,Sports",5,0,5
1826760,"Action,Adventure,Casual,Indie",13,10,3
819950,"Action,Adventure,Casual,Indie",3,2,1
1183600,"Action,Adventure,Indie",1,1,0
496890,"Adventure,Indie",330,260,70
790900,Design & Illustration,3,0,3
783050,"Adventure,Indie",31,31,0
1514780,"RPG,Strategy",29,27,2
955600,"Simulation,Strategy,Early Access",3,1,2
828660,"Simulation,Strategy",37,30,7
416350,"Indie,Racing,Sports",4,1,3
1837140,"Action,Adventure,Indie",0,0,0
446640,"Adventure,Indie",142,133,9
888880,"Adventure,Casual,Indie,Simulation,Sports,Strategy",1,0,1
1615870,"Adventure,Casual,Indie",1,1,0
992720,"Action,Indie,Sports",2,0,2
260790,"Action,Adventure,Indie",344,300,44
1804360,"Casual,Indie,Simulation",6,6,0
337980,"Adventure,Casual,Indie,RPG",36,16,20
448790,"Action,Casual,Indie",7,3,4
2057300,"Action,Adventure,Indie",0,0,0
7200,Racing,1007,958,49
877010,"Action,Adventure,Indie,Early Access",134,97,37
1921040,"Action,RPG",0,0,0
625100,"Design & Illustration,Utilities",2,2,0
1173130,"Adventure,Indie,RPG",0,0,0
1493050,"Adventure,Indie,Strategy",1,1,0
1383670,"Casual,Free to Play,Massively Multiplayer,RPG,Simulation,Strategy",0,0,0
885030,"Adventure,Free to Play,Indie",1,1,0
690250,Action,6,2,4
1189360,"Casual,Indie",14,12,2
1163460,"Action,Adventure,Casual,Indie,RPG",29,19,10
1732050,"Adventure,Indie",172,143,29
1957070,"Action,Casual,Indie",0,0,0
461390,"Adventure,Indie",14,4,10
552460,"Action,Indie",122,109,13
342860,"Indie,RPG,Strategy",63,44,19
1607000,"Action,Adventure,Casual,Indie,Racing,RPG",0,0,0
1771230,"Casual,Indie,Simulation",6,2,4
1065690,"Action,Casual,Indie",0,0,0
1619350,"Casual,Indie,Simulation,Early Access",45,42,3
743360,Indie,4,3,1
1818810,"Casual,Indie",0,0,0
1129690,"Casual,Indie",7,7,0
1897510,"Action,Indie",1,1,0
1866960,"Action,Adventure,Casual,Indie,RPG",1,1,0
376620,"Action,Indie,Early Access",0,0,0
1840570,"Action,Adventure,Casual,RPG",0,0,0
630030,Action,130,96,34
1294000,Strategy,3,2,1
1565440,"Action,Adventure,Indie",0,0,0
521110,"Action,Casual",0,0,0
1101220,Strategy,2,2,0
1948290,"Adventure,Indie,RPG,Strategy,Early Access",11,8,3
1264090,"Casual,Indie",4,4,0
665060,"Casual,Indie,Strategy",1,0,1
904900,"Indie,Early Access",56,38,18
1947280,"Action,Adventure,Free to Play,Indie,Massively Multiplayer,Early Access",0,0,0
664050,"Casual,Indie",0,0,0
665950,"Indie,Racing",3,2,1
876140,"Casual,Indie,Racing,Simulation,Sports",5,1,4
856260,"Adventure,Casual",6,2,4
432500,"Action,Adventure,Casual,Indie,RPG,Simulation,Strategy,Early Access",40,15,25
982020,"Action,Casual,Indie,Racing,Sports,Strategy,Early Access",1,1,0
671460,"Casual,Indie",0,0,0
566350,"Casual,Indie,Strategy",3,3,0
1033950,"Action,Adventure,Indie",90,85,5
1131140,"Casual,Indie",19,17,2
545910,"Adventure,Casual",3,3,0
1127170,"Adventure,Indie",8,4,4
1308770,"Action,Casual,Early Access",2,1,1
906390,"Action,Casual,Free to Play,Indie",37,34,3
1007070,"Action,Indie,RPG",6,4,2
303720,"Action,Indie",68,53,15
1663390,"Action,Casual",1,1,0
482920,"Adventure,Casual,Free to Play,Indie,Massively Multiplayer,RPG,Strategy",11,8,3
1372800,"Casual,Indie",17,17,0
968760,"Indie,Strategy",79,69,10
964240,"Indie,RPG,Strategy",0,0,0
1895040,"Action,Adventure,Indie,Simulation",1,1,0
666730,"Indie,RPG,Strategy",123,92,31
897970,"Action,Casual,Indie,Early Access",0,0,0
1439790,"Action,Casual,Indie",0,0,0
895180,"Action,Indie",1,1,0
981080,"Action,Casual,Indie",1,1,0
434870,"Indie,Strategy",3,2,1
1435790,"Adventure,Casual,Indie,Simulation",3825,3643,182
745750,"Action,RPG,Strategy",1,1,0
1861940,"Indie,Strategy",6,3,3
549040,"Casual,Simulation,Strategy,Early Access",72,27,45
1833340,"Action,Adventure",1,0,1
1395630,"Indie,Strategy",0,0,0
1096650,"Action,Massively Multiplayer",0,0,0
1018900,"Casual,Indie",11,11,0
1765980,"Indie,RPG,Strategy",1,1,0
1011830,"Adventure,Casual,Indie,Simulation,Strategy",53,44,9
370620,"Adventure,Casual,Indie,RPG",12,7,5
1829340,"Casual,Free to Play,Massively Multiplayer,RPG,Strategy",0,0,0
1349070,"Casual,Indie,Strategy",0,0,0
454530,Strategy,98,88,10
1624620,"Action,Adventure,Casual,Indie",4,3,1
1034820,"Action,Adventure,Indie",1,0,1
720040,"Casual,Indie,Simulation,Strategy",22,2,20
1056960,Action,4161,1970,2191
341260,"Action,Adventure,Casual,Indie",2,1,1
1723420,"Action,Free to Play,Indie",0,0,0
1964620,"Action,Indie",2,2,0
924970,Action,16186,11500,4686
32740,Simulation,38,29,9
1001390,"Simulation,Sports",3,0,3
1118920,"Action,Free to Play,Early Access",0,0,0
735450,"Casual,Indie",36,23,13
1370620,"Casual,Indie",18,16,2
1988890,"Action,Casual,Indie",0,0,0
1650400,"Action,Adventure,Casual,Indie",5,4,1
327030,"Action,Strategy",2584,2112,472
1448650,"Action,Adventure,Indie",8,6,2
1016000,"Action,Indie,Racing",27,24,3
975520,"Action,Indie",0,0,0
719300,"Action,Adventure,RPG",3,1,2
1171840,"Action,Adventure,Casual,Indie,RPG",31,28,3
675480,"Action,Adventure,Indie",7,4,3
1158770,Indie,0,0,0
1189200,"Casual,Indie,RPG,Simulation",1,1,0
34330,Strategy,15510,14413,1097
745900,"Action,Massively Multiplayer,Strategy",3,2,1
601080,"Action,Indie,Strategy",0,0,0
1011140,"Action,Casual,Indie",3,1,2
39660,"Simulation,Strategy",82,52,30
298260,"Adventure,Free to Play,Indie",30,20,10
704360,"Action,Adventure,Simulation",168,142,26
1432840,"Action,Casual,Indie,Early Access",0,0,0
1299430,"Indie,Simulation",2,2,0
1012880,"Adventure,Casual,Indie,Simulation,Strategy",1980,1857,123
933030,"Action,Indie",5,5,0
1870570,"Action,Casual,Indie,Racing",0,0,0
446120,"Action,Indie",239,182,57
560930,"Casual,Indie,Simulation",1,0,1
320,Action,3219,2850,369
785830,"Action,Adventure,Indie,Massively Multiplayer,RPG,Early Access",12,11,1
1245430,"Action,Adventure,Indie",1080,1022,58
1248960,"Action,Indie",2,2,0
1710720,"Simulation,Strategy,Early Access",0,0,0
423700,"Casual,Indie,RPG,Simulation",34,6,28
1909240,"Casual,Free to Play,Indie,Strategy",0,0,0
366920,"Casual,Indie,Simulation",18,17,1
1201260,"Casual,Indie",7,6,1
1982600,"Adventure,Massively Multiplayer,RPG,Early Access",0,0,0
488480,"Action,Adventure,Racing",3,2,1
1268160,"Action,Adventure,Casual,Indie",1,0,1
853410,Indie,4,4,0
923540,"Casual,Indie",0,0,0
406710,"Adventure,Indie",15,7,8
243280,"Action,Indie,Strategy",35,29,6
549950,"Violent,Action",14,7,7
427940,"Action,Indie,Simulation,Strategy,Early Access",521,388,133
772070,"Casual,Free to Play,Indie,Simulation,Strategy",0,0,0
1082440,"Action,Indie",15,15,0
530320,"Adventure,Indie",1283,1239,44
1499420,Casual,2,2,0
844930,"Adventure,Casual,Indie,RPG",577,545,32
1629100,"Action,Casual,Free to Play,Indie",0,0,0
1760670,Action,1,0,1
878980,"Action,Adventure,Indie",3,2,1
403970,RPG,390,274,116
1512800,"Action,Casual,Indie",1,1,0
921770,"Action,Indie,Massively Multiplayer",10,7,3
1761770,"Action,Free to Play,Indie,Early Access",0,0,0
1151250,"Indie,Simulation",79,65,14
1567490,"Action,Indie",18,17,1
1429800,"Adventure,Casual,Simulation",0,0,0
854390,Casual,2,2,0
1504320,"Indie,RPG,Strategy",2,2,0
1609300,"Action,Adventure,Indie",8,7,1
526510,"Action,Indie",17,14,3
918080,"Indie,Simulation,Strategy,Early Access",9,5,4
248450,"Action,Indie,RPG,Simulation",152,103,49
393350,"Casual,Indie,Simulation",22,16,6
1105110,"Casual,Indie",98,93,5
1454950,Indie,4,4,0
1193780,"Casual,Indie",3,3,0
1086250,"Indie,Simulation,Strategy,Early Access",1,0,1
1286330,"Adventure,Casual,Indie,RPG",1,1,0
71000,"Action,Indie,Simulation",333,254,79
758930,"Action,Strategy",52,45,7
375810,"Action,Adventure,Indie,RPG,Early Access",6,3,3
1874200,"Adventure,Indie",12,11,1
1444770,"Action,Casual,Indie",4,4,0
288630,"Adventure,Casual",5,2,3
1503630,"Action,Adventure,Indie",5,3,2
1224050,"Action,Casual,Free to Play",0,0,0
271500,Action,400,118,282
1603220,Casual,3,1,2
231040,"Action,Adventure,Casual,Indie",204,166,38
1101030,"Action,Free to Play,Indie,Strategy,Early Access",7,5,2
388360,"Casual,Indie,Simulation",42,25,17
699850,Strategy,9,8,1
1555300,"Adventure,Indie",1,1,0
1731690,"Action,Casual,Indie",5,1,4
761140,"Action,Casual,Indie,Simulation,Strategy",0,0,0
1688290,"Casual,Indie",5,4,1
1862830,"Casual,Simulation,Strategy",3,2,1
1866230,"Casual,Indie",0,0,0
792550,Video Production,3,1,2
1173200,"Action,Adventure,Indie,RPG",316,282,34
1203630,"Action,Indie",2105,1981,124
1616520,"RPG,Simulation,Early Access",0,0,0
978720,"Casual,Simulation",84,58,26
345390,Adventure,1016,904,112
1512540,"Action,Casual",1,1,0
1119530,"Action,Indie,Strategy",5,4,1
1186080,"Action,Adventure,Casual,Indie",0,0,0
932420,"Adventure,Casual,Indie,RPG,Simulation,Strategy",18,18,0
1051200,"Action,Adventure,Indie",2106,1928,178
523710,"Action,Indie,Simulation,Sports",150,101,49
380950,"Simulation,Sports",3,3,0
1164100,"Adventure,Free to Play,Indie,RPG",0,0,0
1737070,"Adventure,Casual,Indie,RPG",3,2,1
1068210,"Action,Adventure,Indie,Early Access",8,3,5
386650,"Action,Indie,RPG,Early Access",98,38,60
1483010,"Action,Free to Play,Indie,RPG",0,0,0
1370130,"Casual,Free to Play,Simulation,Sports",1,1,0
1208470,"Action,Adventure,Casual,Indie,RPG",1,0,1
235660,"Indie,Strategy",100,74,26
268200,"Action,Adventure,Strategy",73,39,34
1513950,"Action,Free to Play,Indie,Racing",0,0,0
1797410,"Action,Adventure,Casual,Free to Play,Indie",0,0,0
1127200,"Adventure,Casual,Indie,Strategy,Early Access",0,0,0
1544140,"Adventure,Casual,Indie,Strategy",1,1,0
321190,Adventure,53,49,4
1667400,Casual,20,19,1
439930,"Action,Casual,Indie,Simulation,Strategy",62,42,20
819070,"Violent,Gore,Action",4,2,2
1952240,"Action,Indie",1,1,0
1050680,Indie,0,0,0
294770,"Action,Indie,Strategy",23,11,12
1627480,"Adventure,Casual,Indie,RPG",4,4,0
335200,"Action,Adventure",33,19,14
1456980,Indie,2,0,2
1211790,"Action,Adventure,Indie",0,0,0
1635950,"Casual,Indie",1,1,0
1395180,"Indie,Simulation,Strategy",0,0,0
450050,"Casual,Indie",30,12,18
1804130,"Action,Indie,RPG",11,10,1
1215390,"Action,Casual,Indie,Simulation,Strategy",2433,2347,86
1549710,Strategy,1,0,1
931320,"Action,Adventure,Indie,RPG",33,31,2
1407800,"Action,Casual,Indie",2,2,0
1045120,"Casual,Indie",18,16,2
840580,"Action,Casual,Free to Play,Indie,Simulation,Sports",2,1,1
730620,"Action,Adventure,Casual,Indie",56,43,13
1377600,Simulation,1,1,0
356570,"Action,Indie,Strategy",2642,2270,372
1041520,"Casual,Simulation",12,7,5
1256980,"Casual,Indie",0,0,0
357500,"Action,Free to Play",18,10,8
1658490,"Indie,Strategy",2,1,1
1520950,"Audio Production,Education,Software Training,Utilities,Video Production,Web Publishing",1,1,0
868760,"Action,Indie,Early Access",0,0,0
1189590,"Adventure,Free to Play,Indie",0,0,0
1764540,"Casual,Indie,Racing,Simulation,Strategy",0,0,0
855700,"Casual,Indie,Racing",4,4,0
1617920,"Adventure,Casual,Indie",0,0,0
1249290,"Action,Adventure,Indie",5,3,2
1299320,"Action,Adventure,RPG",492,463,29
302350,Adventure,73,70,3
639790,"Action,Casual,Indie",3791,3621,170
1120810,"Action,Adventure,RPG",250,223,27
1607140,Simulation,1,1,0
884910,Indie,0,0,0
365590,"Action,Adventure,RPG",22970,16301,6669
1278390,"Adventure,Indie,RPG",73,63,10
1994940,"Action,Indie",1,1,0
1041690,"Action,Casual,Indie,Sports",21,16,5
1336210,"Action,Adventure,Indie",26,26,0
967960,"Action,Casual,Indie",0,0,0
316840,"Indie,RPG",32,22,10
938240,"Indie,RPG",18,16,2
611180,Racing,105,49,56
402080,"Action,Casual,Indie",0,0,0
1924050,"Action,Indie",0,0,0
1889650,Casual,13,13,0
1417490,"Action,Free to Play,Indie,Massively Multiplayer",0,0,0
22450,"Action,Adventure",432,308,124
1330930,"Adventure,Indie",34,34,0
859570,"Action,Adventure,Indie",3516,3041,475
684930,"Adventure,Casual,Indie,Massively Multiplayer,Strategy,Early Access",5,1,4
873320,"Casual,Indie,Simulation,Strategy",5,3,2
1219300,"Action,Adventure,Casual,Indie",1,0,1
1805360,"Action,Adventure,Casual,Massively Multiplayer,Racing,RPG,Sports,Strategy,Early Access",20,11,9
1819540,"Action,Indie",3,2,1
2081240,"Casual,Indie,RPG,Early Access",0,0,0
1057750,"Adventure,Casual,Indie",1676,1095,581
321450,"Racing,Simulation",21,19,2
623320,"Action,Adventure,Indie",7,6,1
294860,"Action,RPG,Strategy",6440,5820,620
1675070,"Indie,Simulation",1,0,1
513890,Adventure,163,150,13
1572850,"Casual,Indie,Simulation",0,0,0
1597440,"Adventure,Casual,Indie",10,7,3
1048540,"Action,Adventure,Casual,Racing",489,454,35
423740,"Action,Adventure,Casual,Indie,RPG",24,13,11
835800,"Action,Indie",1,1,0
1696900,"Action,Casual,Free to Play",0,0,0
973130,"Casual,Indie",0,0,0
1197010,"Adventure,Casual,Indie",4,3,1
1419440,"Action,Casual,Indie,Simulation",0,0,0
1180320,Strategy,0,0,0
1070990,"Action,Adventure,Casual,Indie,RPG",4,4,0
958790,"Casual,Simulation,Sports",11,9,2
1655740,"Action,Adventure,Indie",2,2,0
420520,"Indie,Simulation",305,263,42
725170,"Casual,Indie",15,13,2
263680,"Action,Adventure",231,139,92
1568940,"Casual,Free to Play,Indie,RPG,Strategy",3,3,0
1950080,Indie,10,9,1
1713060,RPG,0,0,0
404270,"Adventure,Casual,Simulation,Strategy",28,24,4
1757560,"Action,Adventure,Casual,Indie,Strategy",1,1,0
1054580,Utilities,0,0,0
1821870,"Action,Adventure,Indie",0,0,0
1770630,"Action,Adventure,Casual,Indie,Strategy",0,0,0
1092300,"Action,Casual,Indie,Racing,Sports",2,0,2
896170,"Adventure,Casual",0,0,0
1925600,"Casual,Indie",10,10,0
358320,"Action,Adventure",12,12,0
656640,"Action,Casual,Indie",0,0,0
1068530,"Action,Adventure,Indie,RPG,Early Access",44,19,25
1623370,"Action,Adventure,Casual,Indie",0,0,0
1892950,"Casual,Indie,RPG",80,72,8
1932570,"Action,Free to Play,Indie,Early Access",0,0,0
338630,"Casual,Indie,Simulation",23,18,5
1796640,"Indie,RPG",5,5,0
770400,"Casual,Indie",23,9,14
301150,"Adventure,Casual,Indie",135,106,29
1785080,"Casual,Indie",1,1,0
1751700,Indie,2,2,0
1363170,"Indie,RPG,Strategy",2,2,0
1441500,"Action,Indie,Racing,Simulation,Sports,Strategy",4,3,1
2018500,Simulation,1,1,0
729660,"Action,Indie",46,41,5
782690,"Adventure,Indie,RPG",50,32,18
1250100,"Casual,Indie,Simulation,Early Access",35,24,11
671990,"Action,Indie,RPG",3,3,0
1590790,"Adventure,Indie",1,0,1
1153690,"Casual,Indie",7,4,3
2006310,"Casual,Indie",0,0,0
731490,Action,4410,4090,320
1569220,"Action,Adventure,RPG",28,8,20
1154720,"Adventure,Casual,RPG",18,10,8
711390,"Action,Adventure,Free to Play,Indie",0,0,0
772300,"Adventure,Indie,RPG",3,0,3
483980,"Adventure,Indie",1546,1509,37
1240120,"Casual,Free to Play",0,0,0
1739400,"Action,Casual,Free to Play,Strategy",0,0,0
1782940,"Casual,Indie,Simulation,Strategy",3,3,0
1283630,"Action,Casual,Free to Play,Indie",0,0,0
849090,"Action,Free to Play,Indie,Early Access",0,0,0
1416460,Adventure,24,23,1
346450,"Action,Adventure,Indie",45,34,11
1014850,"Action,Indie",6,6,0
789160,"Indie,Strategy",11,7,4
1403370,"Action,Adventure,Indie,Massively Multiplayer,RPG,Early Access",2335,1968,367
572000,"Sexual Content,Casual,Free to Play,Indie",3,3,0
1455060,"Casual,Indie",16,15,1
780000,"Action,Indie,Simulation",3,3,0
640880,"Action,Indie",12,9,3
1485980,"Action,Adventure,Indie",1,1,0
1016690,"Action,Indie,Simulation,Sports,Early Access",1,1,0
806600,"Adventure,Casual,Indie",0,0,0
815780,"Indie,Simulation,Sports",1630,1457,173
357280,Indie,32,25,7
428020,"Indie,RPG",7,5,2
349730,"Indie,RPG,Strategy",457,372,85
1687350,"Indie,RPG,Simulation,Strategy",1,0,1
661220,"Action,Indie",10,10,0
1812650,"Action,Casual,Indie",0,0,0
1220440,Action,0,0,0
797110,Action,0,0,0
1121000,"Adventure,Free to Play,Indie,RPG",0,0,0
1263120,"Action,Indie,RPG",4,3,1
1841720,"Adventure,Casual,Indie",4,4,0
1495370,"Adventure,Simulation",2,0,2
1049140,Adventure,4,3,1
795680,"Casual,Indie",26,20,6
22650,Action,129,91,38
735460,"Casual,Free to Play,Early Access",0,0,0
1596370,"Action,Casual,Indie",9,5,4
553820,"Action,Casual,Indie",18,14,4
683310,"Action,Indie",10,7,3
547750,"Action,Adventure,Indie,Early Access",3,2,1
438420,"Adventure,Indie,RPG",149,98,51
597150,"Action,Adventure,Indie",225,205,20
960710,"Adventure,Indie,RPG",60,52,8
1333540,"Action,Casual",0,0,0
39640,Action,75,54,21
607260,Indie,0,0,0
42980,Strategy,97,68,29
364360,"Action,Strategy",16816,13900,2916
1146310,"Action,Adventure,Indie",503,440,63
1793370,"Adventure,Casual,Free to Play,Indie",0,0,0
285670,"Action,Adventure,Casual,Indie,Simulation,Strategy",3,0,3
278080,Action,2999,2400,599
644540,Adventure,21,21,0
1472950,"Action,Adventure,Casual,Indie,RPG,Simulation",7,5,2
1749940,Indie,0,0,0
1250,Action,20030,19288,742
576660,"Indie,Racing",3,2,1
1871600,"Adventure,Indie,RPG",0,0,0
1547630,"Free to Play,Simulation,Strategy,Early Access",0,0,0
1978850,"Casual,Indie,Racing",14,14,0
1446530,Action,0,0,0
1004320,"Indie,RPG",3,1,2
1252010,Video Production,117,50,67
47890,Simulation,16146,14034,2112
565660,"Action,Indie",13,10,3
1279420,Action,13,13,0
1371510,"Adventure,Indie,Simulation",1,0,1
1102750,"Action,Adventure,Casual,Indie",10,7,3
1081500,"Casual,Indie",2,2,0
1441830,"Action,Casual,Indie",3,3,0
1367530,"Action,Free to Play,Indie,Racing,Sports",0,0,0
1991670,"Casual,Indie,Strategy",1,1,0
1536190,"Action,Indie",0,0,0
1053940,"Indie,RPG,Simulation,Strategy,Early Access",6,2,4
756100,Adventure,1,1,0
1810590,"Animation & Modeling,Design & Illustration,Photo Editing,Game Development",3,2,1
1431940,Action,3,2,1
1113640,"Action,Indie,Massively Multiplayer",1,0,1
688650,"Free to Play,Indie,RPG",0,0,0
371300,"Adventure,Indie",94,73,21
1348960,"Action,Adventure,Indie,RPG",2,2,0
689040,"Action,Casual,Indie,Racing",8,8,0
1260580,Indie,15,15,0
535650,"Adventure,Indie",15,14,1
799530,"Violent,Action,Adventure",15,10,5
1402380,"Action,Adventure,Casual,Indie",1,1,0
1325900,"Adventure,Indie",199,177,22
1081260,"Casual,Indie,RPG",2,2,0
405900,RPG,2119,1897,222
397720,Simulation,4,2,2
1964770,"Action,Adventure,Casual,Free to Play,RPG,Strategy",0,0,0
833690,"Casual,Indie",5,5,0
1131110,"Action,Casual,Indie,Racing,Sports",2,2,0
1393380,"Indie,Strategy",4,2,2
1282580,"Indie,Early Access",0,0,0
1326290,"Adventure,Indie,RPG",2,2,0
944530,"Casual,Indie",10,9,1
12590,Racing,36,22,14
1151680,"Action,Adventure,Casual,Indie",15,14,1
665040,"Design & Illustration,Utilities,Web Publishing,Early Access",1,1,0
935110,"Action,Adventure,Free to Play,Indie,Simulation,Early Access",0,0,0
924940,"Adventure,Casual,Indie",19,17,2
1225710,"Action,Indie",3,2,1
698910,"Adventure,Simulation",17,13,4
359300,"Action,Adventure,Indie,RPG",4,2,2
1932430,Indie,0,0,0
1126110,"Indie,Strategy,Early Access",9,9,0
1437650,"Casual,Indie",15,13,2
1077740,"Adventure,Casual,Indie,Strategy",0,0,0
1579190,"Action,Adventure,Indie",5,4,1
809230,"Indie,Simulation,Strategy",803,670,133
1251530,"Animation & Modeling,Utilities,Game Development",11,7,4
507400,"Violent,Action,Indie",7,6,1
809020,"Action,Indie",837,801,36
1741210,"Racing,Sports",6,4,2
672410,"Action,Indie",1,1,0
486440,"Indie,Simulation",33,25,8
1273150,"Action,Adventure,RPG,Simulation,Early Access",1,1,0
1279450,Adventure,5,3,2
115200,Strategy,149,77,72
1290090,"Action,Adventure,Indie,Early Access",8,6,2
1499310,"Action,Indie,Simulation,Early Access",0,0,0
1854910,"Casual,Indie",0,0,0
904680,"Action,Indie",2,1,1
979090,"Indie,Simulation",37,35,2
1889330,"Action,Adventure,Indie,Early Access",1,1,0
1836550,"Action,Free to Play,Indie,RPG,Simulation,Early Access",0,0,0
1058830,"Action,Casual,Indie,Early Access",1461,1429,32
1437420,"Action,Adventure,Casual,Indie",9,8,1
1064080,"Action,Casual,Indie,Sports,Early Access",13,11,2
1758530,"Casual,Indie",0,0,0
1851000,Casual,9,7,2
2013670,"Casual,Indie,Simulation",15,14,1
262100,"Action,Casual,Indie",36,14,22
861960,"Action,Casual,Indie,Sports",2,2,0
201270,Strategy,15511,14414,1097
1278140,"Action,Adventure,Indie",1,1,0
675990,"Casual,Indie,RPG",16,12,4
1483400,"Casual,Indie",2,0,2
1474940,"Casual,Strategy",1,1,0
1992020,"Action,Indie",0,0,0
867530,"Action,Casual,Indie",2,1,1
1877820,"Action,Adventure",0,0,0
297190,"Action,Adventure,Indie",11,7,4
763720,Utilities,0,0,0
1354990,"Adventure,Indie,RPG,Strategy,Early Access",27,26,1
1186220,"Adventure,Indie",25,24,1
792990,"Adventure,Massively Multiplayer,RPG,Simulation,Early Access",275,48,227
1004710,"Free to Play,Indie,Massively Multiplayer,Racing,Simulation,Sports,Strategy",0,0,0
550010,"Action,Indie,Simulation",1311,1160,151
805370,"Indie,Simulation",6,6,0
453350,"Action,Adventure,Indie",8,2,6
1750990,"Casual,Indie,Strategy",1,1,0
628940,"Action,Adventure,Indie,Early Access",1,1,0
1498680,Casual,3,1,2
1851190,"Action,Adventure,Indie,RPG",1,0,1
1155470,"Adventure,Free to Play,Indie",0,0,0
795580,"Action,Free to Play,Early Access",0,0,0
814900,"Action,Adventure,RPG",22,11,11
1416520,"Indie,Simulation,Early Access",18,8,10
372690,"Casual,Indie",137,115,22
1293400,"Action,Casual,Indie,Simulation",4,2,2
837930,"Adventure,Indie,Simulation,Strategy",13,10,3
1465360,"Adventure,Simulation",4836,4200,636
1276040,Casual,35,30,5
717710,"Action,Adventure,Indie,RPG",0,0,0
673560,"Free to Play,Indie,Sports,Early Access",0,0,0
1512070,Adventure,14,6,8
96800,Action,131,79,52
321030,"Action,Adventure,Indie",24,8,16
636320,"RPG,Strategy",126,91,35
1465070,"Action,Adventure,Indie,RPG,Simulation,Early Access",1100,918,182
1283380,"Action,Casual,Indie",0,0,0
570490,"Casual,Indie",117,113,4
1461580,"Simulation,Education",0,0,0
1009690,"Casual,Indie,RPG",0,0,0
450570,"Casual,Simulation",9,2,7
1706710,"Action,Casual,Free to Play,Indie,Strategy",0,0,0
2014370,"Casual,Indie,RPG,Strategy",0,0,0
499330,"Casual,Indie,Strategy",11,6,5
1916450,"Indie,Simulation",12,11,1
1522980,Indie,2,1,1
1287000,"Indie,Strategy",32,21,11
423620,"Action,Indie,RPG,Strategy",216,147,69
756600,"Action,Casual,Indie,Early Access",16,14,2
1919610,"Casual,Indie,Strategy",0,0,0
313620,"Simulation,Strategy",122,23,99
1384450,"Action,Adventure,Casual,Indie",0,0,0
1910240,Strategy,0,0,0
390210,"Action,Adventure,Indie",54,36,18
2026020,"Casual,Indie,RPG,Simulation",3,1,2
438640,"Action,Adventure",1791,1420,371
1286380,Indie,6,6,0
1425920,"Action,Casual,Indie,Simulation,Strategy",1,0,1
1566360,"Action,Indie,Simulation,Sports",13,10,3
1116780,"Action,Adventure,Indie",56,52,4
1862850,"Adventure,Casual,Indie",0,0,0
1274470,"Action,Adventure,Indie,RPG",1,1,0
1797450,"Action,Casual,Early Access",1,0,1
1645720,Indie,12,7,5
802070,"Action,Casual,Indie",10,8,2
297860,"Action,Racing",494,360,134
498050,"Adventure,Casual",7,1,6
1456200,"Action,Indie,Massively Multiplayer,Racing,Simulation,Early Access",505,418,87
1404360,"Adventure,Casual,Free to Play,Indie",36,36,0
1735160,"Action,Adventure,Indie,Racing,Simulation,Sports",5,4,1
1690400,"Casual,Indie,Strategy",0,0,0
842850,"Action,Adventure,Casual,Indie",21,15,6
1131280,"Indie,RPG",1,0,1
1591470,Casual,24,21,3
786910,"Adventure,Indie",30,14,16
907950,"Adventure,Casual,Indie,RPG",6,5,1
1519820,"Action,Adventure,Indie",3,3,0
15900,Casual,25,18,7
1184600,"Action,Adventure,Indie",0,0,0
769840,"Casual,Indie,Racing",23,22,1
1702510,"Action,Adventure,RPG",0,0,0
981450,"Action,Casual,Indie",1,1,0
875240,"Casual,Indie,Simulation",65,50,15
843660,"Casual,Free to Play,Indie,RPG",0,0,0
39210,"Massively Multiplayer,RPG",42496,38001,4495
1290390,"Casual,Indie,Simulation,Sports,Strategy",4,3,1
1777650,"Casual,Indie,Strategy",1,1,0
1304810,"Action,Indie,Early Access",3,3,0
1807330,"Action,Indie,Early Access",9,9,0
793010,"Violent,Action,Casual,Indie",5,5,0
210970,"Adventure,Indie",6335,5337,998
1049320,Action,882,741,141
632470,RPG,29706,28176,1530
319970,"Adventure,Indie",313,221,92
1719210,"Casual,Simulation",0,0,0
1653330,"Casual,Indie",9,9,0
1207590,"Free to Play,Indie,Simulation,Early Access",0,0,0
334690,"Action,Adventure,Indie",65,48,17
358830,"Action,Indie,RPG",136,123,13
1794680,"Action,Casual,Indie,RPG,Early Access",57483,56981,502
445860,"Action,Indie,Racing",27,20,7
546390,"Action,Casual,Free to Play,Indie",37,36,1
562840,"Action,Adventure,Free to Play,Massively Multiplayer,RPG",24,13,11
1844340,"Indie,Strategy,Early Access",0,0,0
1073490,"Adventure,Indie,RPG,Strategy,Early Access",18,15,3
1175720,"Action,Casual,Indie,Massively Multiplayer,Strategy",1,1,0
325090,"Adventure,Casual,RPG",150,134,16
1057150,"Action,Adventure,Indie",0,0,0
374010,Adventure,38,25,13
1521600,"Adventure,Casual,Indie",10,9,1
319760,"Indie,Strategy",137,114,23
1759700,"Action,Adventure,Indie",2,0,2
401820,Adventure,77,53,24
1011130,Casual,67,57,10
1921940,"Action,Casual,Indie",0,0,0
562700,"Action,Casual,Indie,Massively Multiplayer,Simulation,Sports",29,12,17
461500,"Action,Indie",40,31,9
1546750,"Casual,Simulation",10,3,7
1245780,"Indie,Simulation,Early Access",157,97,60
1268900,"Action,Indie,RPG,Strategy,Early Access",57,38,19
1017820,"Action,Indie,RPG,Sports",0,0,0
803080,"Action,Casual",7,4,3
1071260,Indie,6,6,0
1573970,"Adventure,Free to Play,Indie,RPG",0,0,0
292280,"Adventure,Casual",21,13,8
1063790,"Casual,Indie,RPG,Simulation",143,116,27
824170,"Action,Adventure,Free to Play,Indie,Early Access",0,0,0
1116190,"Action,Casual,Indie",0,0,0
1790740,"Casual,Strategy",0,0,0
340880,"Indie,Strategy",18,17,1
1594320,"Indie,Simulation,Strategy,Early Access",1036,945,91
982850,Indie,3,1,2
1691300,"Action,Indie,Strategy",0,0,0
1698690,"Indie,Simulation,Strategy",12,10,2
1543090,"Action,Adventure,Indie",4,2,2
922590,"Action,Simulation",2,0,2
1716530,Casual,1,1,0
1568570,"Action,Casual",3,1,2
835510,"Casual,Indie,Simulation",14,9,5
682080,"Action,Adventure,Indie",42,32,10
1926920,"Adventure,Free to Play",0,0,0
983820,"Animation & Modeling,Design & Illustration,Utilities,Early Access",14,2,12
1408100,"Action,Adventure,Casual,Free to Play,Indie,RPG",0,0,0
1877580,"Casual,Indie",0,0,0
1311700,"Casual,Indie,RPG,Simulation,Strategy",1,1,0
359390,Adventure,1706,1568,138
1462790,"Action,Adventure,Casual,Indie",11,10,1
1097780,Indie,22,22,0
1078550,"Action,Casual,Indie,Strategy,Early Access",17,17,0
1513240,Action,1,1,0
1684780,RPG,7,4,3
1206080,"Action,Adventure,Indie",5,0,5
1509150,"Action,Adventure,Indie,Strategy",0,0,0
1548870,"Simulation,Early Access",0,0,0
493580,Adventure,93,47,46
1544740,"Simulation,Sports",4,3,1
1693580,"Action,Adventure",1,0,1
1667800,"Casual,Indie",1,0,1
758410,Sports,119,93,26
432240,"Adventure,Indie",26,11,15
675120,"Action,Adventure,Indie",4,4,0
1481580,"Action,Adventure,Casual,Free to Play,Indie,Simulation",0,0,0
971350,Action,49,27,22
1310470,"Action,Casual,Indie",3,2,1
1479750,Action,3,2,1
947940,"Action,Free to Play,Indie,Strategy,Early Access",0,0,0
365360,"Indie,RPG,Strategy",9940,8890,1050
575450,"Action,Indie",23,18,5
1109650,Indie,2,2,0
694490,"Adventure,Casual,Indie",23,6,17
852340,"Action,Adventure,Casual,Free to Play,Indie",0,0,0
586970,"Action,Casual,Indie",61,38,23
881550,"Adventure,Casual,Indie,RPG,Simulation",0,0,0
1958230,"Casual,Indie,RPG,Strategy,Early Access",0,0,0
312960,"Action,Indie,Strategy",40,11,29
1257940,"Action,Adventure,RPG",10,8,2
1689750,"Action,Free to Play,Indie,Early Access",0,0,0
1110890,"Adventure,Casual,Indie,Simulation,Utilities",71,57,14
1016100,"Indie,Strategy",1,1,0
46570,"Adventure,Indie,RPG,Strategy",99,44,55
1497600,"Casual,Indie",15,13,2
1045920,"Casual,Indie",7,4,3
540650,"Action,Adventure,Indie,RPG",8,4,4
1037000,"Casual,Indie",3,3,0
586360,"Action,Casual,Simulation,Early Access",25,16,9
274130,Action,191,113,78
1787140,Action,0,0,0
1116340,"Adventure,Simulation",78,51,27
723940,"Adventure,Casual",4,4,0
1807310,"Casual,Indie",5,2,3
1688530,"Adventure,Casual,Indie",1,1,0
988920,"Utilities,Video Production",1,0,1
1489390,"Action,Adventure,Simulation,Strategy",7,5,2
670750,"Adventure,Casual,Indie",168,146,22
1282890,"Action,Casual,Strategy",13,13,0
1302000,"Action,Indie,Simulation",10,5,5
1857550,"Indie,RPG",17,16,1
2050400,"Action,Adventure,Casual,Indie,Simulation,Strategy",2,2,0
293200,"Indie,Strategy",21,14,7
966250,"Indie,RPG,Early Access",2,1,1
1184880,Casual,6,5,1
877780,"Casual,Indie",9,6,3
1747980,Indie,2,2,0
940980,"Adventure,Casual",5,4,1
352130,"Indie,Strategy",38,24,14
589470,"Action,Indie,RPG",16,13,3
706850,"Action,Indie,Strategy",26,25,1
1590360,"Action,Adventure,Casual,Free to Play,Indie,RPG,Simulation",0,0,0
1339850,Racing,10,10,0
869660,"Adventure,Indie,RPG",1,0,1
1903270,"Action,Adventure,Free to Play,Indie,Massively Multiplayer,RPG,Early Access",0,0,0
1120420,"Action,Adventure,Casual,Indie",16,16,0
809880,"Adventure,Casual,Indie",233,209,24
1535200,"Action,Casual,Indie,Racing,Simulation,Sports",20,17,3
811320,"Indie,RPG,Strategy",971,890,81
605800,"Action,Adventure,Indie",51,32,19
364740,"Indie,RPG,Strategy",12,10,2
964750,Adventure,4,2,2
495770,"Action,Casual,Indie",1,0,1
1517970,"Action,Adventure,Indie",357,304,53
863400,"Free to Play,Indie,Strategy,Early Access",0,0,0
1393010,"Design & Illustration,Video Production",0,0,0
1135260,"Action,Adventure,Indie,RPG",115,100,15
1579320,Adventure,29,20,9
1393360,"Adventure,Indie,Strategy",2,0,2
1440360,"Casual,Indie,Early Access",2,2,0
1204750,Indie,6,3,3
885470,Indie,0,0,0
361160,Strategy,2,2,0
1102980,"Adventure,Indie,RPG,Strategy",8,7,1
1465390,"Action,Adventure,Casual,Indie,RPG,Simulation",11,5,6
1592840,Casual,8,7,1
971210,"Action,Free to Play,Indie",0,0,0
1017670,"Action,Adventure,Casual,Indie,RPG,Simulation",10,7,3
1507890,"Action,Indie,RPG",1,1,0
673590,Casual,0,0,0
933430,"Action,Indie,RPG",1,1,0
838180,Strategy,55,44,11
108210,"Casual,Simulation,Strategy",2,0,2
80200,"Casual,Indie,Simulation,Strategy",321,255,66
649890,"Adventure,Casual,Free to Play,Indie",0,0,0
503370,"Indie,Simulation,Early Access",117,47,70
816380,Simulation,3,1,2
955700,"Action,Adventure,Casual,Indie,RPG",3,3,0
723810,"Action,Adventure,Early Access",6,1,5
836610,"Casual,Indie,Simulation",7,7,0
1179410,"Action,Adventure,Casual,Indie,RPG",7,5,2
1802430,"Casual,Indie",1,1,0
1568070,"Casual,Indie",7,7,0
948770,"Action,Adventure,Casual,Indie,Simulation,Strategy",3,3,0
499370,"Casual,Indie,Strategy",18,16,2
458990,"Adventure,Indie",19,9,10
225540,"Action,Adventure",35715,30092,5623
32750,"Action,Simulation",120,108,12
1040190,Strategy,2,2,0
410370,"Action,Casual,Indie",1,1,0
891320,Casual,7,4,3
820680,"Action,Adventure,Indie,Racing",2,1,1
1684720,"Action,Indie,Simulation",166,156,10
529260,Action,2,1,1
2003420,"Casual,Indie",2,2,0
623900,"Sports,Early Access",9,4,5
1547900,"Adventure,Casual,Indie,Sports",1,1,0
1434340,"Action,Adventure",0,0,0
657110,"Casual,Strategy",2,1,1
1403270,"Action,Adventure,Casual,Indie,RPG,Early Access",0,0,0
340700,"Casual,Indie",3,2,1
1980350,"Action,Casual,Indie,Strategy",106,78,28
1150400,"Action,Adventure,Indie",6,6,0
495750,"Action,Indie",0,0,0
1007390,"Action,Adventure,Indie,RPG",5,4,1
1469350,Casual,4,3,1
370150,"Casual,Indie",89,86,3
1982730,"Indie,Simulation,Strategy,Early Access",1,1,0
857300,"Adventure,Indie,RPG",8,6,2
1682620,"Adventure,Indie",7,7,0
683830,"Action,Casual,Indie",50,31,19
937520,"Casual,Indie,Racing",6,6,0
1778830,"Adventure,Indie,RPG",11,8,3
689790,"Audio Production,Video Production",128,80,48
599180,"Action,Indie",3,2,1
842590,"Action,Adventure,Casual,Indie",1,1,0
546080,"Adventure,Casual,Indie,RPG",111,92,19
1267410,"Simulation,Strategy,Early Access",2,2,0
1155480,"Action,Adventure,Indie",5,2,3
608530,"Action,Adventure,Indie",104,41,63
781800,"Action,Indie",1,0,1
1557230,"Adventure,Indie",17,15,2
719290,"Action,Adventure",2,1,1
1294720,"Action,Casual,Indie",1,1,0
511010,"Action,Adventure,Indie,RPG",8,4,4
943510,"Action,Indie",4,4,0
1520120,"Adventure,Casual,Indie,Early Access",0,0,0
847390,"Action,Casual,Indie",8,6,2
1786680,"Action,Casual,Indie",0,0,0
844090,"Simulation,Early Access",7,1,6
1989610,"Indie,RPG",0,0,0
1455560,"Adventure,Casual,Indie",0,0,0
1437060,"Action,Adventure,RPG,Strategy",3,1,2
1006410,"Action,Adventure,Casual,Indie,Strategy",0,0,0
645420,"Adventure,Casual,Indie",12,11,1
1188580,"Action,Adventure,Casual,Indie",2,2,0
386200,"Action,Adventure,Casual,Indie,Strategy",17,15,2
1958600,"Casual,Indie,Racing",13,12,1
535350,"Indie,RPG",6,3,3
784890,"Action,Casual,Indie",0,0,0
745730,"Action,Adventure,Indie",13,12,1
1821140,"Casual,Free to Play",0,0,0
1824210,"Casual,Simulation",0,0,0
509400,"Casual,Indie",7,5,2
738060,"Free to Play,Indie,Simulation",8,8,0
1640300,"Action,Indie,Early Access",150,125,25
1873740,"Action,Casual,Indie,Sports,Early Access",2,1,1
379990,"Action,Adventure,Indie,RPG",12,3,9
873710,"Adventure,Casual,Indie,Simulation,Sports,Strategy",3,1,2
1109890,"Action,Casual,Indie",0,0,0
765480,"Adventure,Casual,Free to Play,Indie",0,0,0
361680,"Action,Casual,Indie",2,2,0
1241590,"Action,Casual,Indie",0,0,0
269430,Racing,7,2,5
224980,"Action,Adventure",374,316,58
853150,"Indie,Strategy",0,0,0
1414790,Casual,0,0,0
297470,"Indie,Massively Multiplayer,RPG,Early Access",236,166,70
1371040,"Adventure,Casual,Indie,Simulation",3,3,0
1811940,Strategy,22,18,4
891960,"Casual,Free to Play,Simulation",0,0,0
310830,"Action,Indie",5,5,0
425870,"Action,Indie,Sports,Early Access",2,0,2
1826540,"Action,Adventure,Indie",4,4,0
1772370,"Action,Adventure,Indie,Sports",3,2,1
1091010,"Adventure,Casual,Free to Play,Indie,Massively Multiplayer,RPG",0,0,0
803870,"Action,Adventure,Indie",1,1,0
272060,"Adventure,Indie",29,18,11
757330,"Casual,Indie",104,95,9
1520830,"Action,Adventure,Casual,Free to Play,Indie,RPG,Simulation,Strategy",1,1,0
1638300,"Indie,Simulation,Strategy,Early Access",80,57,23
1419770,"Action,Adventure,Casual,Indie",0,0,0
1298830,"Action,Indie,Massively Multiplayer",1,1,0
1331470,"Simulation,Sports,Early Access",1,1,0
1119770,"Casual,Indie,Racing,Early Access",3,1,2
1916950,Indie,7,6,1
1323870,"Casual,Indie",0,0,0
543410,"Action,Adventure,Casual,Indie",13,9,4
1766310,"Action,Indie",0,0,0
1007140,"Indie,Racing,Simulation,Sports",8,6,2
609720,"Action,Adventure,Indie",5,3,2
836120,Indie,0,0,0
1592950,"Action,Early Access",2,0,2
1697470,"Action,Adventure,Casual,Indie,RPG,Simulation,Sports,Strategy",0,0,0
530560,"Action,Indie,Massively Multiplayer,RPG,Simulation,Early Access",198,53,145
456390,Action,10,10,0
357730,"Casual,Indie,Racing,Early Access",11,7,4
1768340,Adventure,0,0,0
1212730,"Action,Adventure,Free to Play,Indie",0,0,0
684210,"Adventure,Free to Play,Indie",0,0,0
1406740,"Indie,Simulation,Strategy",0,0,0
1711910,"Action,Casual,Indie",5,3,2
657060,"Adventure,Casual,Indie",1,1,0
466220,"Action,Adventure,Indie,Massively Multiplayer,RPG,Early Access",169,89,80
887730,"Action,Casual,Indie,Strategy,Early Access",19,15,4
893790,"Action,Adventure,Indie,Simulation",219,207,12
917150,"RPG,Simulation,Strategy",609,460,149
1417540,"Casual,Indie",19,18,1
1100210,"Action,Adventure,Casual,Indie",1,1,0
17500,"Action,Casual,Free to Play,Indie",24,20,4
1937600,"Adventure,Casual,Indie",5,4,1
460750,"Action,Casual,Indie",23,19,4
783330,"Adventure,Indie",4,3,1
1491170,"Indie,Simulation,Strategy",3,2,1
73210,"RPG,Simulation,Strategy",206,130,76
303210,"Adventure,Indie",11735,10219,1516
443260,"Indie,RPG,Simulation,Strategy",39,25,14
868980,"Action,Casual,Indie",479,465,14
285740,"Casual,Indie,Simulation",732,694,38
996710,"Casual,Indie",0,0,0
406350,"Action,Casual,Free to Play,Racing,Simulation,Sports,Strategy",1014,804,210
448650,"Casual,Indie",20,16,4
1401340,"Indie,Simulation,Strategy,Early Access",29,22,7
550520,"Casual,Simulation",0,0,0
352400,"Action,Adventure",2060,1804,256
427680,"Action,RPG",55,42,13
835520,"Casual,Indie",2,2,0
1554860,"Action,Adventure,Free to Play,Indie",0,0,0
957720,Strategy,236,203,33
890400,"Adventure,Free to Play,Massively Multiplayer,RPG,Strategy",0,0,0
412530,Casual,11,7,4
1000700,"Adventure,Indie",32,28,4
1206310,"Action,Casual,Indie",1,1,0
444940,"Action,Indie",153,127,26
779640,"Adventure,Indie,Simulation",28,20,8
1538470,Simulation,0,0,0
842520,"Action,Adventure,Casual,Indie",0,0,0
1525440,Casual,9,4,5
1328900,"Adventure,Indie,RPG",44,38,6
506780,"Design & Illustration,Utilities",17,15,2
1360550,"Adventure,Indie",18,11,7
1641820,"Action,Adventure,Indie,RPG",0,0,0
1677260,"Indie,Simulation",35,31,4
1173650,Adventure,1,0,1
890070,"Adventure,Free to Play",0,0,0
592550,"Indie,Simulation,Strategy",25,13,12
1167790,"Adventure,Free to Play,Indie,RPG",0,0,0
783230,"Action,Adventure,Indie,RPG",0,0,0
1957250,Utilities,0,0,0
765610,"Casual,Indie",20,18,2
1751270,"Action,Indie,Simulation,Early Access",13,12,1
1103300,"Casual,Indie",1,0,1
1259150,"Animation & Modeling,Photo Editing,Software Training,Video Production,Early Access",0,0,0
927990,"Free to Play,Indie",1,1,0
1619590,"Action,Indie",8,5,3
260990,"Audio Production,Utilities",30,22,8
1347460,"Indie,Strategy",4,3,1
530520,"Action,Indie",13,7,6
929030,"Adventure,Indie,RPG",7,3,4
914640,"Action,Adventure,Casual,Indie,RPG",13,8,5
1593790,"Indie,Game Development",4,3,1
816850,"Adventure,RPG,Simulation,Strategy",14,12,2
1086490,"Action,Adventure,Indie",4,1,3
1657150,"Adventure,Indie",1,1,0
777890,"Software Training,Early Access",0,0,0
359970,"Action,Adventure,Indie",11,11,0
1719660,"Adventure,Casual,Indie",34,30,4
1743460,"Action,Adventure,Indie",0,0,0
724080,RPG,9,4,5
864020,"Action,Adventure,Casual,Indie,RPG,Early Access",4,2,2
646530,Casual,20,17,3
503830,"Adventure,Indie,RPG",52,30,22
1471530,"Adventure,Casual,Indie",50,36,14
704700,"Casual,Strategy",1,1,0
1019260,"Action,Casual,Indie,Early Access",0,0,0
432330,Audio Production,48,33,15
221830,"Adventure,Indie",171,139,32
330350,"Action,Adventure,Casual,Indie",282,63,219
1293880,Action,0,0,0
698640,"Indie,RPG,Strategy",863,633,230
636720,"Adventure,Indie",23,16,7
591940,"Adventure,Indie,RPG",0,0,0
1481000,"Casual,Indie",12,11,1
943440,"Action,Casual,Indie,RPG,Strategy,Early Access",2,1,1
744390,"Adventure,Indie",1,0,1
848270,"Action,Adventure,Casual,Indie",4,3,1
1723760,"Action,Indie",0,0,0
992610,"Casual,Indie",15,13,2
642690,Simulation,0,0,0
1314160,"Free to Play,Indie,Simulation",0,0,0
1737620,"Adventure,Indie",9,8,1
674690,"Action,Indie,Early Access",0,0,0
1154360,"Action,Indie,RPG,Strategy",0,0,0
1315610,Action,251,211,40
778250,"Indie,Simulation,Strategy,Early Access",25,19,6
1572120,"Casual,Indie",9,8,1
1693100,"Action,Adventure,Indie",0,0,0
104100,"Action,Indie,Strategy",68,44,24
1302110,"Free to Play,Racing",0,0,0
1810960,"Casual,Indie,Simulation,Early Access",240,215,25
556130,"Action,Indie,Sports",3,3,0
1080700,"Adventure,Indie",4,3,1
393950,"Action,Indie",1,1,0
589360,"Adventure,RPG",3551,2967,584
873740,"Simulation,Early Access",2,0,2
1731520,"Action,Adventure,Casual,Indie,RPG",8,8,0
1323420,"Action,Simulation",450,406,44
1350570,"Action,Casual",7,6,1
1566390,Action,275,242,33
705740,"Action,Casual,Indie",41,25,16
502650,"Casual,Sports",23,15,8
1472820,"Casual,Indie,Strategy",0,0,0
1829160,Indie,1,0,1
1407460,"Casual,Indie",0,0,0
739050,"Indie,Strategy",6,1,5
321060,"Indie,Simulation",132,110,22
704850,"Action,Adventure,Indie,Simulation",5766,5104,662
647830,Action,1950,1636,314
1896630,"Action,Casual,Simulation,Strategy",4,4,0
533540,"Casual,Free to Play,Indie",0,0,0
1070580,"Casual,Indie,Racing",1377,1264,113
618140,"Casual,Indie,Racing",370,308,62
37360,Casual,6,3,3
301670,Adventure,31,22,9
1171030,"Indie,Racing,Strategy",1,1,0
958130,"Casual,Indie,RPG,Simulation",2,0,2
1440890,"Action,Casual,Free to Play,Indie",0,0,0
833770,"Action,Casual,Indie,Simulation,Sports,Early Access",4,3,1
1267470,"Indie,Strategy",139,125,14
94300,"Adventure,Casual,Indie",938,849,89
896340,"Adventure,Indie",27,21,6
1623960,"Casual,Indie",11,11,0
554150,"Action,Casual,Indie",39,36,3
730,"Action,Free to Play",1075732,945123,130609
1634380,"Action,Casual",1,0,1
1883570,Casual,5,5,0
716380,"Casual,Indie,Simulation,Early Access",86,49,37
1615920,RPG,9,6,3
235360,"Casual,Indie,RPG,Strategy",353,258,95
1653060,"Action,Adventure,Casual,Indie,RPG",0,0,0
674140,"Action,Adventure,Casual,Indie",1344,1328,16
1544420,"Adventure,Indie",0,0,0
1243690,Action,23,10,13
856550,"Action,Indie,Strategy",1,1,0
1648040,Adventure,7,7,0
1034440,"Action,Adventure,Indie,Simulation",0,0,0
1879380,"Adventure,Casual,Indie,RPG",11,9,2
1384510,"Adventure,Casual,Indie,RPG,Simulation,Strategy,Early Access",0,0,0
1227010,"Action,Casual",3,3,0
365120,"Action,Adventure,Indie",49,32,17
1189850,"Adventure,Casual,Free to Play,Indie",0,0,0
7650,Strategy,385,356,29
337070,Utilities,247,146,101
855180,"Casual,Indie",0,0,0
767130,"Sexual Content,Nudity,Casual,Indie,Simulation",4,1,3
253350,"Action,Adventure",78,64,14
1585130,"Action,Adventure,Casual,Indie,RPG",13,4,9
1696300,"Adventure,Casual",1,0,1
576950,"Action,Indie,Early Access",41,24,17
1138020,Action,0,0,0
1306790,"Action,Adventure,Indie",41,33,8
1506770,"Action,Adventure,Indie",7,2,5
1941130,Casual,0,0,0
588190,Simulation,548,370,178
1389070,"Indie,Simulation",9,9,0
1279700,"Adventure,Indie",65,60,5
1722390,"Action,Indie",6,6,0
1610840,"Action,Casual,Indie,Strategy",19,16,3
1305440,"Action,Adventure,Indie,RPG",13,11,2
630400,"Action,Adventure,Casual,Indie,Early Access",9,8,1
1164410,"Action,Adventure,Indie",4,4,0
598860,Video Production,13,10,3
1341930,"Casual,Indie",21,18,3
502880,"Action,Indie",20,4,16
202690,"Indie,Strategy",121,116,5
1526520,"Adventure,Free to Play,Massively Multiplayer,RPG,Simulation,Strategy",0,0,0
714970,"Violent,Adventure,Free to Play,Indie",0,0,0
1918080,"Action,Casual,Indie,Early Access",1,1,0
1283970,"Animation & Modeling,Design & Illustration,Education,Software Training,Utilities",537,508,29
1471410,"Action,Indie,Early Access",665,544,121
382310,"Indie,Simulation,Early Access",4697,3770,927
669960,Indie,3,2,1
438350,"Casual,Indie",19,17,2
33730,Simulation,66,50,16
386090,"Action,Indie",6,5,1
1447490,"Casual,Indie",28,23,5
1960380,"Casual,Free to Play,Indie",0,0,0
407700,"Action,Adventure,Indie,Massively Multiplayer,RPG,Early Access",12,3,9
1186600,Casual,24,17,7
1719470,"Action,Adventure,Indie",3,3,0
629230,"Action,Indie",14,10,4
1497940,Simulation,4,4,0
824760,"Adventure,Indie,RPG",19,14,5
1778850,"Adventure,Casual,Free to Play,Indie",0,0,0
1296700,"Action,Indie",20,20,0
1179680,"Adventure,Free to Play,Indie,Massively Multiplayer,RPG",0,0,0
1007400,"Action,Indie,RPG",131,62,69
2016140,"Action,Adventure,Casual,Indie,Simulation,Strategy",1,1,0
1258830,"Action,Adventure,Indie",0,0,0
1611650,"Casual,Indie,Massively Multiplayer,Strategy,Early Access",0,0,0
1282060,"Casual,Strategy,Early Access",1,1,0
1603290,"Action,Casual,Indie,Strategy",1,1,0
1433120,Massively Multiplayer,0,0,0
1505540,"Adventure,Casual,Indie",22,14,8
1972820,"Action,Adventure",9,8,1
729640,"Action,Casual,Indie",8,8,0
19080,"Action,Adventure,Casual",11,3,8
1094390,"Action,Adventure,Indie,Simulation",158,139,19
1083480,"Action,Casual,Free to Play,Indie,Massively Multiplayer,RPG",0,0,0
409590,"Action,Adventure,Indie,RPG,Simulation,Early Access",2174,1673,501
29560,"Massively Multiplayer,RPG",0,0,0
1714860,"Adventure,Indie,RPG",0,0,0
1444110,"Adventure,Free to Play,Indie",0,0,0
337960,"Indie,Sports",56,46,10
1973670,Casual,0,0,0
875660,"Adventure,Indie",5,5,0
978200,"Casual,Indie,Simulation",0,0,0
709750,"Action,Adventure,Indie",0,0,0
375500,RPG,77,46,31
1202090,Indie,6,2,4
497490,"Action,Casual,Indie",0,0,0
1942490,"Adventure,Indie",0,0,0
1665520,"Adventure,Casual,Indie,RPG,Strategy",1,0,1
1460550,"Action,Free to Play,Indie,Early Access",0,0,0
678240,"Action,Indie",2,2,0
1091170,Indie,9,5,4
1974400,"Action,Adventure,Free to Play,Racing,Simulation,Sports",0,0,0
297000,"RPG,Strategy",4310,3237,1073
667510,"Action,Adventure,Indie,RPG",1,1,0
843820,"Violent,Action,Casual",6,2,4
250380,Indie,340,286,54
871640,"Action,Casual,Indie",0,0,0
517970,"Action,Casual,Indie,Simulation",8,7,1
1892680,"Adventure,Casual,Indie,RPG",3,3,0
773670,"Casual,Indie",572,553,19
1586050,"Adventure,Casual,Indie",13,11,2
1382910,"Free to Play,Indie,Simulation,Strategy",0,0,0
858210,"Action,Indie,Early Access",5077,4944,133
1339890,"Action,Casual,Indie,RPG,Sports",71,50,21
295930,"Casual,Indie,Racing",7,5,2
714010,"Action,Adventure,Casual,Free to Play,Indie,Simulation,Early Access",62,47,15
1858940,"Adventure,Casual",0,0,0
1630810,"Action,Adventure,Indie",0,0,0
1204320,"Adventure,Indie,RPG",20,18,2
1440090,"Action,Casual,Indie,Early Access",0,0,0
1777090,"Adventure,Casual",8,8,0
1403890,"Action,Adventure,Casual,Indie",5,5,0
1513330,"Casual,Indie,Simulation,Sports",0,0,0
1036340,"Action,Adventure,Free to Play,Massively Multiplayer,Early Access",0,0,0
546230,Action,28,23,5
900370,"Casual,Indie,Strategy",17,12,5
1969130,"Action,Casual,Free to Play,Indie",0,0,0
1733030,"Indie,RPG,Strategy",15,13,2
1865440,"Action,Adventure,Casual,Free to Play,Indie",0,0,0
1096630,Action,7,3,4
1993140,"Casual,Indie,RPG",0,0,0
1275180,"Action,Casual,Indie",0,0,0
938050,Simulation,0,0,0
948070,"Adventure,Indie",2,1,1
848340,"Software Training,Utilities",0,0,0
454600,"Free to Play,Massively Multiplayer,Strategy",4,1,3
1035470,"Action,Adventure,Indie",2,2,0
657120,"Casual,Indie,Simulation",32,26,6
806580,RPG,18,17,1
1784470,Simulation,2,2,0
1404530,"Action,Adventure,Indie,Simulation",46,42,4
1418760,"Adventure,Indie,RPG,Simulation,Early Access",137,123,14
1206110,"Action,Adventure,Casual,Indie,Simulation,Strategy",12,11,1
982690,"Casual,Indie",1,0,1
1849190,"Adventure,Casual,Indie,RPG",0,0,0
1848080,"Action,Indie,Early Access",13,12,1
774151,Adventure,21,17,4
883880,"Adventure,Casual",26,16,10
1471610,Simulation,17,11,6
1183650,"Action,Adventure,Indie,Simulation",0,0,0
543100,"Adventure,Indie",39,24,15
491220,"Adventure,Indie",22,16,6
1357750,Casual,5,5,0
1065830,"Action,Adventure,Indie,Simulation",4,2,2
267960,Action,21,6,15
1449280,Action,486,448,38
1350060,Adventure,2,1,1
596530,RPG,3,3,0
1464500,"Action,Casual,Indie",6,4,2
1897000,"Casual,Indie,Simulation,Strategy",12,12,0
973450,"Action,Adventure,Indie,Early Access",28,20,8
719730,"Casual,Free to Play",0,0,0
1242820,"Casual,Indie",9,6,3
1151650,"Casual,Indie",3,3,0
622370,"Action,Adventure,Indie",57,32,25
1049800,"Action,Free to Play,Indie,Massively Multiplayer",0,0,0
354310,"Casual,Strategy",23,21,2
302170,"Adventure,Casual",22,12,10
1991480,Casual,5,4,1
1636900,Casual,0,0,0
1162130,"Adventure,Indie,RPG",462,281,181
1448200,Simulation,0,0,0
1396150,"Adventure,Casual,Indie",74,60,14
575750,"Adventure,Casual,Indie",10,6,4
212500,"Action,Adventure,Free to Play,Massively Multiplayer,RPG",97,83,14
324740,"Action,Adventure,Indie",249,194,55
687360,Indie,11,11,0
1446050,"Casual,Indie",0,0,0
2022270,"Casual,Free to Play,Simulation,Early Access",4,4,0
374970,"Casual,Indie,Simulation,Sports",4,0,4
1261200,"Indie,Simulation,Strategy",2,2,0
852110,"Casual,Indie",435,416,19
637120,"Action,Casual,Indie",4,3,1
377880,Strategy,84,73,11
817610,Utilities,3,1,2
1901780,"Adventure,Indie,Simulation",12,10,2
556260,"Adventure,Indie",11,6,5
778000,"Adventure,Casual,Indie,Strategy",1,1,0
1510780,"Action,Casual,Indie",1,0,1
552300,"Violent,Gore,Action,Adventure,Strategy",5,2,3
724760,"Action,Indie",4,3,1
914630,"Action,Adventure,Casual,Massively Multiplayer,RPG,Simulation",8,3,5
1217330,"Action,Indie,Strategy",13,10,3
1627220,"Action,Adventure",11,4,7
1155870,"Action,Indie,Simulation,Early Access",65,54,11
1074930,Software Training,1,1,0
793970,"Adventure,Racing,Sports",12,2,10
1533570,"Casual,Indie",5,3,2
468530,Adventure,40,34,6
1230540,Casual,0,0,0
1600840,"Adventure,Casual,Indie",22,21,1
218510,"Indie,Strategy",142,79,63
595640,"Adventure,Casual,Indie,Simulation,Strategy",9,6,3
488150,"Action,Indie,Simulation,Sports,Early Access",24,16,8
548260,"Violent,Action,Indie",4,2,2
495700,Adventure,58,52,6
1844540,"Adventure,Casual",1,1,0
359940,"Action,Adventure",103,73,30
1263820,Indie,19,18,1
1431170,"Action,Indie",0,0,0
738310,"Animation & Modeling,Design & Illustration,Education,Early Access",0,0,0
819980,"Action,Casual,Indie",3,3,0
2020080,Casual,6,6,0
984680,"Indie,Strategy",440,365,75
500760,"Action,Casual,Indie",3,1,2
815070,"Adventure,Casual,Indie",3,2,1
273760,Simulation,54,6,48
1928120,"Action,Adventure,Indie,RPG",3,3,0
1256830,"Indie,Simulation,Strategy",191,149,42
1255130,Casual,19,15,4
387800,Software Training,0,0,0
781630,"Action,Casual,Indie,Strategy",0,0,0
10250,Simulation,27,12,15
1278200,Strategy,15,9,6
1542460,"Indie,Simulation",5,4,1
1644220,"Action,Casual,Indie",1,1,0
1878070,Strategy,71,62,9
1962600,"Action,Adventure",0,0,0
1814570,"Adventure,RPG",28,25,3
405670,"Action,Indie",40,29,11
1116990,RPG,26,24,2
1576860,Casual,0,0,0
840840,Action,0,0,0
690570,"Casual,Indie,Racing",1,1,0
851880,"Adventure,Indie",11,8,3
1011070,"Indie,RPG,Simulation,Strategy",34,25,9
861550,"Action,Indie,Racing",10,8,2
500,Action,12601,11983,618
960420,"Action,Adventure",74,66,8
777250,"Action,Adventure,Indie,Massively Multiplayer,RPG,Early Access",0,0,0
1984000,Action,0,0,0
1389380,"Casual,Indie,RPG,Simulation,Early Access",0,0,0
828640,"Action,Adventure,Indie",38,32,6
829540,"Casual,Indie",21,19,2
534320,"Action,Casual,Indie",7,2,5
1248510,"Casual,Indie",0,0,0
1150650,"Free to Play,RPG,Strategy,Early Access",0,0,0
1733660,"Indie,Racing",14,12,2
1961870,Simulation,1,0,1
1513580,"Casual,Indie,Simulation,Strategy",19,15,4
955870,"Casual,Indie,Strategy",162,143,19
1270230,"Adventure,Indie",2,2,0
677300,Adventure,28,25,3
1418520,"Adventure,Casual,Indie",0,0,0
1073400,"Action,Casual,Indie",0,0,0
764670,"Action,RPG",32,19,13
1064100,Casual,0,0,0
1356070,"Casual,Indie,Simulation,Strategy",0,0,0
789050,"Casual,Indie,RPG",0,0,0
105600,"Action,Adventure,Indie,RPG",424093,416044,8049
1451580,"Casual,Indie,Strategy",4,3,1
739800,"Action,Adventure,Casual,Indie,RPG",4,3,1
1588340,"Action,Adventure,Casual,Indie,RPG,Strategy",29,27,2
1599880,"Adventure,Casual,Indie",261,257,4
263480,"Action,Indie",63,29,34
1771730,"Casual,Indie,Simulation,Strategy,Early Access",26,21,5
880730,"Action,Indie,Racing,Early Access",158,153,5
1393640,Casual,0,0,0
419090,"Action,Indie",13,7,6
1465860,"Action,Adventure,Casual,Free to Play,Indie,Simulation",2,2,0
789540,"Adventure,Casual,Free to Play,Indie",0,0,0
375430,"Adventure,Indie,RPG",3,2,1
355680,Strategy,205,153,52
455440,"Action,Adventure,Indie,RPG",9,6,3
1690660,"Action,Adventure,Casual,Indie,RPG,Simulation",0,0,0
1692890,Casual,1,0,1
1778130,Indie,1,1,0
383700,"Action,Casual",20,12,8
848780,"Action,Casual,Indie,Strategy",0,0,0
1389830,"Adventure,Casual,Indie",0,0,0
1531730,"Action,Casual,Indie,Racing,Simulation,Sports",9,5,4
1398120,"Adventure,Casual,Indie,Strategy",1,0,1
643270,"Free to Play,Indie",1,1,0
1033110,"Adventure,Casual,Indie",2,0,2
1085930,"Action,Adventure,Indie,RPG",5,4,1
1216370,"Adventure,Casual,Indie,RPG,Strategy",5,1,4
650720,"Action,Casual,Indie",2,0,2
425820,"Action,Indie,RPG",46,38,8
1031770,"Adventure,Indie,RPG",1,1,0
35140,"Action,Adventure",14315,13792,523
613620,"Action,Indie,Early Access",2,2,0
1025990,"Adventure,Casual,Indie,Simulation",1,0,1
414060,"Casual,Indie",9,3,6
1272060,"Simulation,Sports",6,4,2
1385730,"Casual,RPG",392,375,17
1039380,"Casual,Indie,Strategy",8,7,1
624320,"Action,Adventure,Indie",35,31,4
609760,"Adventure,Indie,RPG",25,21,4
352310,Audio Production,0,0,0
414330,"Adventure,Indie,Simulation",22,9,13
1196030,Strategy,0,0,0
347040,"Action,Indie",13,9,4
1011090,"Indie,Simulation",37,30,7
1268540,"Casual,Indie,RPG,Early Access",2,2,0
688140,Casual,99,67,32
1385620,"Casual,Indie,RPG,Simulation",0,0,0
1956990,"RPG,Strategy",0,0,0
1590850,"Indie,Simulation,Early Access",45,43,2
402390,"Action,Casual,Indie",10,8,2
930430,"Action,Indie",4,4,0
988490,Strategy,118,108,10
1548620,Indie,8,6,2
700650,"Action,Adventure,Casual,Sports",7,5,2
1606460,"Action,Indie",1,1,0
1680500,"Action,Adventure,Indie",9,9,0
1560170,Simulation,2,0,2
1361060,"Action,Casual,Indie",0,0,0
1571450,"Action,Indie,Simulation",0,0,0
509930,"Action,Indie",2,0,2
1124630,"Adventure,Indie",1,1,0
618350,"Casual,Indie",27,25,2
1161770,"Adventure,Free to Play,Indie,Early Access",0,0,0
347560,"Adventure,Indie,RPG,Early Access",366,254,112
489110,"Action,Adventure,Indie",49,47,2
875460,"Design & Illustration,Photo Editing,Utilities",13,11,2
1425620,"Adventure,Casual,Early Access",0,0,0
959920,"Indie,Sports",10,6,4
388300,"Adventure,Indie",14,4,10
1561530,"Action,Adventure,Casual,Indie",1,1,0
386540,"Action,Indie,Simulation,Strategy",11,2,9
664610,"Casual,Indie",11,8,3
1985430,"Action,Casual,Indie,Early Access",0,0,0
1892450,"Action,Indie,Sports",1,1,0
657260,Action,11,11,0
1422730,"Action,Adventure,Indie,RPG,Simulation",6,4,2
1430690,"Adventure,Free to Play,Indie,RPG",0,0,0
1711190,"Casual,Strategy",13,13,0
828460,"Action,Indie",2,1,1
884920,"Action,Adventure,Indie",0,0,0
805120,"Adventure,Indie,RPG",9,5,4
658760,"Indie,Strategy",2,2,0
1616230,"Casual,Indie",3,1,2
1265120,"Action,Adventure,Indie,Simulation",16,16,0
1264510,"Action,Indie",2,1,1
732030,"Indie,Simulation,Strategy",11,10,1
2018340,Action,0,0,0
596640,"Action,Adventure,Indie,Simulation",19,11,8
592740,"Adventure,Indie,RPG",3,1,2
578470,"Action,Casual,Indie,Simulation",4,4,0
1258460,"Adventure,Casual,Indie",79,56,23
1174430,Action,1,1,0
1583950,"Casual,Indie",2,2,0
661820,"Action,Casual,Indie",3,3,0
1276610,"Adventure,Indie,Simulation",200,122,78
1610670,Adventure,7,2,5
1068680,"Indie,RPG",6,6,0
1462190,"Action,Adventure,Indie,RPG,Early Access",1,0,1
1858860,"Action,Casual,Free to Play,Indie,Early Access",0,0,0
1538350,"Action,Strategy",4,4,0
486460,"Adventure,Casual,Free to Play",0,0,0
1422210,"Casual,Indie",16,14,2
1918590,"Casual,Free to Play,Racing,Simulation,Strategy,Early Access",0,0,0
655730,"Action,Adventure,Indie",218,181,37
706690,"Action,Indie",9,3,6
718980,"Action,Adventure,Indie,Strategy",2,1,1
617290,"Action,Adventure,RPG",19609,17069,2540
461990,"Violent,Action,Indie,Early Access",2,0,2
1359820,"Adventure,Casual,Indie",3,2,1
337280,"Action,Adventure,Indie",38,27,11
334230,"Indie,RPG,Strategy",22951,20393,2558
342450,"Adventure,Indie",90,44,46
363490,"Action,Adventure,Indie,RPG,Strategy,Early Access",184,66,118
1182760,"Casual,Indie",50,31,19
1690390,"Action,Casual,Indie",1,1,0
1606950,"Indie,Simulation,Strategy",11,9,2
1929950,Casual,0,0,0
628320,"Action,Adventure,Indie,RPG",28,20,8
1003940,"Action,Free to Play,Indie,Massively Multiplayer",0,0,0
880130,"Action,Adventure,Indie,RPG,Strategy",73,66,7
992240,"Indie,RPG,Early Access",0,0,0
364850,"Adventure,Casual,Indie,Strategy",3,1,2
588730,"Adventure,Casual,Indie",291,276,15
1061160,"Action,Indie",10,6,4
519180,"Casual,Indie,Simulation,Strategy",25,2,23
1472250,"Action,Adventure,Free to Play",0,0,0
1426790,"Action,Indie",86,45,41
814420,"Casual,Indie,Strategy",10,10,0
925600,"Action,Adventure,Indie,Early Access",1,0,1
1980490,"Racing,Sports",5,4,1
1547350,"Action,Adventure,Indie",18,17,1
1061920,"Adventure,Indie",41,37,4
1071080,"Action,Adventure,Free to Play,Indie",0,0,0
1216050,"Indie,RPG",11,11,0
1060300,"Adventure,Indie,Simulation",76,39,37
728730,"Casual,Free to Play,Indie,Simulation,Strategy",0,0,0
510660,"Adventure,Casual,Free to Play,Indie,Massively Multiplayer,RPG,Strategy",8,6,2
1364960,"Adventure,Indie,Strategy",0,0,0
1725350,"Action,Adventure,Indie",5,5,0
1394400,"Action,Adventure,Indie",1,0,1
280220,"Indie,Simulation,Strategy",2723,2625,98
809250,"Action,Adventure,Free to Play,Indie",0,0,0
1945910,Adventure,0,0,0
421600,"Adventure,RPG",50,30,20
607720,"Casual,Indie,Simulation,Sports",7,4,3
740290,"Indie,Early Access",144,127,17
749140,"Action,Adventure",18,18,0
37230,Simulation,10,5,5
1197390,Indie,19,19,0
1582210,"Action,Casual,Free to Play,Indie,Massively Multiplayer,Simulation",0,0,0
1457020,"Casual,Indie",0,0,0
1802340,"Casual,Indie",2,2,0
281640,"Indie,RPG,Strategy",1491,1357,134
1373180,"Adventure,Casual,Indie,RPG,Simulation,Strategy",3,3,0
1989990,Action,0,0,0
583240,"Action,Indie",8,8,0
215930,"RPG,Strategy",326,222,104
803290,"Action,Adventure,Indie",0,0,0
301910,Action,2991,2191,800
444690,"Action,Adventure,Indie,Strategy,Early Access",89,47,42
377190,"Indie,RPG",18,16,2
711350,"Adventure,Indie,RPG",3,0,3
1385480,Strategy,2,1,1
1277190,"Action,Adventure,Indie,RPG",5,5,0
895960,Indie,1,0,1
585290,"Adventure,Indie,Strategy",38,21,17
1283890,Indie,5,5,0
1923860,"Action,Indie",1,0,1
501950,"Action,Adventure,Indie,RPG,Strategy",27,17,10
664140,"Casual,Indie",3,3,0
1196390,"Adventure,Casual",6,6,0
1184260,"Action,Casual,Indie",2,2,0
1839250,"Casual,Free to Play,Indie",0,0,0
404040,"RPG,Strategy",308,286,22
1634830,Action,0,0,0
1288130,"Action,Adventure,Casual,Indie",5,5,0
281370,Indie,464,139,325
1022280,"Casual,Indie,RPG,Simulation",2,1,1
395140,"Action,Indie",9,9,0
872490,Adventure,9,5,4
991620,"Adventure,Indie",3,3,0
715100,"Action,Indie",0,0,0
688180,Indie,0,0,0
239820,"Casual,Indie,Simulation,Strategy",19885,18834,1051
1685300,"Adventure,Free to Play,Indie,Massively Multiplayer,RPG",0,0,0
546550,"Action,Indie",50,44,6
1853140,"Casual,Indie,Simulation",1,0,1
417150,"Adventure,Indie",45,37,8
527810,"Action,Indie",6,5,1
1630650,"Casual,Indie",27,25,2
629540,"Action,Indie",40,33,7
796710,"Action,Indie",1,0,1
531990,"Action,Casual,Free to Play,Indie,Sports",0,0,0
1288030,"Adventure,Indie,RPG",0,0,0
1866710,"Indie,Simulation,Sports,Strategy",9,5,4
428610,"Indie,Strategy,Early Access",48,31,17
1772070,"Casual,Indie,Strategy",1,1,0
982710,"Free to Play,Indie",0,0,0
1735640,"Casual,Strategy,Early Access",0,0,0
356820,"Action,Indie",1,1,0
664850,Adventure,28,28,0
414490,"Action,Indie,Early Access",18,18,0
576800,"Action,Adventure,Indie,RPG",9,7,2
644560,"Adventure,Indie,RPG",7498,6923,575
496240,"Action,Indie,Simulation,Strategy,Early Access",6173,4508,1665
246360,"Casual,Indie",17,7,10
1322600,"Action,Adventure,Casual,Indie,Racing,RPG,Simulation,Sports,Strategy",16,15,1
1107790,Adventure,566,431,135
1333270,"Action,Casual,Indie,Racing,Simulation,Sports",2,2,0
7620,Strategy,761,688,73
1087100,"Action,Indie",6,3,3
700770,"Action,Indie,Massively Multiplayer,Racing",9,3,6
533340,"Action,Adventure,Casual,Indie",30,7,23
1112670,"Action,Casual",0,0,0
1141770,"Action,Casual,Free to Play,Indie",0,0,0
50980,Casual,35,28,7
1534270,"Adventure,Casual,Indie",56,55,1
437420,"Adventure,Casual",100,88,12
853200,"Action,Indie,Racing,Sports",84,76,8
1333050,"Action,Indie",4,3,1
585710,"Action,Indie",476,393,83
1736490,Indie,2,1,1
1366060,Casual,1,1,0
267670,RPG,30,17,13
565200,"Adventure,Casual,Indie",2,2,0
1595540,Indie,3,3,0
1449380,"Action,Adventure,Casual,Indie",2,2,0
1408550,Action,0,0,0
731940,"Casual,Indie",39,32,7
862260,"Action,Indie,Racing,Early Access",17,11,6
1086270,"Action,Indie",1,1,0
298240,"Action,Casual,Free to Play,Indie,Simulation",79,46,33
288140,"Indie,Simulation,Sports,Strategy",744,488,256
771120,"Casual,Indie,Strategy",0,0,0
1517510,Indie,5,5,0
1328220,"Action,Adventure,Casual,Free to Play,Indie,Simulation",0,0,0
901147,"Action,Adventure",76,27,49
670080,"Action,Indie",0,0,0
1266560,"Action,Free to Play,Massively Multiplayer,RPG",0,0,0
1052080,"Action,Indie",4,4,0
1871030,Simulation,5,0,5
1102580,"Indie,Simulation",25,16,9
1829420,"Action,Adventure,Indie",16,16,0
311840,"Casual,Indie,Simulation,Strategy",40,18,22
791760,"Action,Adventure,Indie,Strategy",8,4,4
1397030,"RPG,Simulation",193,189,4
1455020,"Action,Adventure,Indie,RPG,Early Access",1,1,0
769970,"Adventure,Indie",255,209,46
410110,"Action,Indie",872,653,219
543980,"Adventure,Indie,RPG",142,121,21
1573190,Strategy,0,0,0
967130,"Animation & Modeling,Design & Illustration,Utilities",58,45,13
455940,"Casual,Indie,Strategy",17,7,10
792050,Sports,0,0,0
1186670,Action,0,0,0
404390,"Action,Casual,Indie,Strategy",10,9,1
589420,"Action,Casual,Indie,Simulation",62,54,8
422900,"Indie,Simulation,Strategy",779,718,61
597090,Indie,3,2,1
1018170,"Action,Adventure,Casual,Indie,RPG,Simulation",0,0,0
1233900,"Adventure,Indie",71,33,38
1532680,"Indie,RPG",3,1,2
1427030,"Action,Indie",10,9,1
1423600,RPG,139,131,8
1984230,Adventure,21,6,15
795420,"Adventure,Casual,Indie",486,469,17
968410,"Action,Indie",1,0,1
1265220,"Simulation,Strategy",67,61,6
1070800,"Free to Play,Indie",0,0,0
933140,Indie,36,32,4
446840,"Action,Indie",98,95,3
1443300,"Action,Adventure,Indie",14,11,3
1383850,"Adventure,Indie",6,6,0
945950,"Adventure,Indie,RPG,Early Access",5,2,3
1280310,"Action,Casual,Indie",2,1,1
1296830,"Action,Adventure,Indie,RPG",586,549,37
996980,Indie,12,11,1
1049560,Strategy,6,6,0
1729600,"Action,Adventure,Casual",6,6,0
1959880,"Casual,Strategy,Early Access",4,3,1
1800950,"Casual,Indie",4,3,1
565140,"Adventure,Casual",8,8,0
858040,"Casual,Indie,Strategy",32,27,5
1662230,"Action,Adventure,Indie,Simulation",0,0,0
1910680,"Casual,Indie,Strategy,Early Access",483,462,21
839030,"Adventure,Indie",1,0,1
1413670,"Casual,Indie",1,1,0
1465780,"Adventure,Indie,RPG,Early Access",0,0,0
1417770,"Action,Adventure,Indie",8,3,5
678450,"Action,Casual,Indie,Massively Multiplayer,Simulation,Sports",5,1,4
1028850,"Adventure,Indie,Strategy",7,6,1
828540,"Action,Adventure",0,0,0
559150,"Adventure,Casual",2,2,0
1787920,"Indie,Strategy,Early Access",0,0,0
1073990,"Adventure,Indie,RPG,Early Access",0,0,0
686760,"Casual,Indie",67,58,9
345990,Action,17,13,4
764240,"Adventure,Casual,Massively Multiplayer,Simulation",16,10,6
351510,"Casual,Indie,Strategy",753,700,53
381170,"Action,Adventure,Indie",5,3,2
821360,"Action,Casual,Indie",1,1,0
794650,"Action,Adventure,Casual,Indie,RPG,Simulation,Strategy",19,6,13
994750,"Casual,Indie",0,0,0
761920,"Action,Indie",5,4,1
888810,"Action,Adventure,Indie,Early Access",5,1,4
1541130,"Casual,Indie",1,1,0
1159770,Racing,1,1,0
550180,"Casual,Indie",2,1,1
684000,"Indie,RPG",19,18,1
368700,"Action,Indie",12,9,3
1299750,"Action,Adventure,Casual,Indie",10,7,3
872790,"Simulation,Sports",2532,2204,328
12440,Adventure,29,16,13
788320,"Casual,Indie",9,7,2
731760,Adventure,7,2,5
1620640,"Adventure,Indie,Strategy",17,17,0
782130,"Casual,Indie,Simulation",0,0,0
501470,"Action,Free to Play,Early Access",0,0,0
567750,"Casual,Indie,RPG,Simulation",156,118,38
1634680,"Indie,Utilities,Early Access",3,3,0
1692080,"Animation & Modeling,Design & Illustration,Photo Editing,Utilities,Video Production",6,5,1
454780,"Indie,Strategy",2,2,0
912360,"Action,Indie",0,0,0
243160,"Action,Adventure,Indie",99,84,15
803570,"Sexual Content,Nudity,Violent,Gore,Action,Adventure,Indie,Early Access",5,1,4
619780,"Action,Adventure,Indie,RPG",643,427,216
1344210,Early Access,3,2,1
1526380,Simulation,33,23,10
1111460,"Adventure,Indie,Simulation",48,45,3
1106750,"Action,Strategy,Early Access",2181,1402,779
628190,"Free to Play,RPG,Strategy",0,0,0
833170,"Action,Indie,Strategy",43,24,19
925930,"Adventure,Casual",186,176,10
466890,"Action,Adventure",32,5,27
1196880,"Free to Play,Indie,Massively Multiplayer,Strategy",0,0,0
1851240,"Action,Adventure,Casual,Indie,RPG,Early Access",0,0,0
649880,"Casual,Indie,Simulation",20,14,6
553610,"Casual,Indie,Simulation,Strategy",19,13,6
1903690,"Action,Indie",2,2,0
1603920,Action,3,2,1
967410,"Action,Indie,Simulation,Early Access",76,49,27
792100,"Indie,Simulation",599,561,38
1893600,"Action,Indie,RPG,Sports",0,0,0
1216930,"Action,Adventure,Indie,Strategy",4,2,2
974070,"Casual,Indie,Strategy",0,0,0
848260,"Casual,Indie,Racing,Simulation,Sports",10,4,6
528860,Simulation,9,9,0
1147200,"Casual,Indie",0,0,0
931570,"Casual,Indie,Strategy,Early Access",2,2,0
1067050,"Action,Adventure,Indie,RPG",1,1,0
753650,"Action,Indie,Simulation,Early Access",3684,3160,524
586770,"Adventure,Casual,Simulation,Strategy",13,11,2
1845460,"Action,Adventure,Indie",2,2,0
1816360,Utilities,0,0,0
1101360,"Action,Indie,Racing,Strategy",147,100,47
1300960,"Adventure,Casual,Indie,Strategy",3,3,0
409730,"Action,Indie,Strategy",20,15,5
956400,"Adventure,Casual",9,9,0
1421350,"Action,Casual",0,0,0
1833190,"Action,Adventure,Early Access",0,0,0
1115580,"Action,Casual,Indie",27,27,0
1863250,"Adventure,RPG",10,10,0
1203390,"Action,Indie,Sports",1,1,0
567660,"Casual,Indie,Sports",6,6,0
367450,"Indie,Simulation",4816,4335,481
906880,"Casual,Indie",4,4,0
688570,"Adventure,Casual,Indie",21,10,11
743660,"Action,Indie",5,5,0
774171,"Action,Casual,Indie",19147,18407,740
1018720,"Action,Adventure,Indie,Massively Multiplayer,Simulation,Strategy,Early Access",2,1,1
1064450,"Action,Adventure,Indie",1,1,0
926390,"Action,Adventure,Indie,RPG",71,58,13
508980,"Action,Racing",318,273,45
1194520,"Action,Adventure,Casual,Indie,RPG,Simulation",0,0,0
839820,"Action,Adventure,Casual,Indie,Sports,Strategy",2,1,1
1274850,Adventure,1,0,1
884530,"Adventure,Casual,Indie,Simulation,Strategy",7,0,7
1660150,RPG,0,0,0
1143320,"Adventure,Indie",1,1,0
265670,"Adventure,Indie",15,5,10
252070,"Action,Indie",101,78,23
658150,"Action,Indie",92,88,4
1288330,"Action,Simulation",1,1,0
528270,Action,29,26,3
1042110,"Action,Adventure,Casual,Indie",1,1,0
1627030,"Casual,Racing,Early Access",0,0,0
1263160,Action,164,156,8
1367590,"Action,Adventure",1200,1127,73
240720,Action,25526,21562,3964
412600,"Action,Indie",38,15,23
1783380,"Casual,Indie,Simulation",8,7,1
618370,Casual,15,12,3
514490,Casual,9,5,4
1243420,"Adventure,Casual,Indie,Simulation,Strategy",89,70,19
538920,"Action,Casual,Indie,Strategy",20,5,15
990240,"Adventure,Casual,Indie",4,2,2
1569350,Adventure,18,15,3
831490,"Action,Adventure,Free to Play,Indie,Simulation",0,0,0
397060,"Adventure,Indie,Massively Multiplayer,RPG,Strategy",645,551,94
1807560,"Casual,Free to Play,Indie",0,0,0
1184760,"Action,Adventure,Indie",149,128,21
504230,"Action,Adventure,Indie",25760,25187,573
1224470,"Adventure,Casual,Indie,RPG,Strategy",0,0,0
302690,"Adventure,Indie",271,232,39
1970850,"Action,Indie",1,1,0
1852410,"Action,Indie",5,4,1
1819860,"Action,Adventure,Casual",10,9,1
751940,"Action,Indie",0,0,0
1294040,"Action,Adventure,Indie",6,5,1
684590,"Adventure,Indie,RPG",13,12,1
1768530,"Indie,Strategy",2,2,0
776440,"Action,Indie",0,0,0
739170,"Adventure,Casual,Strategy",12,8,4
502150,Casual,10,9,1
294810,Action,480,441,39
515960,"Adventure,Indie",572,430,142
740130,"Action,RPG",7499,6784,715
779650,"Action,Adventure,Free to Play",0,0,0
545820,"Adventure,Casual,Free to Play",8,5,3
1422280,"Action,Racing,Sports",6,3,3
388830,"Casual,Indie,Early Access",1,0,1
575010,"Adventure,Indie",84,64,20
1677380,"Action,Adventure,Indie,RPG",7,7,0
907350,"Adventure,Casual,Free to Play,Indie",2,2,0
885380,Simulation,16,9,7
1713620,"Action,Casual,Indie",4,4,0
576700,Indie,3,0,3
460650,"Action,Indie",26,16,10
847580,Indie,8,1,7
1831050,"Adventure,Casual,Indie,Simulation",7,7,0
311800,"Action,Indie,RPG,Early Access",368,349,19
1893210,"Adventure,Indie",0,0,0
1137630,"Adventure,Casual",0,0,0
1523500,"Indie,RPG,Simulation",0,0,0
1704980,Casual,3,3,0
1808620,"Casual,Indie,RPG,Strategy,Early Access",6,3,3
654700,"Action,Adventure,Casual,Indie",5,2,3
1956420,"Adventure,Casual,Indie",0,0,0
1137930,"Action,Adventure,Casual,Indie,Strategy",1,1,0
569130,"Action,Casual,Indie",1,1,0
1879560,"Action,Adventure",3,2,1
904950,"Action,Adventure,Casual,Indie,Early Access",2,0,2
893150,"Action,Free to Play",0,0,0
1106350,"Casual,Indie",5,3,2
387010,"Action,Adventure,RPG",69,52,17
1097520,"Casual,Indie,Strategy",18,15,3
1505750,Indie,0,0,0
1403350,"Action,Adventure,Indie,Racing,Simulation,Sports",5,4,1
1559960,"Action,Adventure,Casual",8,8,0
1109110,"Casual,Indie,RPG,Simulation,Strategy",4,2,2
1497180,"Action,Indie",5,4,1
1589410,"Casual,Indie",0,0,0
350610,"Action,Adventure,Casual,Indie,RPG,Strategy",20,17,3
1275980,"Action,Casual,Indie,Strategy",10,9,1
1079330,"Casual,Indie,Strategy",1,0,1
1020010,"Action,Adventure,Casual,Indie",0,0,0
387970,"Action,Free to Play,Indie",4,3,1
350070,"Action,Adventure,Indie",809,693,116
1481210,"Action,Indie,Early Access",4,1,3
1739590,Utilities,0,0,0
306410,"Casual,Indie",135,70,65
1901090,"Casual,Indie,Simulation,Strategy,Early Access",2,0,2
291370,"Indie,Strategy,Early Access",133,34,99
337490,Indie,154,116,38
668770,"Adventure,Free to Play,Simulation",0,0,0
1442750,Indie,2,2,0
1113850,"Action,Adventure,Indie",0,0,0
1803960,"Action,Indie,RPG",12,12,0
47790,Action,1415,1095,320
709340,"Adventure,Casual",2,2,0
710610,"Adventure,Casual,Indie,RPG",119,94,25
371180,Action,397,369,28
754530,Simulation,544,354,190
771860,"Action,Casual,Indie,Racing",0,0,0
574440,"Action,Adventure,Casual,Free to Play,Indie,Simulation,Strategy",0,0,0
1177890,Indie,17,12,5
1109310,Strategy,9,4,5
1195820,"Action,Adventure,Indie",2,0,2
939620,"Casual,Indie,Simulation",25,24,1
1780520,RPG,12,11,1
1206320,"Action,RPG,Early Access",1,0,1
722290,"Action,Adventure,Casual,Indie",5,2,3
1681040,"Casual,Indie,Simulation",11,11,0
1537600,"Adventure,Casual,Indie,Simulation",6,6,0
31190,"Adventure,RPG",45,42,3
412880,"Action,Indie,Massively Multiplayer,Racing,Simulation,Sports",1401,853,548
2005440,"Casual,Indie",0,0,0
1276140,"Action,Adventure,Indie",3,2,1
821180,"Action,Adventure,Casual,Indie,Early Access",4,1,3
339340,"Action,Adventure",2132,1685,447
844440,"Action,Indie",7,7,0
1300790,"Action,Indie,Early Access",1,0,1
1569650,Casual,9,9,0
1552810,Adventure,72,55,17
938390,"Casual,Simulation",14,2,12
851890,"Action,Adventure",385,345,40
698590,"Action,Adventure,Indie,RPG",16,13,3
1254200,"Action,Indie",0,0,0
1832140,"Action,Casual,Free to Play,Indie,Strategy",0,0,0
765360,"Casual,Indie,RPG",3,3,0
548280,"Casual,Indie",0,0,0
1456230,"Action,Adventure,Free to Play,Indie,Simulation",0,0,0
600990,"Adventure,Indie",708,660,48
1116200,"Casual,Indie,Early Access",2,2,0
466580,"Indie,RPG",3,1,2
545920,Simulation,8,4,4
333880,"Adventure,Casual,Indie,RPG,Strategy",121,97,24
1761290,Simulation,11,11,0
602880,"Action,Adventure,Indie",5,4,1
748420,"Action,Free to Play,Simulation,Sports",0,0,0
1140540,"Casual,Indie,Simulation",0,0,0
2015500,"Action,Adventure,Casual,Indie",15,14,1
466820,"Action,Indie",16,15,1
824470,"Adventure,Casual",8,6,2
448380,"Action,Casual,Indie",11,10,1
586750,"Indie,RPG,Strategy",274,161,113
1394640,"Action,Free to Play,Indie",0,0,0
1063440,"Action,Adventure,Indie,Simulation",25,10,15
1153220,"Adventure,Casual,Indie,Simulation,Strategy",2,1,1
351820,Action,17,13,4
1443030,"Action,Adventure,Indie",1,1,0
1159880,"Adventure,Indie",0,0,0
558670,"Adventure,Casual",6,6,0
858080,"Action,Adventure,Casual,Indie",2,1,1
2021190,Adventure,0,0,0
411600,"Indie,RPG,Simulation,Strategy,Early Access",58,20,38
823830,"Adventure,Casual,Free to Play,Indie",0,0,0
1822910,Simulation,398,387,11
1099220,"Adventure,Indie",101,87,14
1071280,Indie,33,30,3
1028800,"Action,Adventure,Casual,Indie,RPG,Simulation,Early Access",23,10,13
1576850,Simulation,12,9,3
1567420,"Adventure,Free to Play,Indie",0,0,0
787450,"Adventure,Free to Play,Indie,RPG",0,0,0
12480,Strategy,86,40,46
1605130,Adventure,4,4,0
1096750,"Adventure,Indie,RPG",8,6,2
1014820,"Action,Adventure",3,2,1
1794220,"Casual,Indie",4,4,0
1583390,"Action,Indie,Simulation",39,34,5
853780,"Action,Indie",0,0,0
1695480,"Action,Indie",31,30,1
744050,Action,89,79,10
664290,"Violent,Gore,Casual,Indie,Strategy",45,25,20
1155790,"Adventure,Casual,Indie",9,9,0
1471680,"Racing,Sports",2,2,0
946070,"Action,Adventure,Casual,Indie,Massively Multiplayer",4,2,2
1475250,Indie,1,1,0
568160,"Adventure,Casual",8,8,0
839010,Indie,2,2,0
760050,"Action,Indie",37,30,7
1597650,Indie,1,1,0
466800,"Adventure,Casual,Simulation",147,119,28
516440,Action,3,2,1
911400,"Action,Adventure",1992,1207,785
1133910,"Action,Casual,Indie,Racing",7,7,0
98200,"Indie,Strategy",841,755,86
566050,Strategy,701,676,25
615910,"Action,Indie,Simulation,Sports,Early Access",56,37,19
1542790,"Racing,Simulation,Sports",120,109,11
1032670,Adventure,68,59,9
1548800,"Action,Casual,Indie",8,8,0
1106030,Adventure,0,0,0
619100,"Action,Casual,Indie",1,1,0
1194830,"Action,Indie,RPG,Simulation,Early Access",279,237,42
1079630,"Casual,Indie",25,18,7
436230,"Indie,Simulation",172,114,58
1710580,"Racing,Simulation,Sports",209,158,51
1779650,"Action,Indie,Massively Multiplayer",1,1,0
355170,Adventure,361,350,11
802090,"Adventure,Casual,Indie",2,2,0
527270,RPG,614,552,62
1489130,"Action,Free to Play,Indie",0,0,0
1568650,"Adventure,Casual,Free to Play,Strategy",15,14,1
665900,"Adventure,Casual,Indie",0,0,0
711210,"Casual,Indie,Simulation",20,16,4
675720,"Action,Casual,Indie",16,6,10
1901200,"Action,Free to Play,Indie",0,0,0
568480,"Action,Indie",2,2,0
20570,Strategy,753,678,75
410470,"Action,Indie",1,1,0
1474280,"Casual,Indie,Strategy",1,1,0
1512290,"Action,Casual,Indie",0,0,0
1814770,"Adventure,Indie",67,59,8
1390380,"Free to Play,RPG",0,0,0
1938380,"RPG,Early Access",0,0,0
1234630,"Action,Adventure,Indie",1,0,1
1954500,"Casual,Strategy",0,0,0
1357700,Indie,0,0,0
1759220,Indie,0,0,0
1093920,"Adventure,Casual,Indie",15,15,0
1073390,"Casual,Free to Play,Indie",0,0,0
694770,"RPG,Simulation,Strategy",368,323,45
291070,"Action,Indie",27,20,7
786290,"Adventure,Indie,RPG",10,6,4
1414400,"Action,Indie,Simulation,Strategy,Early Access",10,8,2
252570,"Action,Adventure,Indie",218,153,65
934520,"Action,Casual,Indie",0,0,0
1554530,"Action,Adventure,Free to Play,RPG",0,0,0
1834710,"Action,Indie",3,3,0
1337640,"Casual,Indie,Simulation",2,0,2
1385210,"Action,Free to Play,Indie",0,0,0
1097620,"Action,Indie,Simulation,Early Access",390,319,71
15350,Casual,6,3,3
829750,"Action,Adventure,Casual,Indie",1,1,0
1340910,"Action,Free to Play,Indie",0,0,0
1141290,"Indie,RPG,Simulation,Strategy",59,56,3
1480960,"Casual,Free to Play,Indie,Strategy",51,40,11
375480,"Action,Adventure,Indie,RPG",2626,2503,123
524970,"Action,Adventure,Free to Play,Massively Multiplayer,RPG",15,10,5
290850,"Action,Indie,RPG,Strategy",7,4,3
659830,"Action,Adventure",3,3,0
711130,"Casual,Indie",12,11,1
1681560,"Casual,Indie,Simulation",8,8,0
259410,"Adventure,Casual,Indie,RPG,Strategy",148,131,17
581590,"Casual,Indie,Simulation",12,8,4
1741040,"Action,RPG,Early Access",40,31,9
1577630,"Action,Adventure,Indie",0,0,0
1828400,"Adventure,Free to Play",0,0,0
1006710,"Casual,Design & Illustration,Photo Editing,Utilities,Early Access",14,14,0
956470,"Action,Adventure,Indie",0,0,0
1428630,"Action,Indie",0,0,0
1345390,"Adventure,Indie,Racing",0,0,0
1252850,"Action,Adventure,Casual,Indie,Racing",24,23,1
749250,"Adventure,Indie",149,102,47
1064650,"Action,Indie",2,1,1
619280,"Action,Adventure,Indie",266,220,46
768460,"Adventure,Indie",18,13,5
1261160,"Adventure,Indie,RPG,Simulation,Strategy",0,0,0
1753410,"Free to Play,RPG,Strategy",0,0,0
1533390,"Action,Casual,Free to Play,Early Access",71,67,4
435060,"Education,Software Training,Utilities",0,0,0
1315890,Simulation,3,2,1
1659910,"Adventure,Casual,Indie",2,1,1
771450,"Adventure,Casual,Free to Play,Indie",0,0,0
1830100,"Action,Indie",1,1,0
985940,"Action,Casual,Indie",8,4,4
386330,"Action,Adventure,Strategy",2,1,1
1690210,"Adventure,Indie",1,1,0
1260590,"Indie,Strategy,Early Access",268,241,27
1112690,"Action,Casual,Indie,Simulation,Strategy",29,23,6
1014810,"Casual,Indie,Strategy",60,30,30
452490,"Action,Adventure,Casual,Free to Play,Indie,Simulation",9,6,3
1330160,"Adventure,Indie",4,4,0
1239050,"Action,Adventure,Indie",385,348,37
1333020,"Casual,Indie",11,11,0
903710,"Action,Indie,Massively Multiplayer",48,35,13
422860,"Casual,Indie,Sports",164,143,21
399900,"Indie,Racing,Sports",6,3,3
657170,"Action,Indie",1,1,0
277751,Simulation,6,6,0
903150,"Adventure,Indie",1,0,1
1328670,"Action,RPG",20162,19077,1085
598980,"Adventure,Casual,Indie,Simulation,Early Access",3268,3172,96
431590,"Action,Indie,Racing",232,213,19
1266100,"Adventure,Casual,Indie,RPG",141,133,8
1195560,"Action,Adventure,RPG,Strategy,Early Access",142,114,28
796090,"Adventure,Casual",1,1,0
651520,"Casual,Strategy",3,1,2
1109360,"Casual,RPG",206,195,11
1604110,"Action,Adventure,Casual",4,4,0
207650,"Action,Indie,Strategy",47,35,12
412220,"Action,Free to Play,Indie,Racing",0,0,0
443580,"Casual,Free to Play,Indie",20,14,6
998020,Action,10,4,6
290300,"Action,Adventure,Indie,RPG,Simulation",4755,4112,643
1883120,Casual,9,9,0
1019250,"Free to Play,Simulation,Strategy",0,0,0
1373820,"Design & Illustration,Utilities",5,5,0
1865220,Indie,19,16,3
354680,"Adventure,Casual,Indie",263,233,30
1133540,"Indie,Early Access",1,1,0
615970,"Adventure,Indie,Strategy",9,6,3
1001960,"Action,Indie",2,0,2
259550,"Adventure,Casual,Indie,RPG",1222,1125,97
1059640,"Action,Indie,Early Access",2,2,0
17460,"Action,RPG",9098,8552,546
1226540,Casual,25,15,10
1097200,"Adventure,Indie",2614,1821,793
872110,"Adventure,Casual,Indie",22,20,2
1288790,"Action,Casual,Indie,Simulation,Early Access",36,22,14
1873430,"Casual,Indie",6,6,0
1441090,"Action,Casual,Indie,Simulation",1,0,1
1003090,"Adventure,Indie,Simulation,Strategy",184,159,25
327370,Casual,35,27,8
849168,"Action,Adventure",0,0,0
259320,"Action,Casual",35,9,26
1121560,RPG,1228,1092,136
364710,"Action,Indie",34,3,31
1509790,"Casual,RPG",3,3,0
525680,"Casual,Indie,Simulation,Strategy,Early Access",409,377,32
1836380,Audio Production,3,2,1
1639780,"Adventure,Indie",4,4,0
911230,"Adventure,Indie,Simulation",6,5,1
1154420,Action,0,0,0
1384020,Utilities,32,22,10
446770,"Action,Simulation",3,3,0
456420,"Action,Simulation,Early Access",6,0,6
374950,"Adventure,Indie",53,23,30
1183700,"Action,Adventure,Casual,Indie",35,25,10
967440,"Casual,Indie,Simulation",9,3,6
90400,"Adventure,Casual",54,49,5
1001970,"Action,Indie,Early Access",11,10,1
1308270,"Utilities,Early Access",1,0,1
1603020,"Casual,Indie",1,1,0
554530,"Violent,Action,Casual,Indie",44,36,8
532320,"Action,Adventure,Casual,Indie",167,149,18
9310,Strategy,707,633,74
725280,"Action,Adventure,Indie,Simulation",20,7,13
498850,"Casual,Indie,Strategy",5,4,1
1669110,"Action,Adventure,RPG,Simulation",2,1,1
586830,"Action,Adventure,Casual,Simulation",14,10,4
1702220,"Action,Adventure,Casual,Indie",3,3,0
988930,"Casual,Indie",17,15,2
1568500,"Adventure,Casual,Free to Play,Indie",0,0,0
1555420,"Action,Adventure,Indie",2,2,0
622150,"Adventure,Casual",4,4,0
1502980,RPG,37,27,10
1873780,"Action,Casual,Simulation,Strategy,Early Access",6,6,0
1978010,"Action,Adventure,Indie",14,12,2
1219120,"Adventure,Casual,Indie,RPG,Simulation,Strategy",1,1,0
1071580,Action,3,2,1
1073870,"Action,Adventure,Casual,Indie",23,20,3
1436600,Casual,16,10,6
1638930,"Action,Free to Play,Indie",0,0,0
1192010,"Adventure,Simulation",157,72,85
640310,"Action,Casual,Indie",69,29,40
398930,"Action,Adventure,Indie",18,11,7
613130,Action,13,13,0
1206770,"Action,Indie",5,5,0
1458250,"Casual,Indie",0,0,0
738860,"Casual,Indie",18,15,3
1393770,"Action,Indie",0,0,0
875270,"Action,Casual,Indie",5,4,1
699570,"Action,Adventure,Indie,RPG,Strategy,Early Access",2,0,2
1607040,"Indie,Strategy",19,12,7
1786300,Indie,0,0,0
766320,"Action,RPG",106,78,28
398970,"Adventure,Indie,Massively Multiplayer,RPG,Strategy",11,5,6
2054740,"Casual,Indie,Simulation",15,15,0
586690,"Adventure,Casual",4,4,0
671150,"Action,Casual,Indie,Racing,RPG,Sports,Strategy",3,3,0
1410810,"Action,Adventure,Indie",1,1,0
688020,"Casual,Indie,Simulation",32,22,10
1097870,"Action,Casual,Indie",4,4,0
1713200,RPG,0,0,0
1103550,"Adventure,Indie",23,23,0
1837330,"Action,Adventure,Casual,Indie",113,106,7
806560,Simulation,2,1,1
557880,"Violent,Adventure,Casual,Free to Play,Indie",4,1,3
1644680,Indie,0,0,0
714290,"Action,Casual,Indie",4,3,1
1880230,"Action,Adventure,Indie",5,5,0
1610530,"Casual,Indie",3,3,0
389810,"Action,Indie,RPG",21,11,10
1747670,"Casual,Indie",14,14,0
1713190,"Casual,Indie",32,27,5
939380,"Action,Adventure,Casual,Indie",0,0,0
1651950,"Adventure,Indie",17,14,3
357750,"Action,Adventure,Indie",16,14,2
397040,"Action,Free to Play,Massively Multiplayer,RPG",0,0,0
1021030,"Animation & Modeling,Utilities",1,1,0
303710,"Casual,Indie",9,2,7
1338920,"Action,Indie",0,0,0
410540,"Action,Simulation",7,3,4
1348240,Indie,1,1,0
840700,"Casual,Indie",11,10,1
793060,"Action,Indie,Early Access",0,0,0
2074490,"Action,Adventure,Early Access",8,6,2
1131570,"Action,Adventure,Indie,RPG,Strategy",0,0,0
1921270,"Indie,Massively Multiplayer,Strategy",0,0,0
339850,"Adventure,Indie",32,22,10
981500,"Casual,Indie,Simulation,Strategy",3,2,1
759640,"Action,Adventure,Indie",19,18,1
1884480,"Casual,Indie,Strategy",3,2,1
1395170,"Action,Adventure,Indie",3,2,1
1745430,"Free to Play,Indie,RPG",0,0,0
425240,"Action,Indie",35,20,15
895210,"Adventure,Casual,Indie",0,0,0
1632820,"Casual,Indie",1,1,0
809950,"Adventure,Indie",10,8,2
391660,"Adventure,Indie,RPG",23,18,5
1128140,"Action,Adventure,Indie,Strategy",129,84,45
1513370,Casual,0,0,0
1963580,"Action,Adventure,Free to Play,Indie",0,0,0
348800,"Action,Adventure,Indie",9,7,2
1538920,"Casual,Indie,Strategy",8,7,1
280040,"Action,Indie,RPG",183,127,56
1592320,"Action,Adventure,Indie",12,10,2
1050660,"Adventure,Casual,Indie,RPG",0,0,0
706200,"Casual,Indie",2,1,1
32500,Action,2461,1412,1049
1560940,"Casual,Indie,Strategy",3,0,3
765620,"Casual,Indie",1,0,1
623070,"Adventure,Casual,Indie",28,22,6
844210,"Casual,Early Access",39,26,13
1712310,Casual,8,8,0
568930,"Adventure,Indie",179,134,45
370390,"Action,Adventure,Indie,RPG,Early Access",21,10,11
977270,"Action,Indie,Racing",0,0,0
362680,"Adventure,Indie",5027,4854,173
543540,"Action,Casual,Indie",3,1,2
1550460,Adventure,0,0,0
1150910,"Action,Casual,Indie,Strategy",0,0,0
1010170,Utilities,60,31,29
884900,"Casual,Indie",1,0,1
1254400,"Action,Adventure,Indie,RPG,Early Access",163,105,58
854550,Action,12,5,7
1135750,"Action,Indie",1,1,0
1897570,"Indie,Simulation,Education",0,0,0
1447920,Indie,3,3,0
984560,"Indie,RPG",378,327,51
1641020,Adventure,7,7,0
955250,"Casual,Indie",6,5,1
1285040,"Action,Casual,Indie",25,20,5
763760,"Casual,Indie",21,19,2
872580,"Action,Adventure,Casual,Indie,Massively Multiplayer",15,13,2
1420780,"Casual,RPG,Simulation,Strategy",0,0,0
967210,"Action,Adventure,Indie,Strategy",1,1,0
709440,"Action,Indie",273,242,31
331610,"Casual,Indie,Simulation",32,8,24
1732260,"Adventure,Indie",2,2,0
1695310,Indie,3,1,2
730870,"Action,Casual,Simulation",166,163,3
1360480,"Casual,Indie,Strategy",0,0,0
555820,"Adventure,Casual",5,0,5
687540,"Action,Adventure,Casual,Indie",83,68,15
1678420,Adventure,100,49,51
992480,"Casual,Indie",1,0,1
1599270,"Casual,Indie,Racing,Simulation",4,2,2
258200,"Indie,RPG,Strategy",71,47,24
1024210,"Action,Adventure,Indie",6,5,1
1012130,"Casual,Indie,Racing,Strategy",0,0,0
551080,"Action,Indie",41,31,10
1464480,Simulation,10,8,2
462520,Action,14,12,2
485240,"Action,Indie,RPG,Early Access",26,14,12
292390,Action,103,94,9
1298640,"Action,Adventure",1,1,0
789910,"Adventure,Indie",41,25,16
1280590,"Racing,Early Access",0,0,0
1894240,Indie,0,0,0
1994810,"Action,Indie",0,0,0
703320,"Action,Strategy",227,213,14
1535490,"Casual,Indie,Racing",44,42,2
986670,Casual,3,3,0
838690,"Indie,RPG",1,0,1
1806700,"Casual,Indie,RPG,Strategy,Early Access",25,23,2
2001060,"Action,Adventure,Indie",0,0,0
857010,"Action,Adventure,Casual,Indie",32,23,9
1032170,"Indie,Simulation",38,31,7
1511360,Casual,0,0,0
1841270,"Action,Adventure,Free to Play,Indie",0,0,0
505080,Adventure,37,22,15
1284350,"Adventure,Indie",0,0,0
1601850,"Adventure,Casual,Free to Play,Indie",0,0,0
942870,"Action,Casual,RPG,Sports",1,1,0
377670,"Adventure,Casual,Simulation",249,232,17
1310150,Indie,3,0,3
402180,"Casual,Indie",1165,986,179
1943280,Indie,1,1,0
795440,"Action,Adventure,Casual,Indie,RPG,Strategy",2,2,0
357910,"Action,Adventure,Casual,Indie,RPG,Strategy",11,4,7
1649540,"Action,Adventure,Free to Play,Indie",0,0,0
905220,"Action,Adventure,Indie",6,6,0
960360,"Casual,Indie,RPG,Simulation",18,14,4
1982360,Casual,0,0,0
1852600,"Adventure,Indie",1,1,0
312360,"Simulation,Strategy",102,63,39
658850,"Indie,Simulation,Strategy",1256,1150,106
1901010,"Action,Adventure,Indie",2,2,0
35450,"Action,Massively Multiplayer,Simulation",10819,10183,636
1831990,"Casual,Indie",1,0,1
1072640,"Action,Adventure,Casual,Indie,RPG",202,184,18
947530,"Action,Casual,Free to Play,Indie,RPG",0,0,0
528660,"Action,Casual,Indie",115,86,29
1393570,"Action,Adventure,Casual,Indie",118,110,8
789550,"Casual,Indie",2,1,1
1605890,"Indie,Early Access",0,0,0
1858600,Indie,0,0,0
1949300,"Adventure,Indie",7,7,0
1535790,"Action,Adventure,Indie",1,0,1
1239990,"Action,Indie",2,2,0
332700,"Action,Adventure,Indie",19,7,12
37300,Simulation,15,8,7
365240,Strategy,13,7,6
1784630,"Casual,Indie,Simulation,Strategy",3,3,0
1201310,"Strategy,Early Access",20,11,9
725480,"Action,Indie",2142,2049,93
687760,Adventure,13,6,7
1916090,"Casual,Indie",8,8,0
1127850,"Action,Adventure,Indie,RPG",104,99,5
754800,"Casual,Indie",3,1,2
2002520,"Indie,Racing,Simulation",0,0,0
316950,Casual,32,8,24
412270,"Action,Adventure,Indie,RPG",37,28,9
433320,"Action,Adventure,RPG",257,117,140
1702140,Action,0,0,0
827270,"Action,Indie,Strategy",2,2,0
1284660,"Adventure,Indie",0,0,0
518030,"Action,Early Access",1200,982,218
760350,"Casual,Indie",18,9,9
1677190,"Adventure,Indie",25,15,10
1692430,"Adventure,Free to Play,Indie",0,0,0
1701650,"Indie,Simulation,Early Access",0,0,0
1721890,RPG,1,0,1
1646390,"Action,Adventure,Indie,Early Access",11,11,0
342480,"Action,Indie",46,34,12
1995210,"Adventure,Indie",10,9,1
1554160,"Adventure,Indie",10,9,1
658230,"Action,Indie",10,9,1
888710,"Casual,Indie,Simulation",4,3,1
1076130,"Action,Adventure,Massively Multiplayer,RPG,Strategy",0,0,0
861260,"Adventure,Indie",0,0,0
1371380,"Action,Adventure,Casual,RPG",0,0,0
246740,"Action,Adventure,Indie",37,15,22
969760,"Action,Adventure,Casual,Indie",421,392,29
525070,"Action,Adventure,Indie",0,0,0
1098430,"Adventure,RPG",3,0,3
794240,"Action,Indie",64,50,14
1665040,Casual,0,0,0
1202770,"Adventure,Casual,Indie",11,11,0
511790,"Indie,Simulation,Sports,Strategy,Early Access",25,15,10
1912460,"Action,Free to Play,Indie,Early Access",0,0,0
1363200,"Action,Adventure,Racing,Simulation,Sports",3,3,0
1096710,"Adventure,Indie,Strategy",0,0,0
1795980,"Adventure,Casual,Indie,Simulation,Strategy",2,2,0
1049840,"Action,Adventure,Indie,Massively Multiplayer,RPG,Strategy",1,1,0
1633820,"Indie,Simulation",6,2,4
1998590,"Adventure,Indie,Simulation",4,2,2
834420,Indie,3,1,2
1547070,"Casual,Free to Play",0,0,0
1440850,"Action,Indie",5,5,0
1927250,"Adventure,Casual,Indie,Early Access",5,2,3
1597280,"Casual,RPG,Simulation,Strategy",1,0,1
501930,"Casual,Indie",23,16,7
873850,"Action,Adventure,Indie",5,1,4
1494310,"Adventure,Casual,Indie",5,4,1
724130,"Action,Casual,Indie",6,4,2
435780,"Action,Indie,Simulation",2,0,2
1412570,"Adventure,RPG",0,0,0
1341270,"Adventure,Casual,Racing,Simulation,Sports",0,0,0
1735420,"Adventure,Casual,Simulation",173,125,48
1742840,"Casual,Indie,Strategy",31,23,8
980480,"Adventure,RPG",24,22,2
918530,"Adventure,Indie,Early Access",103,94,9
938100,RPG,3,3,0
1607170,RPG,10,4,6
1558100,"Indie,Simulation,Early Access",77,52,25
316890,"Adventure,Indie",68,45,23
219990,"Action,Adventure,Indie,RPG",27993,26624,1369
973600,"Animation & Modeling,Audio Production,Design & Illustration,Photo Editing,Software Training,Utilities,Video Production",163,129,34
364820,"Action,Simulation,Strategy",135,82,53
314020,"Adventure,Casual,Indie",1599,1222,377
1412850,"Action,Adventure,Casual,Indie,Simulation,Strategy",72,60,12
364640,"Casual,Indie,RPG,Strategy",147,122,25
1039470,"Action,Indie",1,1,0
1549750,"Action,Adventure,Indie",452,410,42
667890,"Action,Free to Play,Massively Multiplayer",0,0,0
211800,"Casual,Indie",26,22,4
1077420,Indie,8,8,0
1593860,"Casual,Indie,Strategy",49,40,9
1693310,"Action,Indie",31,31,0
359960,"Action,Indie,Massively Multiplayer",79,71,8
1534430,"Action,Free to Play,Indie,Strategy",0,0,0
1587810,"Action,Indie",9,8,1
1181780,"Action,RPG,Early Access",3,1,2
1815730,"Adventure,Casual,Indie,Simulation,Sports",0,0,0
840060,"Action,Casual,Simulation",2,2,0
1194750,"Action,Adventure,Casual,Indie,Early Access",18,17,1
1328710,Simulation,4,3,1
288420,Audio Production,4,2,2
200260,"Action,Adventure",14830,14137,693
457820,"Adventure,Indie,RPG",30,16,14
889750,"Action,RPG",138,76,62
387790,Software Training,0,0,0
1274840,"Action,Casual,Indie,Simulation,Strategy",29,24,5
1199770,"Action,Adventure,Indie",1,0,1
689600,"Casual,Indie,Simulation,Early Access",0,0,0
1277940,"Casual,Simulation",226,222,4
1011290,"Action,Adventure,Indie,Simulation",119,105,14
695360,"Action,Adventure,Indie,RPG,Early Access",4,0,4
1500,"Indie,Strategy",466,380,86
688130,"Action,Adventure,Casual,Indie",2807,2420,387
237950,"Indie,Strategy",157,105,52
1335530,"Action,Adventure,Indie",267,239,28
864570,"Casual,Indie",12,10,2
1424930,"Casual,Free to Play,Massively Multiplayer",0,0,0
1690790,"Adventure,Casual,Indie,RPG,Early Access",0,0,0
1933290,"Casual,Indie,Early Access",0,0,0
593970,"Action,Casual,Simulation,Strategy",3,3,0
1131930,"Indie,Simulation,Strategy",17,13,4
567480,"Gore,Action,Adventure,Indie",4,3,1
346320,"Indie,Simulation,Strategy",24,11,13
678430,"Adventure,Casual",2,2,0
1078780,"Action,Casual,Indie,Strategy,Early Access",2,1,1
1988630,"Adventure,Free to Play,Indie,RPG",0,0,0
517680,Adventure,1,1,0
1787820,"Action,Casual,Indie,Simulation,Strategy,Early Access",58,32,26
1843880,Casual,7,7,0
1128440,Casual,4,3,1
1487590,"Adventure,RPG",3,3,0
1847820,"Casual,Indie",3,3,0
638020,"Massively Multiplayer,Strategy",6,1,5
1509370,Indie,0,0,0
6920,Action,1162,679,483
1627560,"Action,Adventure,Casual,Indie",0,0,0
578190,"Action,Casual,Indie,Racing",4,4,0
817510,"Action,Indie",318,211,107
435740,"Audio Production,Software Training,Utilities",0,0,0
575890,"Casual,Strategy",29,19,10
1562970,"Casual,Indie,Racing",3,1,2
1093720,"Action,Free to Play,Indie,Strategy,Early Access",0,0,0
958720,"Adventure,Casual,Free to Play,Indie,RPG,Early Access",0,0,0
1252390,"Adventure,Indie,RPG,Simulation,Strategy",8,2,6
1315250,"Action,Casual,Indie",3,3,0
492630,"Adventure,Indie",245,214,31
498240,Adventure,5549,4584,965
1198240,"Action,Adventure,Early Access",4,2,2
325470,"Strategy,Early Access",18,7,11
594120,"Indie,Early Access",3,0,3
1398740,"Adventure,Indie",10,10,0
1913970,"Action,Adventure,Indie,Simulation",16,12,4
917380,"Adventure,Indie",14,14,0
1353860,"Action,Casual,Indie",0,0,0
1366550,"Action,Adventure,Indie",5,2,3
477750,"Simulation,Strategy",22,13,9
1162700,"Action,Indie,RPG,Strategy",89,82,7
831810,"Action,Adventure,Free to Play,Indie",0,0,0
1457600,"Adventure,Indie",0,0,0
958400,Racing,951,502,449
861540,"Indie,Strategy",4706,4259,447
1812840,"Adventure,Indie",8,7,1
458700,"Casual,Indie",11,7,4
237740,"Action,Adventure,Indie",1884,1681,203
6080,"Action,Adventure,Racing,Simulation,Strategy",491,463,28
620700,"Action,Adventure,Indie",25,16,9
1033910,"Casual,Indie,Simulation",9,5,4
349220,"Adventure,Indie,RPG",411,360,51
1138810,"Action,Adventure,Indie",2,1,1
257990,"Casual,Indie",267,230,37
1511250,"Casual,Racing,Simulation",0,0,0
1853260,"Action,Adventure,Indie",0,0,0
1118240,"Adventure,Indie",1067,926,141
378590,"Action,Adventure,Indie,Early Access",4,1,3
1858780,Adventure,10,9,1
243000,RPG,226,165,61
1151580,Indie,4,2,2
1730340,"Action,Casual,Indie",5,5,0
1958020,"Action,Casual,Indie",0,0,0
755490,"Action,Casual,Indie",9,9,0
1605270,Simulation,1,1,0
1480560,Simulation,989,756,233
796320,"Casual,Indie",4,2,2
1411880,"Adventure,Casual",2,1,1
1111130,"Adventure,Indie",0,0,0
1111120,"Casual,Indie,RPG",8,7,1
1639140,"Adventure,Casual,Indie",1,1,0
920780,"Indie,Strategy",1,0,1
1043560,"Action,Adventure,Indie",3,3,0
818580,"Action,Casual,Indie,Strategy",0,0,0
855050,Casual,5,3,2
1076350,"Indie,RPG,Strategy",0,0,0
1440050,"Casual,Free to Play,Indie,Simulation",0,0,0
718250,"Action,Casual,Indie",18,17,1
367660,"Action,Indie",1,0,1
1731590,"Action,Adventure,Indie,Racing",0,0,0
614650,"Adventure,Casual",1,1,0
7830,Strategy,1008,859,149
1584040,"Action,Adventure,Free to Play,Indie,Massively Multiplayer,RPG",0,0,0
924420,"Action,Adventure,Simulation,Early Access",0,0,0
307010,"Adventure,Indie,RPG",88,76,12
346300,"Action,Adventure,Indie,Early Access",10,3,7
676500,"Action,Adventure,Casual,Indie,RPG,Simulation,Strategy",318,273,45
1272580,"Action,Adventure,Indie",40,39,1
1828220,"Indie,RPG,Strategy",0,0,0
692660,"Adventure,RPG,Strategy",2,2,0
1465950,"Indie,Simulation,Strategy,Early Access",52,34,18
913590,"Action,Adventure,Casual,Indie,Simulation,Early Access",20,17,3
1014180,"Adventure,Casual,Indie,RPG,Strategy",0,0,0
1085210,"Casual,Indie",1,1,0
1794420,"Action,Indie",0,0,0
23500,"Casual,RPG",220,98,122
1988440,"Casual,Indie",11,10,1
1030190,"Adventure,Casual",7,4,3
754110,"Action,Casual,Indie,Strategy",10,7,3
594150,"Action,Casual,Indie",2,2,0
749080,"Adventure,Casual",9,6,3
296210,"Simulation,Strategy",35,22,13
291550,"Action,Free to Play,Indie",1518,1276,242
1549980,Casual,0,0,0
1184070,"Action,Casual,Indie",1,0,1
506510,"Indie,RPG",142,128,14
589530,Adventure,438,395,43
1879620,"Adventure,Casual,Indie,Simulation",9,8,1
1986010,"Adventure,Indie,RPG,Early Access",3,3,0
722340,"Action,Adventure,Indie,Strategy",1,0,1
470130,"Adventure,Free to Play",0,0,0
1171330,"Action,Indie",0,0,0
1568920,Indie,9,8,1
1286490,"Action,Indie,Simulation,Early Access",3,0,3
1401840,"Adventure,Indie,Simulation",20,13,7
543170,"Action,Adventure,Casual,Indie",6,3,3
732050,"Indie,Simulation,Strategy,Early Access",574,468,106
374240,"Action,Adventure,Indie,RPG",13,7,6
1125480,"Adventure,Indie,RPG,Simulation",3,1,2
1501320,"Indie,RPG,Simulation",6,1,5
754380,"Violent,Action,Indie,Early Access",2,0,2
875110,"Casual,Indie,Strategy",17,14,3
1487450,"Adventure,Indie,Simulation",4,3,1
1586960,Simulation,39,34,5
784180,Casual,1,1,0
286770,Action,100,73,27
1528370,"Action,Adventure,Casual,Indie",2,1,1
1206610,"Action,Casual,Indie",201,170,31
265170,"Action,Indie",98,85,13
1629450,"Casual,Indie",1,0,1
1064420,"Adventure,Casual,Free to Play,Indie",0,0,0
1726790,"Adventure,Casual",2,2,0
1451360,"Adventure,Casual,Indie",8,3,5
703510,"Action,Casual,Indie,Simulation,Strategy",256,196,60
1203490,"Strategy,Early Access",2,1,1
922020,"Action,Indie,RPG",4,4,0
388280,"Photo Editing,Software Training,Utilities",5,2,3
1172620,"Action,Adventure",85860,78501,7359
1245500,"Action,Adventure,Indie",10,6,4
1130990,"Adventure,Casual,Simulation,Strategy",8,8,0
435420,Action,35,21,14
306550,"Indie,RPG",159,133,26
1483040,"Casual,Indie,Strategy",8,8,0
1195550,"Indie,Simulation",2,0,2
1023130,"Action,Indie,Early Access",1,1,0
308080,"Action,Racing,Simulation,Sports",33,24,9
248270,"Casual,Indie,Simulation",38,20,18
1880670,"Action,Adventure,Casual,Indie,RPG,Simulation,Strategy",0,0,0
992730,"Action,Adventure,Indie,Early Access",174,146,28
1740710,"Action,Adventure,Indie",0,0,0
1607740,Strategy,2,2,0
283580,Simulation,60,31,29
754500,"Indie,Simulation,Strategy,Early Access",451,342,109
1054250,"Adventure,Indie",1,0,1
838270,Indie,29,14,15
1543150,"Indie,Simulation,Strategy,Early Access",578,450,128
1694730,"Casual,Education",0,0,0
752590,"Action,Adventure",14571,13579,992
1573080,"Action,Casual,Free to Play,Indie",0,0,0
889450,"Action,Casual,Indie",3,3,0
1111870,"Indie,Strategy",0,0,0
762650,"Indie,Simulation,Strategy",522,325,197
1406750,"Action,Indie,Early Access",1,1,0
1843420,"Adventure,Casual,Indie,Racing,RPG,Simulation,Early Access",6,2,4
1293540,"Action,Adventure,Casual,Indie,RPG,Simulation,Strategy,Early Access",53,37,16
526090,"Indie,Simulation,Sports,Strategy",3,1,2
1245370,"Adventure,Indie,RPG,Strategy",12,10,2
670210,"Casual,Indie",1,1,0
731430,"Casual,Indie,Strategy",0,0,0
960630,"Action,Indie",0,0,0
2010570,Indie,11,10,1
1097120,Free to Play,8,4,4
411870,"Casual,Indie",12,12,0
1114900,"Action,Adventure,Indie",20,19,1
657630,"Casual,Indie,Simulation",290,242,48
1203570,"Casual,Strategy",37,29,8
916930,"Action,Indie",166,74,92
1109280,"Adventure,Indie,RPG",2,1,1
1525770,"Action,Adventure,Casual,Indie,RPG",88,61,27
956360,"Action,Adventure,Indie,Sports,Early Access",5,5,0
340410,"Racing,Sports,Early Access",2,0,2
810330,Indie,6,5,1
2003740,Casual,0,0,0
531890,"Action,Indie,RPG",3,2,1
727340,"Adventure,Casual,Indie",57,43,14
1351140,"Adventure,Indie",19,18,1
457870,"Action,Casual,Indie",4,2,2
1393930,Racing,7,4,3
1116030,"Adventure,Casual,Free to Play,Indie,RPG",0,0,0
1413010,"Action,Indie",20,16,4
1252210,"Indie,RPG,Strategy",14,14,0
803930,"Action,Casual,Indie",4,4,0
1667920,Action,0,0,0
1035430,Casual,1,1,0
1433960,"Indie,Simulation",0,0,0
1192380,"Simulation,Sports,Strategy",106,100,6
543930,"Adventure,Indie",2,1,1
1397010,"Free to Play,Indie,Strategy",0,0,0
580590,"Casual,Indie",3,3,0
880850,"Action,Casual,Free to Play,Massively Multiplayer",0,0,0
513460,"Indie,Simulation,Strategy,Early Access",17,10,7
342940,"Indie,Massively Multiplayer,RPG,Early Access",1486,1261,225
362660,"Adventure,Indie,Simulation",24,17,7
1136160,"Adventure,Indie,Simulation",977,709,268
908150,"Action,Casual,Indie,Early Access",2,2,0
291840,"RPG,Strategy",60,37,23
35070,Casual,84,48,36
1085560,"Casual,Indie",36,33,3
908620,"Adventure,Indie",2,1,1
1312950,"Action,Adventure,Casual,Indie",8,6,2
1047960,"Casual,Indie,Early Access",35,31,4
1127270,"Casual,Indie,Simulation,Sports,Strategy",3,3,0
111000,"Indie,Casual",52,26,26
1982460,"Casual,Free to Play,RPG,Simulation,Strategy",0,0,0
446570,Utilities,6,0,6
814550,"Action,Indie,Simulation",0,0,0
551750,"Violent,Gore,Adventure,Casual,Indie",12,10,2
791990,"Indie,Simulation,Sports,Strategy",13,5,8
1608700,"Action,Adventure",380,315,65
994870,"Adventure,Casual,Indie,Strategy",15,11,4
1599340,"Action,Adventure,Free to Play,Massively Multiplayer,RPG",35869,26714,9155
1450790,"Indie,Racing",3,3,0
1059120,"Adventure,Casual,Free to Play,Indie",0,0,0
27800,Indie,54,41,13
1817880,"Adventure,Casual,Indie",1,1,0
1208600,Simulation,338,308,30
1650110,"Action,Adventure,Casual,RPG,Simulation",17,10,7
294040,"Action,Adventure,Casual,Indie,RPG",157,103,54
1458690,"Adventure,Casual,Indie",36,35,1
923570,"Action,Adventure,RPG",134,122,12
1228600,"Adventure,Casual,Indie",48,47,1
1862530,"Action,Adventure,Indie,Early Access",14,12,2
1530150,"Free to Play,Indie",0,0,0
627450,Sports,41,20,21
877440,"Casual,Indie,Simulation",11,10,1
1184710,"Action,Adventure,Casual,Indie",0,0,0
780230,Casual,1,1,0
314320,"Casual,Indie,Simulation,Strategy",127,87,40
1102210,"Adventure,Indie,RPG",0,0,0
1421790,"Adventure,Casual,Indie",133,128,5
1250640,"Action,Adventure,Indie",2,1,1
820730,"Adventure,Casual,Simulation",126,121,5
598070,"Action,Adventure,Casual,Indie,Simulation",17,17,0
1097830,Indie,0,0,0
1746210,"Indie,Simulation,Strategy,Early Access",0,0,0
357290,"Action,Adventure,Indie",187,77,110
335210,"Adventure,Indie",26,14,12
637930,"Casual,Indie,Simulation,Strategy",2,2,0
958960,"Action,Adventure,Indie",7,1,6
1475180,"Action,Adventure,Indie",6,6,0
545670,"Adventure,Casual,Indie",13,11,2
1122780,Adventure,13,9,4
607360,"Action,Casual,Early Access",5,4,1
1101170,"Action,Casual,Indie",0,0,0
656460,"Action,Casual,Indie",56,33,23
1086450,"Casual,Indie",20,19,1
348290,Simulation,78,35,43
1040610,"Adventure,Indie,RPG",0,0,0
40390,RPG,810,602,208
1612500,"Action,Casual,Simulation,Strategy",0,0,0
1451030,"Action,Indie",10,9,1
1764650,"Adventure,Free to Play,Indie,RPG,Early Access",0,0,0
1835070,"Action,Casual,Indie",0,0,0
558850,"Action,Indie",22,15,7
1726410,"Action,Adventure,RPG",5,5,0
2012690,"Action,Indie",2,2,0
501790,"Adventure,Indie",412,358,54
567680,"Nudity,Casual,Indie,Simulation",31,11,20
1423280,"Action,Indie",5,5,0
680340,"Action,Adventure,Indie",87,68,19
1000410,"Action,Early Access",890,733,157
801260,"Adventure,Indie",11,9,2
302110,Adventure,38,30,8
1057800,"Indie,Strategy",111,103,8
1097090,"Adventure,Indie",8,4,4
1786270,Indie,0,0,0
444330,"Indie,Strategy,Early Access",1,1,0
790890,"Action,Casual,Indie",0,0,0
998690,"Action,Adventure,Casual,Indie",0,0,0
1006220,Indie,87,83,4
1953580,Casual,1,1,0
706980,"Casual,Indie",0,0,0
507210,Casual,3,1,2
825620,"Adventure,Casual,Indie",2,1,1
1588510,Casual,2,1,1
2059390,Indie,4,4,0
443980,"Adventure,Indie,Simulation",29,20,9
460850,"Casual,Indie",8,8,0
1453140,"Action,Adventure,Free to Play,Indie,RPG",0,0,0
355310,"Action,Indie",20,15,5
204240,"Adventure,Casual,Indie,Strategy",1133,974,159
259020,"Action,Free to Play,Massively Multiplayer,RPG",14,8,6
1553880,"Simulation,Sports,Strategy,Early Access",2,2,0
1461040,"Action,Adventure,Indie,Simulation",5,5,0
907780,"Casual,Indie",0,0,0
760510,"Adventure,Casual,Indie",8,8,0
1832700,"Indie,RPG,Strategy",2,2,0
1558290,"Action,Indie,Early Access",15,14,1
1444170,Indie,10,8,2
654350,"Action,Adventure,Casual",25,10,15
1010330,"Adventure,Indie",1,1,0
1414680,"Action,Indie,Racing",1,1,0
1207840,"Action,Adventure,Indie,Early Access",8,8,0
742170,"Nudity,Free to Play,Indie,Simulation",0,0,0
1475100,"Casual,Indie",3,3,0
1102340,Adventure,21,20,1
217790,Simulation,222,164,58
1955950,"Casual,Strategy",0,0,0
686340,"Violent,Gore,Adventure,Free to Play,Indie",0,0,0
934800,"Action,Casual,Indie,Massively Multiplayer",2,2,0
348000,"Action,Adventure,Indie",2,1,1
862590,"Action,Indie,Early Access",5,0,5
1923450,"Casual,Indie,Simulation",25,15,10
49320,Casual,34,21,13
1406610,"Adventure,Casual",10,3,7
778640,"Action,Adventure,Indie",6,6,0
677030,"Casual,Indie,Simulation,Strategy",2,2,0
400080,"Casual,Indie,Strategy",499,419,80
434740,"Action,Adventure,Indie",73,56,17
1396890,"Action,Casual,Indie",65,61,4
1458350,"Adventure,Indie,Strategy",10,9,1
466300,"Adventure,RPG",1700,1598,102
1824520,"Adventure,Casual,Indie,RPG",1,1,0
608120,"Action,Indie,Simulation",201,179,22
1859290,"Indie,Simulation",35,29,6
1665210,Simulation,7,7,0
569180,Animation & Modeling,11,3,8
1389090,RPG,0,0,0
272990,"Casual,Indie",48,41,7
1732270,"Action,Adventure,Indie,RPG,Strategy",0,0,0
1883230,"Action,Indie",0,0,0
358360,Action,92,87,5
71240,"Simulation,Sports",350,319,31
1222840,"Action,Adventure,Indie",1,1,0
563470,Adventure,0,0,0
1045350,"Casual,Indie,Sports",75,63,12
491770,Action,50,15,35
818960,"Action,Indie",17,15,2
965620,"Indie,Strategy",27,24,3
908290,"Education,Software Training,Utilities,Web Publishing",1,1,0
1540330,"Action,Casual,Indie,Strategy",3,3,0
392720,"Action,Indie",0,0,0
317020,Casual,26,25,1
282210,Strategy,1291,669,622
1572910,"Action,Free to Play",0,0,0
1267040,"Action,Casual,Indie",1,0,1
1868220,Indie,1,1,0
882230,Casual,1,1,0
9980,Casual,45,30,15
1573250,Casual,2,2,0
1252190,"Action,Adventure,Casual,Indie,Simulation",12,11,1
750330,"Action,Casual,Indie,Sports",28,19,9
655080,"Adventure,Casual,Indie",79,68,11
1082240,"Casual,Indie,Strategy",0,0,0
205060,"Action,Indie",81,49,32
893560,"Indie,RPG",0,0,0
377080,"Adventure,Indie",303,290,13
1462220,"Casual,Indie,Strategy",1,1,0
984720,"Casual,Indie",42,37,5
1122360,"Action,Adventure,Indie,Early Access",8,7,1
1398700,"Casual,Indie",5,5,0
933000,"Action,Indie,Early Access",0,0,0
1711230,Indie,4,2,2
1005310,"Action,Casual,Indie",10,10,0
334620,"Action,Indie,Sports",11,7,4
1387620,"Action,Adventure,Indie",2,2,0
1356970,"Adventure,Indie",0,0,0
672230,"Adventure,Indie",40,29,11
1374470,"Casual,Indie",11,9,2
1167470,"Adventure,Casual,Indie,RPG",5,1,4
2052270,"Action,Casual,Indie,RPG,Simulation",0,0,0
1747440,"Casual,Indie",2,2,0
663480,"Action,Casual,Indie",1,1,0
1083290,"Adventure,Casual,Indie,Simulation",7,2,5
1844500,"Casual,Indie",0,0,0
1696290,"Casual,Free to Play,Indie",0,0,0
1164440,"Adventure,Casual,Indie,Racing,Simulation,Sports",5,4,1
813630,"Action,Adventure,Indie",3841,3704,137
771320,Casual,12,6,6
796510,"Adventure,Casual,Indie,RPG",40,30,10
457680,"Adventure,Indie",271,214,57
1165540,"Adventure,Casual,Indie,RPG,Strategy",1,1,0
928610,"Casual,Indie",19,6,13
268970,"Adventure,Indie,RPG,Early Access",11,2,9
1477870,"Action,Adventure,Casual,Indie",0,0,0
617970,"Adventure,Casual,Indie",21,12,9
675180,"Adventure,Indie,RPG",7,3,4
360400,"Casual,Strategy",2,1,1
374320,Action,81766,75791,5975
950860,"Indie,Early Access",2,2,0
1506940,"Action,Indie",2,2,0
1854090,"Indie,Simulation",1,0,1
847460,"Action,Adventure,Indie,RPG,Early Access",0,0,0
1607370,"Action,Adventure",7,6,1
542100,"Casual,Indie",7,6,1
976890,"Action,Adventure,Indie,Early Access",709,540,169
639470,"Action,Adventure,Indie,RPG",9,7,2
2020420,Action,1,1,0
1754510,"Adventure,Free to Play,Simulation",0,0,0
1414850,Action,3575,2833,742
343730,"Adventure,Casual,Free to Play,Indie",4,2,2
661030,"Action,Casual,Indie",11,11,0
672880,"Action,Casual,Indie",0,0,0
1456630,"Adventure,Indie,RPG",19,18,1
1304340,"Racing,Simulation,Sports",311,204,107
249950,"Action,Adventure,Indie,RPG",349,277,72
38020,Casual,7,7,0
690400,"Action,Adventure,Indie",23,22,1
1460100,"Indie,Simulation",0,0,0
1693460,"Action,Indie",3,2,1
617630,"Adventure,Casual,Indie,Strategy",5,3,2
1419330,"RPG,Strategy",2,2,0
271570,"Action,Indie",128,99,29
665410,"Indie,Simulation",0,0,0
381890,Indie,64,56,8
1305320,"Adventure,Indie",3,3,0
1903080,"Indie,Strategy",5,5,0
263200,"Action,Adventure,Casual,Indie,RPG,Early Access",435,346,89
1737240,"Casual,Indie,RPG,Simulation",0,0,0
1521040,"Simulation,Early Access",19,13,6
2073960,"Casual,Indie",0,0,0
1921210,Casual,1,0,1
1443430,"Adventure,RPG,Strategy",200,190,10
319870,"Action,Adventure,Casual,Indie",407,355,52
513360,Indie,103,92,11
1780300,"Adventure,Indie",0,0,0
723350,"Action,Indie",40,33,7
1836210,Casual,1,0,1
783720,"Action,Casual,Indie",0,0,0
397180,"Simulation,Strategy",24,17,7
1382770,"Action,Adventure,Casual,RPG",0,0,0
1062960,"Action,Adventure,Indie,Racing,Simulation",374,224,150
1805080,"Adventure,Indie,RPG,Strategy",0,0,0
1983430,"Adventure,Free to Play",0,0,0
1323600,Indie,13,9,4
1269230,"Adventure,Indie,Simulation,Early Access",0,0,0
1741120,Strategy,27,25,2
1002420,"Action,Indie",6,4,2
524850,"Adventure,Indie",511,458,53
1026880,"Action,Indie,Massively Multiplayer,Simulation",10,10,0
1917630,"Adventure,Casual,Free to Play,Indie,RPG",0,0,0
949630,"Indie,Simulation,Sports",30,19,11
1475150,"Action,Adventure,Casual,Indie",2,2,0
1304910,"Casual,Indie",7,7,0
467680,"Adventure,Casual,Indie",125,93,32
970760,"Action,Indie",4,4,0
1370950,"Action,Indie",7,5,2
758470,"Action,Adventure,Casual,Indie",14,6,8
1592110,"Adventure,Casual,Indie,RPG,Simulation,Early Access",150,120,30
351480,"Indie,RPG,Strategy",195,181,14
649870,"Violent,Action,Casual,Indie,Massively Multiplayer,Racing",13,6,7
1210230,"Action,Adventure,Indie,RPG",97,92,5
935440,"Casual,Indie",17,14,3
1350690,Simulation,0,0,0
550240,Adventure,9,4,5
808880,"Casual,Indie,Racing",18,13,5
1016970,"Action,Adventure,Casual,Free to Play,Indie,RPG,Strategy",0,0,0
1101850,"Adventure,Indie,RPG",1,1,0
786540,"Casual,Indie",1,1,0
1972870,"Action,Adventure",1,1,0
871280,"Adventure,Casual",19,19,0
659040,"Action,Indie",9,8,1
815290,"Indie,RPG,Strategy",20,13,7
975230,"Adventure,Indie,RPG",22,18,4
548170,"Violent,Action,Indie,Early Access",2,2,0
1508620,"Action,Adventure,Casual,Indie,RPG,Strategy",6,5,1
557730,"Action,Casual,Indie",11,10,1
797420,"Casual,Indie,Racing",2,2,0
443020,Strategy,76,56,20
1567060,"Action,Adventure,Indie",11,9,2
433920,"Adventure,Indie,RPG",61,55,6
1401170,"Free to Play,Simulation,Strategy",0,0,0
762590,"Action,Indie,Racing",20,16,4
501630,"Audio Production,Design & Illustration,Utilities,Video Production",23,18,5
2078160,"Casual,Indie",0,0,0
578870,"Indie,Strategy",22,19,3
1610560,"Action,Adventure,Indie",8,5,3
353300,Indie,7,4,3
1513680,"Action,Adventure,Casual,Indie,RPG",10,10,0
987660,Action,3,1,2
849980,"Casual,Indie",1,1,0
779120,Education,4,4,0
691580,"Adventure,Casual,Indie,Simulation",6,6,0
1178330,"Action,Adventure,Casual,Indie,Simulation,Strategy",2,2,0
1047340,"Casual,Indie",0,0,0
826440,"Adventure,Casual",1,1,0
314850,Adventure,13,0,13
1676200,"Action,Adventure,Indie",16,12,4
597210,"Adventure,Casual,Indie",28,12,16
91100,"Indie,Racing",360,322,38
357300,Indie,544,515,29
1398570,"Action,Adventure,Casual,Indie,Simulation",8,4,4
528430,"Action,Indie",29,20,9
1534200,"Casual,Indie",41,37,4
1427150,"Action,Adventure,Indie",0,0,0
1218260,"Adventure,Casual,Free to Play,Indie",0,0,0
816150,"Action,Casual,Indie,Racing,Sports",0,0,0
1195870,"Adventure,RPG,Strategy",1,1,0
1555560,"Adventure,Casual,Indie",4,3,1
602320,"Adventure,Casual,Indie,Simulation,Strategy",836,760,76
1097790,"RPG,Strategy",66,50,16
1634210,"Casual,Free to Play",0,0,0
1229280,Indie,6,5,1
510930,"Action,Indie,Early Access",88,68,20
449710,"Indie,Simulation,Strategy",269,206,63
297130,"Action,Adventure,Indie",2285,1666,619
692890,"Action,Indie,Early Access",2515,2405,110
1758120,"Casual,Indie",0,0,0
340250,Indie,6,6,0
1933590,"Free to Play,Indie,RPG,Strategy",0,0,0
781230,"Action,Indie",2,2,0
613410,"Action,Adventure,RPG",9,2,7
974220,"Casual,Indie",0,0,0
1604440,"Action,Adventure,Indie,Early Access",0,0,0
796500,"Action,Casual,Indie,Early Access",0,0,0
625080,Design & Illustration,0,0,0
682010,"Action,Indie,RPG,Strategy",1,0,1
2020750,"Adventure,Casual,Indie",6,3,3
260330,"Action,Indie,Strategy",70,52,18
1521520,"Action,Casual,Indie,Racing",10,9,1
1277140,"Indie,Strategy,Early Access",3,2,1
209670,"Action,Indie,Strategy",1214,973,241
590570,"Action,Adventure,Casual",1,0,1
1157700,"Simulation,Sports,Strategy,Early Access",164,156,8
509360,"Adventure,Simulation",36,25,11
696810,RPG,11,7,4
1929870,"Action,Indie,Early Access",561,526,35
108600,"Indie,RPG,Simulation,Early Access",41178,37940,3238
446560,Casual,302,212,90
554280,"Action,Indie",46,33,13
1006830,"Action,Adventure,Indie,RPG",0,0,0
1705560,"Adventure,Indie",10,9,1
502520,"Indie,Simulation,Strategy",4262,3779,483
92100,"Indie,Strategy",435,207,228
1755290,Action,2,2,0
830890,"Action,Adventure,Casual,Indie,Strategy",1,0,1
1031830,"Casual,Indie,Strategy",2,2,0
1001040,"RPG,Strategy,Early Access",69,40,29
658390,"Casual,Simulation",1,0,1
2080580,"Adventure,Casual,Indie,Simulation",2,1,1
321080,"Action,Adventure",10,5,5
1028820,"Action,Indie",3,1,2
888220,"Casual,Indie,Simulation,Early Access",5,5,0
1470550,"Action,Adventure,Indie,Strategy",3,1,2
870520,"Action,Simulation,Strategy",1,0,1
1243260,"Action,Adventure,Indie",3,3,0
576400,"Casual,Indie",52,34,18
1644510,"Adventure,Free to Play,RPG",0,0,0
1119100,"Casual,Indie,RPG,Simulation",6,6,0
1359900,"Action,Adventure",67,51,16
821790,"Adventure,Indie,Simulation",34,27,7
1278190,"Action,Indie,Strategy",15,13,2
1001860,"Action,Casual,Free to Play,Indie",0,0,0
453220,"Action,Casual,Indie",7,5,2
879610,"Casual,Indie,Simulation,Early Access",12,5,7
1518690,"Action,Adventure,Indie,RPG",17,15,2
1422430,"Indie,Simulation",131,106,25
1510670,"Action,Adventure,Indie",15,15,0
1762950,Casual,0,0,0
1871500,"Casual,Indie",16,15,1
1495910,"Action,Indie",0,0,0
562730,"Action,Adventure,Casual,Indie,Sports,Strategy",35,26,9
1661020,"Action,Early Access",3,2,1
1328930,"Indie,RPG,Strategy",0,0,0
1125240,"Action,Adventure,Indie,RPG,Early Access",435,424,11
1196690,"Action,Casual,Indie",1,1,0
1247370,"Action,Indie,Massively Multiplayer,Simulation,Sports,Early Access",42,30,12
1886870,"Adventure,Free to Play,Indie,Simulation",0,0,0
937050,"Adventure,Casual,Indie,RPG",6,4,2
1680400,"Action,Indie",10,10,0
547340,"Adventure,Casual,Simulation",110,95,15
1384400,"Adventure,Casual,Free to Play,Indie",0,0,0
312350,Strategy,152,121,31
1564310,"Simulation,Education,Utilities",0,0,0
952230,Casual,6,4,2
492840,"Action,Casual,Free to Play,Indie",0,0,0
869540,"Action,Adventure,Casual,Indie,RPG",6,5,1
398240,"Audio Production,Education",7,5,2
522570,"Action,Adventure,Casual,Indie,RPG,Simulation",90,45,45
940850,Casual,3,3,0
1232410,"Action,Adventure,Indie,RPG",0,0,0
794730,"Simulation,Strategy",2,1,1
1286980,"Adventure,Indie",8,8,0
1424250,"Casual,Free to Play,Indie,Simulation",0,0,0
956140,"Adventure,Casual,Indie",156,153,3
1621920,"Casual,Indie,Simulation",2,2,0
304430,"Action,Adventure,Indie",14084,13494,590
9940,"Action,Adventure",547,445,102
498190,"Action,Casual,Indie",43,35,8
1370390,"Adventure,Racing,Simulation,Early Access",15,11,4
1355760,"Casual,Indie,Simulation,Strategy,Early Access",5,3,2
1226910,"Casual,Indie,Simulation",5,2,3
320790,"Action,Indie",12,3,9
1345180,"Action,Adventure,Indie,RPG,Simulation,Early Access",2,1,1
677450,"Adventure,Indie,RPG,Simulation,Early Access",91,50,41
47540,"RPG,Casual",243,200,43
1312070,"Action,Casual,Indie",2,1,1
600980,"Action,Casual,Simulation,Early Access",4,2,2
1281470,"Casual,Indie,Simulation,Sports,Strategy",1,1,0
727530,"Action,Adventure,Indie",13,8,5
542750,"Action,Adventure,Simulation",1,0,1
870510,"Casual,Indie",2,2,0
1759460,Free to Play,0,0,0
1243790,"Adventure,Casual,Indie",32,31,1
252450,"Indie,Strategy",1354,766,588
897020,"Adventure,Casual",9,7,2
1327100,"Adventure,Indie",1,1,0
1805930,"Casual,Indie",38,37,1
329000,"Adventure,Indie,RPG,Simulation",18,6,12
2003200,"Casual,Indie",0,0,0
2011610,"Action,Adventure,Indie",1,0,1
692710,"Action,Casual,Indie",0,0,0
1592340,"Indie,Simulation,Strategy",18,18,0
1686790,"Action,Casual,Indie,Simulation,Early Access",4,3,1
1779770,"Action,Adventure,Casual,Indie,Massively Multiplayer,RPG,Strategy,Early Access",0,0,0
677190,"Action,Indie",13,12,1
866780,"Adventure,Casual",0,0,0
1320710,"Adventure,Free to Play,Indie",0,0,0
918480,"Indie,Strategy",0,0,0
603910,"Action,Casual,Indie,RPG",3,2,1
491790,"Free to Play,Indie,Simulation",0,0,0
1105130,"Adventure,Casual,Free to Play,Indie,Simulation,Early Access",0,0,0
673610,"Indie,Simulation,Strategy",3475,2943,532
1095200,"Action,Indie",0,0,0
1478780,Indie,5,4,1
1595510,Casual,40,39,1
1042210,"Action,Sports",4,3,1
1789300,"Adventure,Casual,Indie,Simulation",0,0,0
1348250,"Action,Indie",7,7,0
938220,"Action,Casual,Racing",191,173,18
1038070,"Casual,Indie",0,0,0
862790,Indie,2,2,0
449680,"Action,Casual,Indie",183,147,36
1591850,"Indie,Sports,Strategy",1,1,0
1132760,"Action,Adventure,Indie,RPG,Strategy",128,93,35
1160790,"Action,Adventure,Indie",7,6,1
1850480,Indie,0,0,0
1019230,"Adventure,Casual",16,15,1
1679290,"Free to Play,Indie,Strategy,Early Access",20,16,4
1111310,"Adventure,Casual,Indie",3,2,1
1707840,"Casual,Strategy",0,0,0
972480,"Casual,Indie",1,1,0
490390,Adventure,10,6,4
1471250,"Action,Adventure,Indie",0,0,0
1011970,"RPG,Strategy",0,0,0
569800,"Adventure,Indie",201,166,35
932560,"Action,Casual,Indie",2,2,0
1006730,Casual,0,0,0
1428030,"Action,Adventure,Indie",0,0,0
464920,"Simulation,Strategy",8407,7044,1363
941000,"Adventure,Casual",7,7,0
685430,"Adventure,Casual,Indie",4,1,3
1274690,"Adventure,Indie",1,1,0
1271170,"Action,Adventure,Casual,Indie,Strategy",19,19,0
1562440,"Action,Casual,Indie,Racing",0,0,0
1031970,"Adventure,Casual,Free to Play,Massively Multiplayer",0,0,0
1242830,Education,0,0,0
1595180,"Adventure,Casual,Indie",5,4,1
1155810,"Adventure,Casual,Indie,Simulation,Early Access",7,4,3
1808110,"Casual,Indie",0,0,0
984800,"Indie,Simulation",202,144,58
1576350,"Adventure,Indie",64,47,17
1371110,"Casual,Indie",2,2,0
1610660,"Casual,Indie,Simulation,Strategy",1,1,0
826930,"Action,Adventure,Indie,RPG,Early Access",5,4,1
1752430,"Adventure,Casual,Free to Play,Indie,Early Access",0,0,0
1573330,Casual,2,1,1
773850,"Action,Casual,Free to Play,Indie",0,0,0
1457220,"Casual,RPG,Early Access",76,76,0
1248150,"Action,Casual,Indie",1,1,0
255320,"Adventure,Indie",342,251,91
1663380,"Adventure,RPG",9,9,0
997060,Adventure,3,1,2
1800330,"Adventure,Casual,Indie",1,0,1
1060590,"Casual,Indie,RPG,Simulation,Strategy",2,2,0
1322740,"Adventure,Casual,Free to Play,Simulation,Early Access",0,0,0
1514690,"Action,Adventure,Casual,Indie,Massively Multiplayer,RPG,Simulation,Early Access",103,92,11
489830,RPG,68115,64840,3275
629550,"Action,Adventure,Indie",2,2,0
1296680,"Action,Adventure,Casual,Indie,Racing",0,0,0
912550,"Action,Indie",27,23,4
541970,"Adventure,Casual",1,0,1
501090,"Indie,Simulation",42,34,8
1800690,"Casual,Indie",1,1,0
757170,"Adventure,Casual,Indie",2,2,0
1448950,"Action,Indie",4,2,2
1525810,"Action,Sports",1,0,1
1096910,"Casual,Indie,Simulation",6,3,3
1816100,"Design & Illustration,Education,Photo Editing,Utilities",0,0,0
970210,"Photo Editing,Utilities",0,0,0
989060,"Audio Production,Utilities,Video Production",49,48,1
1181070,"Casual,Indie",2,2,0
544330,"Adventure,Casual,Indie",672,586,86
434470,"Casual,Indie",7,6,1
1184190,"Casual,Indie,Sports",1,0,1
435000,"Adventure,Casual,Indie",30,24,6
1052310,Indie,3,0,3
1917610,"Adventure,Casual",1,1,0
913000,"Action,Casual,Indie",1,1,0
255390,Adventure,401,379,22
463710,"Casual,Indie",16,5,11
1736300,"Action,Indie",29,25,4
449330,"Action,Indie,Early Access",4,2,2
1112680,"Casual,Indie",0,0,0
517350,"Action,Indie,RPG",23,16,7
616610,"Action,Free to Play,Indie,Racing,Early Access",0,0,0
512160,"Casual,Indie,Sports",57,36,21
1155090,"Action,Adventure,Indie",1,1,0
924770,"Casual,Indie,Simulation,Animation & Modeling,Audio Production,Design & Illustration,Video Production",3,3,0
428270,"Adventure,Casual",9,5,4
1657280,"Action,Casual,Indie",0,0,0
1999880,"Casual,Indie,RPG,Simulation",1,1,0
729370,"Adventure,Indie",49,44,5
914170,"Adventure,Casual,Indie,RPG,Sports",151,129,22
1263920,"Adventure,Indie",3,1,2
1462740,"Adventure,Casual,Indie",5,1,4
512550,"Action,Adventure,Indie",9,5,4
1687570,"Action,Indie,Early Access",2,2,0
1002520,"Action,Adventure,Casual,Indie,RPG,Strategy",4,4,0
1469550,"Action,Adventure,Casual,Free to Play,Indie",0,0,0
672860,Simulation,64,27,37
1275770,"Adventure,Indie",24,21,3
508910,Indie,9,8,1
376450,Strategy,22,10,12
1227320,"Action,Adventure,Indie",2,2,0
790100,"Action,Adventure,Indie,RPG,Early Access",0,0,0
1385750,"Action,Adventure,Casual",0,0,0
1083820,"Action,Adventure,Indie,RPG",28,21,7
511920,Indie,1,1,0
1434780,Action,1,0,1
673940,"Action,Adventure,Free to Play,Massively Multiplayer,RPG",0,0,0
1276060,"Adventure,Indie,Simulation,Strategy",0,0,0
1420740,"Indie,RPG,Simulation",98,80,18
1644830,"Action,Adventure,Strategy",0,0,0
1168210,"Action,Adventure,Casual",0,0,0
671720,"Casual,Free to Play,Indie,Simulation",0,0,0
1641330,"Action,Casual,Indie,RPG",1,1,0
1077850,"Adventure,Free to Play,Indie,Simulation",0,0,0
1664980,Casual,1,1,0
1265810,"Action,Free to Play,Indie",0,0,0
700740,Action,37,21,16
892180,"Action,Casual,Indie,Simulation",3,3,0
1642190,"Action,Adventure,Casual,Indie",1,1,0
386620,"Action,Indie,Simulation,Strategy",1433,1291,142
1066490,"Casual,Indie,Strategy,Early Access",24,24,0
1003490,Adventure,27,24,3
1942390,"Adventure,Casual,Indie",0,0,0
1417610,"Adventure,Casual,Indie",22,16,6
1551050,"Indie,RPG,Strategy,Early Access",1,1,0
1246040,"Accounting,Utilities",4,3,1
1691700,"Casual,Indie,Simulation,Sports",0,0,0
1088880,"Action,Casual,Indie",11,7,4
886040,"Casual,Indie,Strategy",121,92,29
1832720,"Casual,Free to Play,RPG,Simulation",0,0,0
1775430,"Action,Casual,Indie,Early Access",0,0,0
1459530,Indie,2,2,0
1636850,"Action,Casual,Indie,Early Access",33,28,5
1011820,"Casual,Indie,Early Access",1,1,0
1450170,"Adventure,Casual,Indie,RPG,Simulation,Early Access",1,0,1
1076790,"Action,Casual,Indie",10,8,2
1761530,"Action,Adventure,Indie",14,11,3
1762920,"Casual,Free to Play,Indie,Simulation",0,0,0
1517220,"Action,Casual,Early Access",1,0,1
1272450,"Casual,Strategy",10,7,3
934470,"Action,Indie",1,0,1
532950,Casual,15,2,13
367430,"Action,Casual,Indie,Sports",11,10,1
1381150,"Casual,Indie",3,1,2
724470,"Indie,Strategy",101,79,22
385490,"Indie,Racing,Simulation,Sports",11,6,5
293320,"Adventure,Indie",209,90,119
1787110,"Casual,Strategy",0,0,0
1185530,"Adventure,Indie",0,0,0
774791,"Action,Casual,Indie,Simulation",291,200,91
1444150,"Adventure,Indie,Simulation",42,37,5
1269990,"Free to Play,Indie",0,0,0
263720,"Action,Casual,Indie",285,197,88
1561780,Indie,1,1,0
6060,Action,30946,29282,1664
1233020,"Simulation,Strategy",2,1,1
1842990,"Casual,Free to Play,Racing",0,0,0
1685750,Action,242,226,16
434210,"Casual,Indie",148,136,12
605310,"Adventure,Simulation",27,17,10
1697110,"Indie,RPG,Early Access",3,3,0
1547910,"Casual,Indie,Simulation",1,1,0
1538610,"Adventure,Casual",7,5,2
1152300,RPG,87,84,3
433350,"Action,Casual,Free to Play",16,9,7
696400,"Casual,Indie,Strategy",11,7,4
1500960,"Action,Adventure,Casual,Indie,RPG,Early Access",1,0,1
1378120,"Adventure,Casual",6,4,2
636150,"Action,Adventure,Casual,Indie",243,200,43
1990570,"Action,Indie,Early Access",0,0,0
1087910,"Adventure,Simulation",4,2,2
525700,Simulation,439,252,187
800310,"Action,Adventure,Casual,Indie,Strategy",13,5,8
1313700,"Casual,Indie,Simulation,Strategy,Early Access",4,3,1
493980,Casual,3,3,0
2063890,Casual,0,0,0
1828160,Adventure,0,0,0
1282090,"Action,Adventure,Casual,Indie,Simulation",36,34,2
436740,"Animation & Modeling,Education",0,0,0
994450,"Action,Indie",0,0,0
1369410,"Adventure,Casual,Indie",0,0,0
645650,"Action,Casual,Indie",12,8,4
454630,"Casual,Indie",8,6,2
1580150,"Adventure,Casual,Indie",84,74,10
485450,"Casual,Indie,Strategy",165,108,57
1881670,"Action,Adventure,Casual,Indie,Simulation",9,8,1
601750,"Action,Casual,Indie,Simulation,Early Access",21,11,10
1037970,"Casual,Simulation,Strategy",4,3,1
1590670,"Casual,Indie",2,2,0
587920,"Action,Adventure,Indie,RPG",29,21,8
666140,"Adventure,Casual,Indie,RPG,Simulation",10332,9642,690
766620,"Adventure,Indie,RPG,Simulation,Strategy,Early Access",1,0,1
1278370,"Action,Adventure,Indie,Early Access",29,23,6
1394150,"Action,Casual,Indie,Simulation",0,0,0
1122750,"Adventure,Free to Play,Indie,RPG",0,0,0
1742620,"Casual,Indie,Strategy",1,1,0
700140,"Action,Indie,Sports",5,5,0
574410,"Action,Indie",1,1,0
578690,"Action,Indie,Strategy",18,14,4
1146390,"Adventure,Indie,RPG",1,1,0
1513840,"Action,Adventure,Casual,Indie,RPG,Simulation",25,11,14
476510,"Action,Adventure,Indie",20,16,4
481600,"Adventure,Casual,Indie,RPG",20,15,5
1748310,"Action,Casual,Indie,Massively Multiplayer,Strategy",0,0,0
661120,"Violent,Gore,Adventure,Indie,RPG",30,29,1
955860,"Action,Adventure,Indie",3,2,1
620180,"Action,Indie",0,0,0
773390,"Action,Indie,Simulation,Sports",58,39,19
1498440,"Action,Indie",0,0,0
1000860,"Action,Massively Multiplayer,Simulation",5,3,2
1332540,"Adventure,Indie,RPG",3,3,0
808160,"Indie,Simulation",12,6,6
1679800,"Action,Indie,Sports,Early Access",2,2,0
595130,"Casual,Simulation",16,14,2
883300,"Casual,Indie,Simulation",7,4,3
680880,"Adventure,Casual,Indie,RPG",0,0,0
1244890,Indie,1,1,0
1098510,"Adventure,Casual,Indie",25,19,6
1199420,"Action,Adventure,Indie",5,4,1
1863630,"Action,Adventure,Indie",0,0,0
1011700,"Adventure,Indie",53,50,3
1013130,"Adventure,Indie,RPG,Simulation,Strategy",12,7,5
1607500,"Action,Indie",0,0,0
215550,"Violent,Gore,Action,Adventure,Indie,RPG",57,27,30
1293040,"Adventure,Casual,Free to Play,Indie,RPG",0,0,0
1527230,"Indie,Racing,Early Access",2,1,1
837400,"Indie,RPG,Simulation,Strategy",136,112,24
545340,"Sexual Content,Adventure,Casual",14,12,2
1432610,"Action,Casual,Indie,Strategy",8,5,3
1493490,Action,1,1,0
525870,"Action,Casual,Simulation,Sports",2,2,0
498510,RPG,0,0,0
1184850,"Indie,RPG",0,0,0
745740,"Action,Casual,Indie",202,169,33
485430,"Violent,Gore,Indie,Early Access",4,2,2
1004790,"Adventure,Casual,Indie,RPG",0,0,0
762930,Adventure,20,20,0
1912660,"Adventure,Casual,Indie",1,1,0
654980,"Casual,Indie",2,1,1
1614850,"Casual,Free to Play,RPG",3,2,1
1070460,"Adventure,Indie",1,1,0
397990,"Action,Indie",5,5,0
715650,"Adventure,Casual,Indie,RPG",18,14,4
1726290,Strategy,1,0,1
1441340,"Adventure,Indie",2,1,1
1786290,Indie,0,0,0
589500,"Action,Adventure,Indie",281,261,20
602630,"Casual,Indie,Simulation",15,14,1
718080,"Adventure,Casual,Indie",12,9,3
1198860,"Action,Casual,Indie,Massively Multiplayer",40,35,5
975430,Action,16,11,5
812110,"Adventure,Casual",23,15,8
805880,"Action,Casual",11,6,5
1584560,"Indie,Simulation",2,1,1
1328510,"Action,Adventure,Indie",4,3,1
1564110,"Adventure,Indie,Simulation",93,65,28
271670,"Action,Indie",222,198,24
31109,Adventure,0,0,0
680620,"Action,Casual,Indie",17,16,1
1314670,"Casual,Strategy",0,0,0
1050880,"Action,Indie",15,14,1
415000,"Education,Software Training",33,33,0
832360,"Casual,Indie,Simulation,Strategy,Early Access",189,128,61
1211110,Indie,144,139,5
1221230,Adventure,14,12,2
365020,"Action,Adventure,Indie",260,149,111
1212400,"Adventure,Indie,RPG",79,71,8
685870,"Action,Indie",0,0,0
640820,RPG,14232,11013,3219
1819440,"Indie,Simulation,Strategy",9,6,3
691390,"Action,Adventure,Indie",34,24,10
727220,"Adventure,Casual,RPG",10,7,3
630060,"Adventure,Indie,RPG",48,43,5
1384000,Strategy,0,0,0
1134530,"Action,Casual,Indie",0,0,0
951250,"Casual,Free to Play,Indie,Simulation",0,0,0
1182470,Indie,20,18,2
1902750,"Casual,Indie,Simulation,Strategy",10,4,6
1962440,"Casual,Indie",1,0,1
810190,"Action,Casual,Indie,Massively Multiplayer",0,0,0
1549680,"Adventure,RPG",1,0,1
1167800,"Action,Indie",1,1,0
1899680,"Free to Play,Indie,Simulation",0,0,0
1149120,"Racing,Simulation,Sports",1,0,1
1181900,"Adventure,Casual,RPG,Simulation",9,8,1
439530,"Action,Adventure,Indie",13,6,7
1683910,"Indie,Strategy",5,4,1
1212450,"Action,Casual,Indie",3,1,2
672020,"Violent,Action,Casual,Indie,Sports",35,32,3
392110,Strategy,7766,6450,1316
837600,"Violent,Action",49,33,16
1632800,"Utilities,Video Production",0,0,0
415180,"Action,Indie,RPG",62,57,5
1235950,Indie,3,1,2
751250,"Action,Adventure,Indie",58,52,6
535370,"Nudity,Adventure",1,0,1
1805390,"Adventure,Casual,Indie,RPG",6,5,1
860290,"Action,Adventure,Indie",0,0,0
991860,"Adventure,Casual,Indie",4,2,2
1359280,"Action,Adventure,Casual,Indie,RPG,Simulation",7,2,5
1805510,"Action,Indie,Simulation",0,0,0
1836160,"Adventure,Indie,Simulation",23,20,3
795100,"Casual,Free to Play,Indie,Strategy",28,26,2
1731930,"Casual,Indie,Simulation,Early Access",10,10,0
397240,"Action,Adventure,Indie",8,5,3
1167370,Simulation,0,0,0
1361010,"Adventure,Indie,RPG",19,13,6
1570790,"Action,Adventure,Indie",6,6,0
530890,"Action,Indie",1679,1428,251
1054030,"Action,Adventure,Casual,Indie,RPG,Early Access",5,2,3
1612100,"Adventure,Casual,Indie,Strategy",11,10,1
1103130,"Adventure,Indie,RPG,Strategy",17,16,1
525910,"Casual,Indie",19,18,1
1307730,"Action,Indie",0,0,0
1407050,"Action,Casual",0,0,0
499420,"Casual,Indie",8,3,5
255260,Simulation,64,38,26
1029050,"Adventure,Casual,Indie",4,3,1
1621140,"Adventure,Casual,Indie",212,203,9
850550,"Action,Adventure,Casual,Sports",0,0,0
873200,"Action,Adventure,Indie",115,111,4
398260,"Action,Indie,Simulation",3,3,0
919360,"Action,Adventure,Indie,RPG,Strategy,Early Access",284,205,79
1297090,"Casual,Indie",14,14,0
1898690,"Casual,Indie,Strategy",0,0,0
1151640,"Action,Adventure,RPG",34641,30740,3901
1484600,"Casual,Indie",9,9,0
1192860,"Adventure,Casual,Indie,RPG",1,1,0
380750,"Action,Adventure,RPG",207,139,68
1674670,"Free to Play,Indie,Sports",0,0,0
233210,"Action,Simulation",121,41,80
1273940,"Action,Indie,Strategy",6,1,5
1544430,Indie,8,6,2
1132750,Action,5,3,2
978040,"Adventure,Indie,Simulation",4,2,2
1815750,"Adventure,Casual,Indie",2,2,0
1487460,"Action,Adventure,Indie",18,16,2
583040,Simulation,78,53,25
1947300,"Adventure,Casual,Indie",0,0,0
861720,"Action,Casual,Simulation,Strategy",15,7,8
332580,"Adventure,Casual,Indie",76,66,10
345620,"Adventure,Casual",66,57,9
1186880,"Adventure,Casual,Indie",56,48,8
1906680,"Adventure,Casual",1,0,1
1297530,"Adventure,Casual,Indie",5,5,0
344630,Adventure,104,95,9
1708180,"Casual,Indie",2,1,1
850060,"Action,Adventure,RPG",26,18,8
1764050,"Action,RPG",0,0,0
1080490,"Action,Adventure,Casual,Indie",0,0,0
914950,"Indie,Strategy",16,10,6
1169000,"Action,Adventure,Casual,Indie,RPG,Strategy",1,1,0
723960,"Adventure,Casual",1,1,0
962860,"Action,Adventure,Indie",2,0,2
1056140,"Casual,Indie",0,0,0
822800,"Action,Indie",30,23,7
507120,"Action,Adventure,Indie",29,21,8
1538810,"Casual,Indie,Racing",1,0,1
375010,"Casual,Indie",8,5,3
714840,"Action,Casual,Indie",2,1,1
698050,"Adventure,Free to Play,Indie,RPG",2,1,1
2059730,Indie,3,1,2
298340,"Action,Indie,Racing,Simulation",69,36,33
420530,"Adventure,Casual,Indie",16546,16262,284
2007840,Indie,3,1,2
968790,Action,334,285,49
970550,Casual,1,0,1
1471630,"Action,Casual,Indie,Strategy",10,8,2
336680,"Casual,Indie,Sports,Strategy",10,7,3
670450,Audio Production,7,5,2
911050,"Action,Casual,Free to Play",0,0,0
1274180,Indie,0,0,0
1696400,Video Production,4,2,2
782070,"Casual,Indie,Racing,Simulation,Sports,Early Access",40,17,23
947450,"Adventure,Casual,Indie",8,8,0
201290,"Indie,Strategy",521,403,118
1587860,"Casual,Racing,Simulation,Sports",29,29,0
1054090,"Action,Adventure,Casual,Indie",5,3,2
273770,"Simulation,Strategy",229,19,210
438240,RPG,1,1,0
208620,"Adventure,Casual",35,26,9
1037820,"Action,Casual,Indie,Simulation,Strategy",13,7,6
1792450,Casual,0,0,0
636170,"Adventure,Casual,Indie",76,56,20
1028480,"Action,Strategy",2,2,0
1111420,"Indie,Simulation,Early Access",1,0,1
845460,"Casual,Indie,Strategy",4,2,2
1752850,"Action,Casual,Indie",0,0,0
666150,"Indie,Simulation,Strategy,Early Access",693,568,125
1053040,"Indie,RPG",1,1,0
274310,"Indie,RPG",1160,924,236
1241100,"Action,Casual,Free to Play,Indie,Massively Multiplayer,Simulation,Early Access",22,16,6
1020600,"Casual,Indie,Racing,Simulation,Sports",16,8,8
1881460,"Adventure,Casual,Indie,RPG,Early Access",0,0,0
1601520,"Casual,Indie,Massively Multiplayer",0,0,0
1401680,"Action,Adventure,Free to Play,Indie",0,0,0
1551220,"Massively Multiplayer,Strategy",9,4,5
849790,"Indie,Strategy",19,13,6
542170,Education,0,0,0
617020,"Sexual Content,Violent,Adventure,Indie,Simulation",2,0,2
1514930,"Casual,Indie",314,264,50
1654900,"Free to Play,Indie",0,0,0
1716140,"Indie,RPG",2,1,1
2052170,"Adventure,Indie",9,7,2
827170,"Casual,Free to Play,Indie,Simulation",0,0,0
1015100,"Casual,Indie",3,2,1
1847100,"Action,Adventure,Indie,RPG",4,2,2
1444610,"Action,Casual,Indie,Early Access",0,0,0
1181970,"Action,Adventure,Indie,Early Access",0,0,0
773910,"Action,Adventure,Indie,RPG,Strategy",1,0,1
908520,Utilities,1139,1111,28
1947060,"Action,Adventure,Indie,RPG,Early Access",13,13,0
1180560,Education,2,2,0
613450,Indie,108,101,7
1227090,"Casual,Indie,Simulation",3,2,1
1144760,"Action,Free to Play",0,0,0
530540,"Action,Indie,Simulation",18,10,8
996140,"Action,Casual,Simulation,Early Access",1,1,0
428490,"Action,Indie",14,10,4
1864180,"Casual,Free to Play,Indie,Strategy,Early Access",0,0,0
1819580,"Action,Free to Play,Indie",0,0,0
1303590,"Action,Adventure,Indie,RPG,Early Access",0,0,0
981630,"Action,Casual,Indie",6,6,0
341960,"Animation & Modeling,Design & Illustration,Photo Editing,Video Production",25,23,2
878150,"Action,Indie",5,5,0
599960,"Violent,Gore,Adventure,Indie",162,114,48
1587260,"Adventure,Indie,RPG,Early Access",0,0,0
1083350,"Casual,Indie,Racing,Sports",4,3,1
1697680,"Adventure,Indie",2,1,1
1705860,"Casual,Indie",1,1,0
1437040,"Action,Adventure",7,4,3
633060,"Adventure,Indie,Simulation",833,638,195
556700,"Action,Casual,Indie,Simulation,Sports,Early Access",5,2,3
819160,"Action,Indie,Strategy",2,2,0
1991900,"Action,Indie,Simulation",3,3,0
1500480,"Action,Casual,Indie",1,1,0
2016650,"Indie,Racing,RPG",0,0,0
1224530,Indie,86,56,30
876100,"Action,Casual,Indie",0,0,0
1027700,"Action,Casual,Indie",0,0,0
1531140,RPG,7,5,2
2027310,"Adventure,Casual,Indie",3,3,0
1166860,"Racing,Simulation,Sports,Strategy",1284,1185,99
1080010,"Action,Casual,Indie,Simulation",39,34,5
1308760,"Action,Adventure,Indie,RPG,Strategy",21,16,5
1249260,"Adventure,Indie",62,52,10
1342770,"Casual,Indie",0,0,0
2065860,"Action,Adventure,Indie,Strategy",0,0,0
979900,"Action,Adventure,Casual,Indie,Massively Multiplayer",3,3,0
972650,"Action,Casual,Indie,Simulation,Sports",1,1,0
1810230,"Adventure,Casual,Indie",11,11,0
280850,"Action,Adventure,Indie",39,25,14
875100,"Action,Indie,Strategy",0,0,0
335900,"Adventure,Indie,RPG,Strategy",5,3,2
1019040,"Action,Massively Multiplayer,Early Access",2,0,2
562620,"Action,Adventure,Indie",3,3,0
497300,"Action,Adventure,Indie",7,3,4
400800,"Racing,Simulation,Sports",204,139,65
1227190,"Action,Adventure,Casual,Indie,RPG,Simulation",1,1,0
1039350,"Action,Adventure,Casual,Indie,RPG",35,25,10
465520,"Adventure,Casual,Indie",41,38,3
1036120,"Casual,Indie,Simulation,Strategy,Early Access",2,2,0
1414280,Casual,5,5,0
1268040,"Design & Illustration,Utilities",73,58,15
1306240,"Indie,Racing,Simulation",1,1,0
787940,"Casual,Indie",0,0,0
1919750,"Action,Indie",9,9,0
1406150,"Indie,Strategy",1,1,0
1651500,"Action,Indie",14,14,0
393190,"Adventure,Casual,Indie",197,187,10
982520,"Design & Illustration,Photo Editing,Utilities",60,42,18
1355370,Indie,18,14,4
1618220,"Casual,Indie",1,1,0
1283760,"Adventure,Casual,Indie,Simulation,Strategy,Early Access",3,0,3
1037830,"Action,Casual,Indie,Early Access",1,1,0
796060,"Adventure,Casual",3,3,0
1767580,"Adventure,Casual",2,2,0
286320,"Adventure,Indie",197,183,14
1188800,"Adventure,Casual,Indie,RPG",4,2,2
839680,Action,0,0,0
1213180,"Animation & Modeling,Design & Illustration,Utilities,Game Development",10,5,5
207380,Action,105,93,12
383560,"Adventure,Indie",35,16,19
773190,"Adventure,RPG",0,0,0
370270,"Action,Adventure",17,12,5
1451740,"Adventure,Free to Play,Indie",0,0,0
882600,"Indie,Strategy",1,1,0
654520,Casual,5,5,0
809150,"Casual,Free to Play,Strategy",0,0,0
1140420,"Education,Utilities",3,2,1
560080,"Action,Adventure,Casual,Indie",8,5,3
1443160,"Casual,Strategy",5,5,0
312790,"Adventure,RPG,Strategy",146,79,67
1983780,"Action,Adventure,Indie,RPG",0,0,0
548470,"Action,Adventure,Casual,Indie,RPG",12,5,7
978490,"Casual,Indie,Racing",0,0,0
978670,"Casual,Free to Play,Indie,Strategy",0,0,0
1858260,Casual,1,1,0
946650,"Action,Indie",23,19,4
1631860,"Adventure,Casual,Indie",22,18,4
524940,"Adventure,Indie",4,2,2
2005640,"Adventure,Casual,Indie,Simulation",2,2,0
263860,"Indie,Strategy",80,53,27
1209450,"Adventure,Casual,Free to Play,Indie,Simulation,Strategy",30,28,2
1431230,"Indie,RPG,Simulation,Strategy,Early Access",102,92,10
834050,"Casual,Indie,RPG,Strategy",0,0,0
1245280,"Action,Adventure,Indie,RPG",5,2,3
1971730,"Adventure,Casual,Indie,Simulation,Sports",4,1,3
1743050,Action,0,0,0
1380720,"Adventure,Indie",2,2,0
1932690,"Adventure,RPG,Simulation",0,0,0
1841390,"Adventure,Casual,Indie",91,88,3
1674170,"Action,Indie,Simulation,Early Access",3383,3221,162
1687130,"Action,Adventure,Indie",2,0,2
1928810,"Adventure,Indie",2,2,0
1103920,"Casual,Simulation",3,1,2
543940,"Casual,Indie",3,2,1
1693990,"Adventure,Casual,Indie,RPG",3,3,0
1307860,Indie,1,0,1
1456750,"RPG,Strategy",4,2,2
13210,Action,1248,1080,168
1395890,"Casual,Indie,Strategy,Early Access",1,1,0
1696420,Video Production,2,1,1
552960,"Action,Adventure,Casual,Indie,RPG",2,0,2
501740,"Action,Casual,Massively Multiplayer,Early Access",10,2,8
1751110,"Adventure,Indie,RPG,Strategy",4,4,0
1420160,"Casual,Indie",1,0,1
1710340,"Action,Casual,Indie",1,1,0
1329430,Casual,2,2,0
1832670,Indie,0,0,0
1115020,Simulation,0,0,0
1144090,"Action,Adventure,Indie,RPG",9,9,0
1733500,"Adventure,Casual,Indie",25,24,1
1160870,"Action,Adventure",7,7,0
1238970,"Adventure,Casual,Indie",1,1,0
594950,"Adventure,Casual,Indie",33,32,1
1573160,Action,0,0,0
1721270,Casual,17,17,0
1034370,"Casual,Strategy",9,5,4
973350,"Casual,Indie,Strategy,Early Access",0,0,0
1126290,"Action,Adventure,Casual,Indie,RPG,Strategy",268,207,61
457730,"Action,Indie,Strategy",228,136,92
1366150,"Action,Casual,Indie,RPG,Strategy",19,16,3
251830,"Action,Adventure,Indie",304,291,13
1948960,"Action,Casual,Indie,Strategy",0,0,0
1218890,"Casual,Indie",19,16,3
2010740,"Adventure,Casual,Indie,Strategy",1,1,0
861740,"Action,Casual,Simulation,Strategy",7,2,5
898890,"Adventure,Indie,Simulation",163,156,7
749000,"Adventure,Casual",2,1,1
542680,"Indie,Strategy",11,7,4
1232370,"Casual,Indie,RPG,Simulation,Strategy",0,0,0
1933490,Casual,1,1,0
235380,Strategy,1314,669,645
883100,"Action,Indie",263,238,25
1758640,"Action,Indie,Simulation",1,1,0
1664410,Free to Play,0,0,0
2065530,"Action,Adventure,Indie",0,0,0
399230,"Action,Adventure,Casual,Simulation,Strategy",55,16,39
1302800,"Casual,Indie,Simulation",308,295,13
2063000,"Action,Adventure,Indie,RPG",4,3,1
1141550,"Action,Adventure,Casual,Indie,Simulation,Early Access",969,916,53
1898670,Indie,14,13,1
1777160,"Action,Casual,Indie,Racing",6,6,0
1801470,"Indie,RPG,Strategy",28,21,7
1198340,"Adventure,Casual,RPG",1,1,0
1176440,"Casual,Indie",2,2,0
1622250,"Action,Adventure,Indie,Massively Multiplayer",3,1,2
2052460,Adventure,6,3,3
388390,"Casual,Indie,Sports,Strategy",8,3,5
915130,"Adventure,Casual,Indie,RPG",15,13,2
1541390,"Action,Casual,RPG",0,0,0
301690,Casual,19,13,6
858250,"Action,Adventure,Indie",14,9,5
1052250,"Action,Casual,Indie",0,0,0
583570,"Action,Adventure,Casual,Simulation",1,0,1
1386770,"Action,Casual,Free to Play,Simulation,Early Access",0,0,0
1451680,"Free to Play,Indie,RPG,Simulation,Early Access",42,30,12
1908460,"Casual,Early Access",10,6,4
1209490,"Action,Adventure,Indie",1138,943,195
932810,"Action,Adventure,Casual,Free to Play,Indie,Massively Multiplayer,Simulation,Strategy",0,0,0
1733140,"Action,Adventure,Casual,Racing",0,0,0
603960,"Action,Indie",1184,1163,21
369110,"Action,Indie,RPG",381,236,145
1851370,Adventure,2,1,1
1166980,"Casual,Indie,Strategy",6,4,2
1613770,"Adventure,Casual,Indie",9,8,1
340280,Indie,114,100,14
661100,Indie,0,0,0
673260,"Action,Casual,Indie,Massively Multiplayer",274,212,62
1096230,"Indie,RPG",6,4,2
547000,"Action,Indie",1,0,1
358340,"Action,Adventure",30,27,3
1059320,"Indie,RPG,Simulation",0,0,0
679750,"Simulation,Sports",244,217,27
770870,"Adventure,Casual",3,3,0
284750,"Adventure,Casual",396,333,63
611860,"Action,Adventure,Indie",23,14,9
1289850,"Action,Adventure,Indie",1,1,0
1808350,"Action,Indie",0,0,0
449340,"Adventure,Indie",17,17,0
1372210,"Action,Adventure,Indie",53,52,1
636520,"Adventure,Indie",36,19,17
1896870,"Action,Indie,Strategy",2,1,1
1882350,"Casual,Early Access",1,0,1
1860590,"Action,Casual,Indie,Racing",0,0,0
1525320,"Action,Adventure,Indie",29,29,0
1105040,"Casual,Indie,Simulation",116,87,29
872820,"Simulation,Sports",85,73,12
1183240,"Design & Illustration,Photo Editing,Utilities,Web Publishing",11,8,3
688260,"Adventure,Indie",42,28,14
1494950,"Indie,RPG,Simulation,Strategy",0,0,0
1184780,"Action,Casual,Indie",3,3,0
1729100,"Action,Adventure,Indie,Strategy",1,1,0
1787150,Casual,8,8,0
634340,"Casual,Indie",72,62,10
1381480,"Indie,Simulation",4,1,3
674210,"Action,Adventure,Indie,RPG",23,19,4
1889930,"Action,RPG",193,152,41
797620,"Casual,Indie",38,36,2
685310,"Casual,Free to Play,Strategy",0,0,0
1560730,"Casual,Indie",0,0,0
1468190,"Casual,Indie",1,1,0
1237950,"Action,Adventure",19970,17251,2719
1526700,"Adventure,Casual,Indie,RPG",35,19,16
1161550,"Adventure,Indie",0,0,0
716360,Casual,7,7,0
1385670,"Action,Casual,Indie,Strategy",10,10,0
1141170,"Action,Adventure,Casual,Indie,RPG,Simulation,Early Access",1,0,1
741930,"Indie,RPG",4,0,4
375930,"Action,Adventure,Casual,Indie,Strategy",17,13,4
1639400,Adventure,0,0,0
1873920,"Action,Adventure",22,12,10
951570,"Action,Adventure",69,55,14
1172510,"Casual,Strategy",133,129,4
1038440,Adventure,0,0,0
1162180,"Casual,Free to Play,Indie",0,0,0
1591870,"Action,Adventure,Indie,Racing",36,35,1
796790,"Adventure,Casual,Indie,Simulation",11,8,3
1776400,Adventure,0,0,0
1383500,"Casual,Indie,Simulation,Strategy",1,1,0
894790,"Action,Casual,Indie",1,1,0
1297650,"Action,Adventure,Casual,Indie",13,9,4
1916930,"Action,Casual,Free to Play,Racing,Sports",0,0,0
909170,"Action,Indie,RPG",0,0,0
3260,"Adventure,Casual",265,150,115
1750490,"Adventure,Casual,Indie",5,5,0
1220540,"Adventure,Casual,Indie,RPG",1,0,1
1041660,"Adventure,Casual,Indie,Early Access",1,1,0
1558430,Action,0,0,0
1210620,Indie,11,7,4
1222240,"Action,Indie",1,1,0
1024400,"Adventure,Casual,RPG,Strategy",14,10,4
1132110,"Indie,RPG,Simulation",10,8,2
1971350,"Casual,Indie,Strategy",1,0,1
1803510,"Casual,Indie,Strategy",3,3,0
1665820,Indie,0,0,0
1393480,"Casual,Indie",3,3,0
416360,"Adventure,Indie,Simulation",79,77,2
1722140,"Adventure,Casual,Simulation",5,5,0
439770,"Indie,RPG",49,37,12
310740,"Action,Indie",207,181,26
660160,"Simulation,Strategy",415,360,55
1174860,"Software Training,Utilities",18,17,1
500880,"Casual,Indie,Early Access",8,7,1
528960,"Action,Adventure,Casual,Indie,Early Access",18,16,2
1132690,"Indie,RPG",27,11,16
276890,"Action,Adventure,RPG",181,155,26
989210,"Casual,Early Access",0,0,0
1967360,"Indie,Strategy",0,0,0
576720,"Simulation,Sports",12,10,2
1082000,"Action,Casual,Indie",18,17,1
333540,"Indie,Simulation,Strategy",16,10,6
379430,"Action,Adventure,RPG",33836,27667,6169
1204560,"Casual,Indie",5,4,1
604330,"Adventure,Casual,Indie",381,368,13
953640,"Action,Indie,Early Access",1,0,1
397360,"Action,Indie,RPG,Early Access",1,0,1
794740,Adventure,9,5,4
1137050,"Action,Indie,Early Access",2,1,1
637410,"Action,Indie",60,37,23
1229010,"Action,Adventure,Casual,RPG,Strategy",4,1,3
587860,"Adventure,Casual,Free to Play,Indie",55,46,9
1081960,"Action,Adventure,Indie,RPG,Strategy",0,0,0
432260,"Action,Casual,Indie",23,17,6
1755680,"Action,Adventure,Indie",22,7,15
669290,"Action,Adventure",262,138,124
232450,"Casual,Free to Play,RPG,Strategy",54,32,22
288470,RPG,5677,4732,945
356510,"Action,Indie,Sports,Early Access",33,10,23
973040,"Adventure,RPG",3,1,2
1289240,"Simulation,Strategy,Early Access",1,1,0
411330,Action,222,157,65
743330,"Action,Indie",2,1,1
756560,"Action,Adventure,Casual,Indie,Strategy",7,5,2
1099410,"Action,Simulation,Strategy",973,684,289
1879700,"Action,Indie,RPG",4,4,0
376210,"Action,Adventure,Indie,Massively Multiplayer,Simulation,Early Access",30376,25053,5323
599590,"Action,Casual,Sports,Early Access",69,66,3
1102650,"Action,Adventure,Indie,RPG",12,10,2
1797300,"Adventure,Indie,RPG,Early Access",79,42,37
2002320,Action,4,1,3
1891840,"Adventure,Casual,Indie",3,3,0
1850020,"Adventure,Casual,Free to Play,Indie,Early Access",0,0,0
1410830,"Casual,Simulation",0,0,0
391960,"Action,Adventure,Indie",1,1,0
351920,"Simulation,Strategy",2113,1991,122
1689180,Casual,0,0,0
334920,"Free to Play,Indie,Simulation,Strategy",3,3,0
1146210,"Indie,Simulation,Strategy",4,4,0
560570,"Action,Indie",2,0,2
1687060,"Action,Adventure,Indie,Strategy",4,3,1
1121650,"Action,Adventure,Indie",5,3,2
630140,"Free to Play,Massively Multiplayer,Strategy",0,0,0
647740,"Action,Indie,Massively Multiplayer,Strategy",223,190,33
371650,"Action,Adventure,Indie",70,51,19
1197570,"Action,Adventure,Simulation,Strategy",757,551,206
896110,"Adventure,Casual,Indie",2,2,0
1229740,Education,0,0,0
1558510,"Adventure,Indie,RPG",22,19,3
1648470,"Casual,RPG",3,3,0
543710,Indie,13,9,4
1080440,"Action,Adventure,Indie,RPG",6,0,6
1611910,"RPG,Strategy",3285,2643,642
314460,"Action,Indie",19,10,9
1734990,"Action,Indie",0,0,0
1270030,"Action,Casual,Indie,Racing",0,0,0
574090,"Action,Indie",761,616,145
1063060,"Action,Adventure,Casual,Indie,Early Access",2,2,0
1500290,"Casual,Indie,Simulation",5,4,1
1583830,"Casual,Indie",3,3,0
847600,"Action,Indie",0,0,0
1621680,RPG,20,13,7
1716160,"Adventure,Casual,Indie",4,4,0
1750070,"Casual,Indie",3,3,0
442890,"Casual,Indie,RPG,Strategy",48,27,21
847590,"Action,Adventure,Indie",14,12,2
861160,"Adventure,Indie",4,2,2
1710970,Casual,1,1,0
1719830,"Casual,Simulation",2,2,0
1223750,"Casual,Indie,RPG,Simulation,Early Access",1505,1219,286
845270,Indie,51,48,3
1678100,"Casual,Indie",3,3,0
400750,"Action,Simulation,Strategy",2563,2091,472
1882730,"Adventure,Casual",0,0,0
1448150,Indie,0,0,0
620190,"Action,Casual,Indie,Simulation,Strategy,Early Access",613,480,133
551630,"Indie,Strategy",30,14,16
734510,"RPG,Strategy",64,45,19
1766420,Adventure,22,19,3
1044740,"Casual,Indie",0,0,0
916340,Adventure,0,0,0
261880,"Action,Casual,Indie",246,216,30
400500,"Action,Indie,Racing,Simulation",22,8,14
1087020,"Casual,Free to Play,Indie",0,0,0
785590,"Action,Indie",6,5,1
1537340,"Action,Simulation",1,0,1
938510,"Casual,Indie",1,1,0
384310,"Adventure,Indie,RPG,Simulation,Strategy",142,103,39
1786490,"Adventure,Casual,RPG",0,0,0
839370,"Indie,RPG,Strategy",0,0,0
295730,"Action,Indie",52,43,9
1301730,"Action,Indie",1,1,0
1526020,"Action,Indie",1,0,1
1048090,"Indie,RPG",5,4,1
1228760,"Animation & Modeling,Design & Illustration",4,3,1
241560,"Action,Massively Multiplayer,Racing",4725,3048,1677
605410,"Casual,Indie,RPG",2,0,2
333210,"Action,Casual,Indie,Strategy",146,89,57
359260,"Adventure,Casual,Indie",4,2,2
1360040,"Indie,Sports",0,0,0
356390,"Adventure,Indie",68,55,13
1666260,"Action,Adventure,Indie",9,7,2
985590,"Action,Indie",24,24,0
723510,"Action,Adventure,Simulation",3,1,2
1641880,"Adventure,Indie,Racing",1,0,1
1253450,Indie,0,0,0
913890,"Action,Indie,Massively Multiplayer,Early Access",68,44,24
403660,"Indie,Strategy",22,9,13
1315650,"Casual,Indie,Simulation",12,7,5
870800,"Casual,Indie,RPG",5,5,0
1398110,"Action,Indie,Early Access",1,0,1
660340,"Action,Free to Play,Indie",0,0,0
397600,"Action,Indie",11,11,0
1867940,Action,0,0,0
985650,"Adventure,Indie,RPG,Strategy",0,0,0
858630,"Casual,Indie,Simulation,Strategy,Early Access",59,48,11
566530,"Action,Casual,Indie",219,166,53
1311570,"Action,Indie,Early Access",14,14,0
1088150,"Casual,Free to Play,Indie",22,20,2
1032560,"Action,Indie",2,2,0
1331090,"Casual,Indie,Strategy",5,5,0
1641780,"Action,Indie",1,1,0
883270,"Indie,RPG,Strategy",0,0,0
2063710,"Adventure,Indie,Strategy",0,0,0
8310,Adventure,54,35,19
1456290,"Action,Casual,Indie",15,12,3
376870,Adventure,3446,2465,981
1899150,"Adventure,Casual",0,0,0
1815350,"Casual,Free to Play,Strategy",0,0,0
448520,"Action,Adventure,Casual,Indie",9,9,0
1590970,"Casual,Indie,Strategy",2,2,0
982220,"Casual,Indie",174,158,16
1415920,"Simulation,Sports",54,41,13
488440,"Action,Casual,Indie,Massively Multiplayer,RPG",9,6,3
1611800,"Action,Adventure,Casual",1,1,0
836230,"Violent,Gore,Action,Indie,RPG",1,1,0
771470,"Action,Indie",10,4,6
933920,"Action,Adventure,Casual,Free to Play,Indie,Massively Multiplayer,Racing,RPG,Simulation,Sports,Strategy",10,4,6
890200,Action,0,0,0
1222980,"Action,Indie",2,2,0
540150,Strategy,6,4,2
1909670,"Casual,Indie,Strategy",1,1,0
264580,"Adventure,Casual",17,6,11
1450090,"Action,Adventure,Casual,RPG",1,1,0
1074640,"Action,Indie",11,11,0
372980,Education,1,0,1
1758030,Indie,0,0,0
513210,"Action,Adventure,Casual,Free to Play,Indie,Early Access",2,1,1
1049870,"Casual,Indie,Simulation",4,1,3
1238540,Simulation,0,0,0
397800,"Casual,Indie",7,1,6
507050,"Action,Indie,Simulation",9,2,7
1667240,"Action,Adventure,Casual,Indie,Simulation",10,9,1
1018730,"Adventure,Casual,Indie",0,0,0
602300,"Action,Adventure,Indie",7,7,0
777310,"Action,Adventure,Indie",4,3,1
1298380,"Adventure,Casual,Simulation,Strategy",0,0,0
2910,Strategy,222,189,33
1223550,"Action,Indie",0,0,0
744070,"Action,Casual",1,0,1
1146170,"Adventure,Indie,RPG,Simulation,Strategy",65,54,11
968320,"Action,Adventure,Casual,Indie",2,2,0
1697760,"Action,Adventure",0,0,0
1905060,Simulation,0,0,0
924430,"Indie,Strategy",0,0,0
302490,"Adventure,Casual,Strategy",67,61,6
1060620,"Action,Casual,Indie,RPG,Simulation",8,6,2
886670,"Action,Casual,Indie,Sports",4,3,1
1536150,"Adventure,Casual,Indie,Simulation",0,0,0
713030,"Action,Casual,Indie,Sports",15,12,3
284830,"Adventure,Casual",265,236,29
427830,"Action,Indie,Strategy,Early Access",2,1,1
204940,Strategy,95,56,39
1013000,"Casual,Indie,Strategy,Early Access",2,1,1
1254120,"Action,Free to Play,Massively Multiplayer,RPG",72,56,16
1091970,"Free to Play,Simulation",0,0,0
768480,"Action,Adventure,Strategy",3,3,0
804680,"Action,Adventure,Indie",1,0,1
1563860,"Adventure,Casual",6,4,2
513860,Adventure,21,15,6
1003450,"Action,Indie",3,2,1
563710,"Casual,Indie",13,10,3
730050,"Adventure,Casual,RPG,Simulation",284,231,53
778030,Action,0,0,0
1667540,"Adventure,RPG",5,4,1
704640,"Indie,RPG,Simulation,Strategy",237,205,32
1060210,"Action,Adventure",133,103,30
1681020,"Casual,Indie",1,1,0
664450,Indie,48,42,6
985810,"Action,Casual,Free to Play",0,0,0
1641060,"Simulation,Strategy",1,0,1
1673850,"Casual,Early Access",1,0,1
1017520,"Casual,Indie",57,45,12
1810310,"Action,Casual,Indie,Simulation,Strategy,Early Access",3,1,2
705130,"Adventure,Indie,RPG",0,0,0
1432260,Indie,0,0,0
1373830,"Action,Indie,Early Access",10,9,1
812020,"Adventure,Indie",41,29,12
1121820,"Casual,Free to Play,Indie",0,0,0
1571690,Casual,15,14,1
561480,"Adventure,Indie",32,27,5
754640,Free to Play,0,0,0
275080,"Casual,Indie,Simulation",93,43,50
1615290,"Casual,Indie,Simulation",1706,1632,74
2006330,"Action,Adventure,Free to Play,Indie",0,0,0
864530,Indie,8,6,2
2055730,"Adventure,Casual,Indie",0,0,0
1408530,"Casual,Indie,Strategy",2,1,1
1470910,Indie,2,2,0
397500,"Action,Adventure,Indie,RPG",170,118,52
483420,"Adventure,Casual",276,246,30
1505380,"Casual,Indie",8,8,0
1650810,"Action,Adventure,Indie,RPG",84,65,19
1185160,"Action,Adventure,Casual,Indie,Simulation,Strategy",149,120,29
1867470,"Action,Casual",0,0,0
1102190,Strategy,9691,9420,271
1285930,"Action,Adventure,Casual,Indie",0,0,0
25910,Strategy,137,108,29
632520,"Software Training,Early Access",9,5,4
1615930,"Action,RPG",12,12,0
585950,"Casual,Indie",70,62,8
1547290,"Adventure,Casual,Indie",33,33,0
1568480,"Casual,Indie,Strategy",10,9,1
331880,"Casual,Simulation",52,23,29
1408710,"Action,Indie,Early Access",14,12,2
586170,"Action,Indie",2,2,0
346970,"Action,Indie,Strategy",237,196,41
917830,"Indie,Simulation",15,13,2
559990,"Adventure,Free to Play,RPG",1,1,0
1472740,"Free to Play,Simulation",0,0,0
341660,"Action,Adventure,RPG,Early Access",41,12,29
393340,Software Training,3,1,2
1611150,"Action,Free to Play,Indie",0,0,0
1828900,"Action,Adventure,Indie",33,31,2
942060,"Action,Indie",45,42,3
1304800,"Action,Casual,Indie",2,1,1
732730,"Action,Adventure,Free to Play,Indie,Simulation",0,0,0
1812390,"Action,RPG",0,0,0
1542130,Strategy,3,2,1
25700,"Action,Casual,Indie",138,118,20
404460,"Action,Adventure,Casual,Indie",9,9,0
1554030,"Adventure,Indie,RPG",0,0,0
399240,"Action,Indie",7,5,2
299680,"Adventure,Casual,Indie",318,257,61
881620,Casual,2,2,0
1755350,"Casual,Indie,Simulation",182,153,29
1209170,"Adventure,Casual,Indie,Simulation,Strategy",2,1,1
856350,"Action,Indie",1,0,1
1470680,"Action,Indie",0,0,0
1290770,"Adventure,Indie",8,8,0
1068990,"Action,Casual,Indie",2,2,0
1836180,"Action,Adventure,Indie",4,3,1
1857730,"Casual,Indie",1,0,1
1961120,Casual,0,0,0
1089130,"Action,Free to Play",0,0,0
670290,"Action,Casual,Free to Play,Indie,Massively Multiplayer,Simulation,Sports,Strategy",0,0,0
40100,Strategy,3939,3395,544
1167950,"Indie,RPG",261,197,64
543950,"Indie,Simulation",2,0,2
1445250,Action,0,0,0
1466860,Strategy,11893,10185,1708
1673800,"Adventure,Casual,Indie,Simulation,Strategy",1,1,0
377330,"Adventure,Free to Play,Indie",79,78,1
1014100,"Action,Simulation,Early Access",17,10,7
926370,Indie,4,2,2
2057080,"Adventure,Casual,Indie",0,0,0
602180,"Casual,Simulation,Strategy,Early Access",2,0,2
1102420,"Design & Illustration,Photo Editing,Utilities,Web Publishing,Game Development",4,3,1
1435540,"Casual,Indie,Simulation,Strategy",2,2,0
201210,"Free to Play,RPG,Strategy",2,1,1
1302400,"Action,Adventure,Casual,Indie,Strategy,Early Access",1,1,0
977160,"Adventure,Free to Play,Indie",0,0,0
1731200,"Adventure,Indie,RPG,Simulation",27,21,6
675830,Indie,2,1,1
1734160,"Adventure,Indie,Simulation,Early Access",6,2,4
1780940,"Action,Adventure,Indie,Early Access",19,17,2
685750,"Action,Indie",26,9,17
1688050,Photo Editing,0,0,0
361040,"Indie,RPG",180,161,19
1349670,Indie,0,0,0
1033130,"Casual,Indie",1,1,0
321330,"Action,Casual,Free to Play,Indie",21,14,7
1808700,"Action,Adventure",13,6,7
251230,"Action,Adventure,Indie",221,169,52
415850,"Adventure,Casual,Indie",191,156,35
21130,"Action,Adventure",2151,1781,370
1839260,"Adventure,Casual",3,3,0
879250,"Casual,Free to Play,Indie",0,0,0
1878660,"Adventure,Indie,Massively Multiplayer,RPG,Early Access",1,1,0
1064480,"Action,Adventure,Casual,Indie",1,1,0
1717120,"Casual,Indie",4,4,0
1367110,"Indie,Strategy",3,2,1
1928910,"Casual,Indie,Strategy",5,3,2
452450,"Adventure,Indie",24,10,14
1630570,"Adventure,Casual,Free to Play,Indie,RPG",0,0,0
729290,"Casual,Indie",0,0,0
1203680,"Adventure,Casual,Free to Play,Indie",0,0,0
1288930,"Adventure,Casual,Free to Play,Indie",0,0,0
1964320,Casual,1,1,0
612300,Strategy,84,73,11
1003760,"Action,Indie,Strategy",1,1,0
616520,"Action,Indie,Sports",40,36,4
600440,"Action,Casual,Indie,Simulation,Strategy",1,1,0
1357930,"Action,Casual,Indie",3,3,0
1221440,"Action,Adventure,Indie,RPG",10,8,2
518690,Utilities,22,12,10
1116010,"Action,Casual,Indie",1,0,1
416120,Indie,6,4,2
71120,RPG,10,10,0
1043260,"Indie,Simulation,Strategy,Early Access",592,505,87
1611270,"Action,Adventure,Casual,Indie",4,4,0
842500,"Gore,Action,Indie",0,0,0
882760,"Action,Indie",5,0,5
1383640,"Indie,Strategy",17,17,0
846820,"Adventure,Indie,RPG",20,12,8
574640,"Action,Indie",43,30,13
783250,"Casual,Indie",0,0,0
949970,"Adventure,Indie,RPG,Strategy",3,2,1
598170,"Violent,Action,Adventure,Casual,Free to Play,Indie,Early Access",0,0,0
448630,"Indie,Strategy",39,12,27
307350,Action,15,6,9
787370,"Adventure,Indie,RPG",15,6,9
889600,RPG,167,129,38
502140,"Indie,RPG",48,22,26
1432290,"Casual,Indie",2,2,0
1081140,"Action,Adventure,Indie",2,0,2
1264290,"Adventure,Casual,Indie,RPG",0,0,0
1457640,"Action,Adventure,Casual,RPG,Strategy",3,0,3
674330,"Indie,Strategy",26,24,2
720300,"Adventure,Free to Play,Indie",0,0,0
1670250,Casual,0,0,0
1281350,"Casual,Indie,Simulation,Strategy",5,5,0
65780,"Action,Simulation,Strategy",325,245,80
1957700,"Free to Play,Indie,Strategy",0,0,0
1579800,Indie,0,0,0
1540140,"Action,Indie",1,1,0
1117150,"Action,Casual,Simulation",0,0,0
984910,"Action,Casual,Simulation,Sports",4,4,0
1596430,"Adventure,Casual,Indie,Racing,Strategy,Early Access",1,0,1
979350,Indie,0,0,0
1089520,"Adventure,Casual,Indie,RPG",1,1,0
1396050,"Adventure,Casual,Indie,Simulation",2,2,0
281080,"Adventure,Casual,Indie",17,16,1
972600,"Action,Indie",0,0,0
1100840,Adventure,0,0,0
1023370,"Casual,Simulation",1,1,0
350500,"Action,Indie,Simulation",101,46,55
1076060,"Action,Casual,Indie",0,0,0
767300,"Free to Play,Indie,Massively Multiplayer,Strategy,Early Access",0,0,0
1583300,Casual,4,2,2
954080,"Adventure,Casual,Indie",59,34,25
461210,"Racing,RPG,Simulation,Early Access",46,21,25
1285660,"Action,Adventure,Casual,Indie,Strategy",4,4,0
945540,"Action,Adventure,Indie,RPG,Early Access",0,0,0
341440,"Action,Indie",16,13,3
1305540,"Action,Adventure,Indie",5,2,3
1586820,"Adventure,Casual,Indie,Simulation",57,48,9
1831850,"Action,Casual",0,0,0
1816960,"Adventure,Casual,Indie",2,2,0
672460,"Action,Indie",14,8,6
1789130,"Indie,RPG",3,0,3
955670,"Casual,Indie,Strategy",4,3,1
1995940,Indie,10,9,1
1377200,"Action,Indie",0,0,0
533890,"Action,Indie",4,3,1
257690,"Adventure,Indie",578,492,86
1714050,"Indie,Simulation,Strategy",9,9,0
1419140,"Action,Adventure,Indie,Early Access",1,1,0
1400100,"Adventure,Casual,Indie",80,54,26
1600220,"Casual,Indie,Early Access",9,9,0
967100,"Action,Adventure,Casual,Indie",4,3,1
1079610,Action,3,3,0
1067400,"Adventure,Indie",9,8,1
301650,"Action,Strategy",601,555,46
35130,"Action,Adventure",1328,1224,104
1203890,"Action,Adventure,Casual,Free to Play,Indie,Massively Multiplayer,RPG",0,0,0
374030,"Adventure,Casual,Indie",1058,648,410
1342220,"Adventure,Indie,RPG",6,6,0
855970,"Action,Adventure,Indie,Early Access",13,7,6
936000,"Adventure,Simulation",2,2,0
544410,"Adventure,Casual,Indie,Simulation,Early Access",15,8,7
614030,"Action,Indie",53,33,20
1630370,"Action,Indie,Early Access",0,0,0
1106930,"Indie,Simulation,Strategy,Early Access",0,0,0
914220,"Casual,Indie",4,3,1
923130,"Action,Adventure,Indie",0,0,0
1399590,"Action,Adventure,Indie,RPG",16,13,3
1013940,"Adventure,Indie",0,0,0
691450,"Adventure,Casual,Indie",858,832,26
22370,RPG,20322,15865,4457
49600,"Action,Casual,Indie",3342,3175,167
427760,"Adventure,Indie,Simulation",501,422,79
1286880,"Action,Adventure,Casual,Indie,Simulation,Strategy",360,249,111
1177370,"Action,Casual,Indie",0,0,0
844880,Utilities,0,0,0
1085240,"Action,Adventure,Indie",7,6,1
867390,"Action,Casual",1,1,0
1604840,"Action,Indie",4,3,1
1450330,"Casual,Indie,Strategy",64,57,7
283410,Action,27,13,14
1427920,Casual,5,5,0
1007200,"Action,Adventure,Indie,RPG",2,1,1
1984110,"Adventure,Indie",8,3,5
32120,Casual,8,6,2
854400,"Action,Adventure,Casual,Indie,Massively Multiplayer,Simulation,Sports,Early Access",8,5,3
1125110,"Action,Adventure,Indie",102,74,28
2012910,Indie,8,6,2
1377900,"Casual,Indie,Simulation,Strategy",7,7,0
1257920,"Action,RPG,Strategy",1,0,1
1063240,"Adventure,Indie,Simulation",16,10,6
1101980,"Adventure,Casual,Indie,RPG,Simulation",0,0,0
578390,"Action,Indie",6,2,4
705800,"Action,Indie",3,2,1
406130,"Action,Indie,RPG",260,213,47
1459870,"Action,Indie,Strategy",28,26,2
546960,"Action,Adventure,Indie",0,0,0
1602170,"Indie,Strategy",3,3,0
1181830,"Indie,RPG,Strategy",858,782,76
833700,"Indie,Simulation",7,1,6
1775740,"Action,Adventure,Indie",2,0,2
1072850,"Action,Indie",1,0,1
710650,"Action,Casual,Indie,RPG,Strategy,Early Access",1,0,1
12660,"Casual,Simulation",6,5,1
470740,Simulation,98,76,22
556920,"RPG,Strategy",11,7,4
1151940,"Casual,Indie",2,2,0
1737840,"Casual,Indie,RPG,Simulation,Early Access",1,0,1
1409310,"Indie,RPG",3,3,0
786520,"Utilities,Early Access",208,181,27
335050,Simulation,79,11,68
1153640,"Action,Adventure",820,703,117
1480210,"Action,Indie,RPG,Early Access",1,1,0
1048020,Casual,5,3,2
510570,"Adventure,Indie",37,24,13
438090,"Action,Casual,Indie",3,0,3
788270,"Action,Adventure,Indie,RPG",357,295,62
917800,"Adventure,Casual,Indie",1,0,1
1533430,"Education,Early Access",1,1,0
1004270,"Adventure,Casual,Indie,RPG,Simulation,Early Access",425,291,134
274960,"Indie,RPG,Simulation,Strategy,Early Access",35,8,27
936500,"Casual,Indie,Simulation,Strategy",280,191,89
1077290,"Action,Casual,Indie,Early Access",380,351,29
450950,"Action,Indie",101,93,8
1487560,"Adventure,RPG,Early Access",7,7,0
506150,"Action,Casual,Indie",9,8,1
969540,Indie,20,16,4
99120,Action,38,22,16
344440,"Adventure,Casual",86,77,9
863730,"Casual,Free to Play",1,1,0
1051320,"Casual,Indie",2,1,1
1482130,"Casual,Indie",10,9,1
1220840,"Casual,Indie,RPG,Simulation,Strategy,Early Access",50,24,26
635670,"Gore,Adventure,Casual,Indie",87,65,22
1793350,"Free to Play,Indie",4,4,0
1507620,"Adventure,Casual,Indie",18,18,0
796430,"Action,Casual,Indie,Early Access",24,18,6
628110,Strategy,2,2,0
1211180,"Action,Adventure,Indie",14,12,2
289070,Strategy,69153,57073,12080
892200,"Indie,Early Access",0,0,0
1860930,"Action,Adventure,Casual,Indie,Early Access",0,0,0
1394550,"Adventure,Indie",12,11,1
429280,Casual,23,15,8
319180,Action,64,37,27
519990,"Casual,Indie,Strategy",6,2,4
716030,"Indie,Simulation",28,27,1
1646560,"Action,Casual,Simulation",6,2,4
840790,"Action,Adventure,Early Access",2,1,1
1683010,"Adventure,Casual",0,0,0
1315160,"Adventure,Indie,RPG",5,4,1
320110,Casual,34,24,10
625160,"Action,Indie",3,2,1
1115420,"Action,RPG,Simulation",5,3,2
1679830,"Action,Adventure,Indie,Simulation",5,4,1
601700,"Action,Indie,Early Access",1,1,0
423780,"Action,Adventure,Indie,RPG,Strategy,Early Access",2,1,1
847660,Adventure,7,2,5
1218200,"Casual,Indie",6,3,3
1791820,"Action,Adventure,Indie",6,6,0
287371,Strategy,58,45,13
752480,"Action,Adventure",321,184,137
1889790,"Action,Casual,Strategy",5,4,1
473050,"Action,Adventure,Indie",1,0,1
521590,"Action,Adventure,Indie,RPG",39,25,14
15520,"Action,Indie,Sports",527,438,89
1563900,"Action,Adventure,Casual,Indie,Racing,Simulation,Sports",4,0,4
1141570,"Action,Indie,Strategy",11,8,3
1299480,"Adventure,Casual,Indie",39,24,15
1011120,"Casual,Indie,RPG",3,3,0
763200,"Adventure,Indie,RPG",0,0,0
2054450,"Casual,Indie",0,0,0
450630,"Action,Casual,Indie",9,7,2
1230100,"Adventure,Casual,Indie",10,4,6
627460,"Action,Indie",2,0,2
1170110,"Adventure,Casual,Indie",3,2,1
1467200,"Casual,Indie,Strategy",4,2,2
793280,"Action,Indie",0,0,0
888130,"Indie,Simulation,Strategy",49,38,11
1124850,"Action,Free to Play,Simulation",0,0,0
502280,Action,1273,1021,252
458360,Education,19,19,0
384700,"Action,Indie",28,25,3
1102720,"Action,Adventure,Indie,RPG,Simulation",8,6,2
818610,"Adventure,Indie,RPG",46,38,8
645240,"Action,Indie",3,3,0
472870,Adventure,342,338,4
351300,"Action,Indie,RPG,Simulation,Strategy",78,44,34
881040,"Action,Casual,Indie",37,36,1
451990,"Casual,Indie,Racing,Sports",100,78,22
583700,"Action,Indie",0,0,0
670820,"Indie,Simulation,Strategy,Early Access",56,39,17
1270910,"Casual,Free to Play,Indie,Simulation",0,0,0
1863480,Indie,0,0,0
215770,"Action,Indie,Strategy",32,14,18
289300,"Action,Simulation,Strategy",155,123,32
1287640,"Action,Adventure,Indie",0,0,0
1332040,"Action,Adventure,Casual,Indie,RPG,Strategy",0,0,0
564700,"Adventure,Casual,Indie",22,21,1
384550,"Casual,Indie,Simulation,Strategy",215,139,76
1737170,"Action,Indie",1,0,1
301970,"Action,Indie",505,464,41
1926340,"Casual,Indie",8,4,4
395470,"Action,Indie",37,23,14
400470,Strategy,70,48,22
908180,"Action,Casual,Indie,Racing,Simulation",11,9,2
1583880,Indie,9,6,3
809850,"Casual,Indie,Strategy",60,52,8
562420,"Action,Simulation,Strategy",59,34,25
22600,Strategy,1576,1317,259
377120,"Adventure,Casual",60,36,24
802300,"Casual,Indie,Simulation,Sports,Early Access",2,1,1
707450,Strategy,19,8,11
511120,"Action,Adventure,Indie,RPG",3,2,1
281900,Design & Illustration,10,5,5
1388130,"Indie,Simulation,Strategy,Early Access",30,20,10
912510,Action,0,0,0
1953800,Indie,4,4,0
1917780,"Adventure,Casual,Indie,Simulation,Sports",1,0,1
736840,"Casual,Indie",20,15,5
265610,"Adventure,RPG",1603,1567,36
388520,"Action,Adventure",0,0,0
1783510,"Adventure,Casual,Indie",9,9,0
651690,Sports,4,3,1
625000,"Action,Adventure,RPG,Early Access",12,12,0
861350,"Action,Indie,RPG,Simulation,Sports,Early Access",77,45,32
1541520,Indie,0,0,0
1674420,"Casual,Indie",0,0,0
1062340,"Action,RPG",90,72,18
477730,"Indie,RPG,Strategy",466,333,133
1158260,"Adventure,Casual,Indie",18,18,0
1818780,"Adventure,Casual",9,8,1
1307850,"Casual,Indie",11,11,0
1050160,"Action,Adventure,Casual,Indie,Early Access",5,4,1
620310,"Action,Adventure,Casual,Indie",1,0,1
877460,"Adventure,Casual,Free to Play,Indie",0,0,0
597900,"Action,Indie",8,6,2
1343390,Adventure,4,4,0
575700,"Casual,Indie",52,37,15
689910,"Casual,Indie",238,219,19
510130,"Casual,Indie,Simulation,Sports",0,0,0
1610110,"Casual,Simulation,Early Access",0,0,0
1066430,"Action,Adventure,Indie",21,19,2
1792250,"Action,Adventure",813,738,75
575830,"Action,Adventure,Indie,RPG",27,11,16
269950,Simulation,6584,6023,561
751470,"Action,Adventure,Casual,Indie,Strategy",10,9,1
2050080,"Casual,Indie",0,0,0
896220,"Action,Casual,Indie",0,0,0
1265770,"Action,Casual,Indie,Racing",1,1,0
1373930,"Indie,Simulation,Strategy",126,118,8
716220,"Animation & Modeling,Design & Illustration",1,0,1
38080,Simulation,34,33,1
531190,"Free to Play,Indie,RPG,Simulation,Strategy",1,1,0
696880,"Action,Free to Play,Indie,Simulation,Sports,Strategy,Early Access",7,6,1
671050,"Action,Adventure,Indie",2,2,0
1034390,"Adventure,Casual",2,2,0
312410,"Indie,Strategy",36,28,8
32660,Action,49,41,8
555410,"Adventure,Casual,Indie,RPG,Strategy",8,5,3
1589730,"Adventure,Casual,Indie",2,1,1
1961190,"Action,Casual",0,0,0
299800,"Action,Indie",9,7,2
355410,"Action,Casual,Indie",51,44,7
1168360,Casual,2,2,0
1059850,"Adventure,Casual,Indie",0,0,0
1049280,"Adventure,Casual,Indie",647,624,23
1545450,"Casual,Indie",699,684,15
1046400,"Action,Adventure",335,314,21
1235160,"Action,Indie,Early Access",1,1,0
957510,Indie,1,0,1
1331370,"Adventure,Casual,Indie,RPG",0,0,0
822830,"Sexual Content,Nudity,Action,Adventure,Indie,RPG",90,88,2
707230,"Action,Casual,Indie",3,3,0
752880,"Casual,Indie",0,0,0
333420,"Action,Adventure,Strategy",2384,1839,545
22350,"Action,Free to Play",1397,776,621
1032750,"Action,Adventure,RPG",0,0,0
1269400,"Action,Indie,Early Access",0,0,0
255370,"Action,Indie",215,152,63
553450,"Action,Indie",25,16,9
455290,"Action,Casual,Indie",2,2,0
827110,"Adventure,Casual",7,2,5
690120,"Adventure,Casual,Indie",40,34,6
676340,"Adventure,Indie,RPG",6,4,2
1582310,Indie,0,0,0
644930,Strategy,15304,12322,2982
1292720,Indie,1,1,0
1330790,"Action,Simulation,Sports",2,2,0
642730,"Indie,Racing,Simulation,Early Access",32,26,6
1574610,"Action,Indie",2,2,0
713570,"Casual,Indie,Racing",5,4,1
2025960,"Casual,Indie,Strategy",2,1,1
1515890,Adventure,57,57,0
696940,"Action,Adventure,Casual",52,37,15
71230,"Action,Racing",1119,971,148
1339030,"Indie,RPG,Strategy,Early Access",1,0,1
1248360,Utilities,1,1,0
1692220,"Action,Indie",1,1,0
1113210,"Adventure,Indie",0,0,0
382330,"Violent,Action,Indie,RPG,Simulation,Strategy",106,46,60
1053710,"Adventure,Casual,Indie,RPG",69,63,6
200130,"Casual,Indie,Strategy",137,108,29
1081540,"Action,Indie,Early Access",0,0,0
755450,"Action,Adventure,Indie,RPG,Early Access",0,0,0
1485240,"Casual,Simulation",16,9,7
1633460,"Action,Adventure,Indie,RPG,Strategy",3,1,2
798960,"Indie,Simulation",17,10,7
984830,"Action,Adventure,Casual,Indie,RPG",3,3,0
522610,"Indie,RPG",9,7,2
1076920,"Casual,Indie,Massively Multiplayer,Strategy",157,90,67
1988050,"Casual,Indie",2,1,1
1403830,"Adventure,Casual,Indie,Simulation",47,46,1
561360,Action,22,17,5
1012120,"Action,Indie",0,0,0
743460,"Action,Casual,RPG,Simulation",0,0,0
1379830,"Adventure,Casual,Indie,Simulation",279,243,36
778240,"Violent,Gore,Action,Adventure,Indie",1,0,1
326190,"Adventure,Casual,Indie",314,231,83
270050,"Adventure,Indie,RPG",293,229,64
258760,"Indie,Simulation",315,236,79
1855660,"Adventure,RPG,Early Access",1,0,1
711010,"Adventure,Casual,Indie,Simulation,Sports,Strategy",31,19,12
468560,"Adventure,Free to Play,Indie",23,10,13
448020,"Action,Indie",53,23,30
929300,"Casual,Indie",28,21,7
799510,"Action,Adventure,Indie",244,234,10
519940,"Casual,Indie",14,10,4
697580,Racing,15,10,5
1101790,"Action,Adventure,Strategy",236,170,66
1952910,"Casual,Indie",22,22,0
377250,"Action,Adventure,Indie",3,2,1
1047580,"Action,Indie",23,22,1
933230,"Casual,Indie,Simulation",35,25,10
405710,"Indie,RPG,Simulation",1612,1304,308
857950,"Adventure,Indie",6,4,2
614950,"Action,Indie",95,78,17
614530,"Indie,Simulation,Strategy",7,3,4
1700780,"Casual,Free to Play",0,0,0
1329990,"Adventure,Indie",4,2,2
400220,"Action,Adventure,Indie,RPG",10,8,2
873210,"Action,Indie",3,1,2
915610,"Casual,Indie,Strategy",0,0,0
755150,"Free to Play,Indie,RPG,Strategy",0,0,0
1255910,Action,2,2,0
1186590,"Action,Adventure,Casual,Indie",0,0,0
955550,"Indie,Early Access",3,3,0
888560,Indie,1,0,1
735530,"Casual,Indie,Strategy",3,2,1
1470280,"Action,Adventure,Casual,Indie,RPG,Simulation",15,13,2
1384770,"Indie,Simulation",556,490,66
350700,"Free to Play,Massively Multiplayer,RPG",2,0,2
293920,"Casual,Indie,RPG,Simulation",45,20,25
765460,"Violent,Action,Adventure,Casual,Indie,Racing,RPG,Simulation,Strategy",6,4,2
767200,"Casual,Indie",2,2,0
556870,"Action,Adventure,Casual,Indie",61,38,23
557750,"Violent,Action,Adventure,RPG",72,67,5
1118580,"Action,Free to Play,Indie",0,0,0
743100,"Action,Indie",3,2,1
908950,"Casual,Indie,Massively Multiplayer,Sports,Strategy",1,0,1
1194560,"Casual,Indie,RPG,Simulation",0,0,0
1959780,"Action,Adventure,Indie,RPG",0,0,0
1527090,"Adventure,Casual,Indie,Simulation,Strategy",1,0,1
3270,Action,231,150,81
1193760,"Action,Adventure,Free to Play,Indie,RPG",0,0,0
836300,"Action,Casual,Indie,Simulation",4,4,0
1615890,"Action,Adventure,Indie,RPG",10,10,0
1539620,RPG,48,41,7
654080,"Action,Adventure,Casual,Indie,RPG,Simulation",1,1,0
944010,Strategy,147,135,12
1669130,"Casual,Indie,Racing,Early Access",2,2,0
459640,"Adventure,Casual,Indie,RPG,Simulation,Strategy",18,11,7
359900,"Action,Adventure,Indie,RPG",394,230,164
1155990,"Casual,Indie,Strategy",9,6,3
1187560,"Action,Casual,Indie",0,0,0
623310,"Massively Multiplayer,RPG,Early Access",41,27,14
1121270,"Action,Indie",14,13,1
805760,"Adventure,Indie",15,9,6
212480,"Racing,Sports",5364,5034,330
1693680,"Casual,Indie,Simulation",3,3,0
1084970,"Indie,Racing,Simulation",5,4,1
275350,"Indie,Strategy",66,52,14
640800,"Action,Indie,Simulation",87,63,24
733790,"Adventure,RPG,Simulation",981,869,112
899270,"Action,Casual,Indie",19,19,0
1036440,"Indie,Simulation,Strategy",167,126,41
1357230,Casual,0,0,0
1819250,"Action,Adventure,Free to Play,Indie",0,0,0
57200,"Casual,Indie",208,189,19
1381590,"Casual,Indie",0,0,0
852560,"Violent,Action,Adventure,Indie,Massively Multiplayer,Racing,Simulation,Strategy,Early Access",0,0,0
527930,"Casual,Simulation",3,1,2
522900,"Action,Indie",6,6,0
440750,"Action,Adventure,Indie",6,4,2
1119110,"Action,Adventure,Casual,Indie,Strategy",2,1,1
1705610,"Action,Casual,Indie",4,3,1
1897430,"Action,Casual,Indie,Strategy",1,0,1
1220920,"Casual,Indie,RPG,Simulation",6,5,1
601130,"Action,Casual,Free to Play,Indie",3,3,0
1587540,"Indie,RPG,Simulation,Early Access",253,189,64
1359850,Action,3,2,1
455820,"Action,Adventure,Indie,RPG",584,522,62
1111600,"Action,Indie",23,23,0
1355400,Indie,1,1,0
622890,"Action,Casual,Indie",23,13,10
1428320,"Casual,Indie",7,3,4
294540,"Adventure,Casual",172,162,10
1769780,"Casual,Indie,Simulation",3,1,2
1508280,"Action,Indie,Simulation",22,17,5
468320,Casual,5,2,3
301220,"Action,Adventure,Indie,RPG",8,1,7
678010,"Action,Casual,Indie",6,5,1
905120,"Action,Indie,Simulation,Strategy",1,1,0
1193560,"Casual,Indie,Strategy,Early Access",9,6,3
1339820,"Casual,Indie",5,3,2
1133080,RPG,4,0,4
485160,"Action,Indie",10,7,3
303840,"Action,Casual,Indie",62,40,22
1066630,Adventure,28,27,1
1581220,"Action,Adventure,Free to Play,Indie,Simulation",0,0,0
455400,Action,566,538,28
1275640,"Casual,Free to Play,Indie",0,0,0
1116550,"Action,Adventure,Casual,Free to Play,Indie,Racing,RPG,Simulation,Sports,Strategy",0,0,0
1016720,"Adventure,Simulation,Strategy",35,19,16
1872060,Indie,0,0,0
1688400,Casual,0,0,0
1873040,"Casual,Indie",0,0,0
1673620,"Casual,Indie",4,4,0
1829650,"Adventure,Casual",0,0,0
750900,"Adventure,Casual",0,0,0
1187140,Education,5,4,1
1280910,"Action,Adventure,Indie,RPG",2,0,2
1095700,"Adventure,Indie",13,10,3
1691230,"Action,Casual",0,0,0
1707090,"Adventure,Indie,Simulation",0,0,0
1450640,"Adventure,Casual,Indie",4,4,0
1240350,"Casual,Free to Play,Simulation",0,0,0
436180,"Action,Adventure,Casual,Free to Play,Indie,Massively Multiplayer,Strategy,Movie",45,23,22
1597160,"Action,Casual,Indie,Strategy",1,0,1
1387560,"Action,Casual,Indie,Strategy",18,15,3
292370,"Indie,RPG",12,8,4
683890,"Indie,Strategy",12,11,1
770860,"Indie,Strategy",10,9,1
1804440,"Action,Adventure",2,0,2
766630,"Adventure,Casual,Indie,RPG",51,43,8
1761560,"Casual,Indie",6,5,1
966590,"Indie,Early Access",7,7,0
1252050,"Adventure,Free to Play,Indie",0,0,0
601990,Simulation,0,0,0
932930,"Casual,Indie",7,5,2
454690,"Adventure,Casual,Indie",7,5,2
220240,"Action,Adventure",29375,25476,3899
1387480,"Casual,Free to Play,Indie,Simulation",0,0,0
698260,"Action,Adventure,Indie,RPG,Simulation",327,262,65
509850,"Action,Casual,Indie",16,11,5
1284630,"Action,Adventure,Casual,Indie",0,0,0
501410,"Action,Adventure,Indie",5,4,1
1073840,"Adventure,Indie,RPG,Strategy",51,48,3
405000,"Action,Indie",50,38,12
909080,"Adventure,Free to Play,Indie",169,167,2
712620,"Adventure,Indie",3,3,0
689620,"Violent,Action,Indie,Simulation",65,32,33
70,Action,31576,30434,1142
1983840,"Casual,Free to Play,Early Access",0,0,0
730180,"Action,Casual",3,1,2
1380500,"Action,Adventure,Casual,Indie,RPG,Strategy",0,0,0
485370,"Action,Casual,Indie",122,84,38
707960,"Adventure,Casual,Indie",7,2,5
1134100,Strategy,1110,765,345
922510,"Action,Adventure,Casual,Indie,Simulation,Sports,Strategy",4,4,0
1674820,"Strategy,Early Access",45,42,3
1686010,"Action,Casual,Indie,Early Access",0,0,0
1212110,"Action,Indie,Early Access",13,13,0
317950,"Adventure,Indie",23,11,12
1001690,"Racing,Simulation",3,1,2
533330,"Action,Adventure,Casual,Indie",31,15,16
1493240,"Indie,RPG,Strategy,Early Access",1,1,0
16180,"Casual,Simulation",79,71,8
298220,"Indie,Simulation",27,8,19
925520,"Adventure,Casual,Indie",72,60,12
1383480,"Casual,Free to Play",0,0,0
768170,"Casual,Simulation",8,1,7
1233350,"Action,Adventure,Casual,Indie",29,20,9
2009510,"Casual,Strategy",0,0,0
609360,"Simulation,Early Access",0,0,0
604300,"Casual,Indie",24,20,4
676470,"Adventure,Casual,Indie",0,0,0
789900,"Adventure,Casual",12,6,6
1658050,"Casual,Simulation,Sports",4,4,0
1169100,"Casual,Indie,Simulation,Strategy",142,131,11
1222700,"Action,Adventure,Indie",8556,7517,1039
931780,Indie,0,0,0
381090,"Action,Adventure,Indie",15,12,3
1015470,"Adventure,Casual,Indie,Racing,Simulation,Sports",22,18,4
1492810,Indie,0,0,0
1664910,"Casual,Indie,Simulation",13,10,3
1410300,"Action,Casual",1,1,0
820790,"Adventure,Casual,Free to Play,Indie",0,0,0
1212860,"Casual,Racing,Strategy",1,1,0
270750,RPG,18,15,3
501530,"Action,Indie",19,16,3
1394270,"Action,Adventure,Free to Play,Indie,Strategy,Early Access",0,0,0
556960,"Action,Indie,Racing",15,14,1
929490,"Action,Free to Play,Indie,Massively Multiplayer,Strategy",0,0,0
1562760,"Casual,Indie",0,0,0
1168170,"Action,Adventure,Indie",95,57,38
1178510,"Casual,Indie,Simulation,Strategy",9,4,5
347610,Casual,136,128,8
1170160,"Casual,Indie,Sports",2,1,1
1020660,"Racing,Simulation",22,9,13
251690,"Action,Indie,Sports",166,110,56
469980,"Adventure,Indie,RPG",13,10,3
723890,"Casual,Indie,Simulation",78,68,10
1427420,"Action,Free to Play,Strategy,Early Access",0,0,0
719140,Casual,16,15,1
653780,"Action,Indie,Strategy",4,2,2
1333590,"Casual,Strategy",1,1,0
1210830,"Casual,Indie",6,5,1
1878740,"Action,Indie",277,269,8
342080,"Action,Indie",13,12,1
1124070,"Action,Casual,Free to Play,Strategy",0,0,0
1835510,"Casual,Indie",15,14,1
903950,"Action,Adventure,Indie,Massively Multiplayer,RPG,Early Access",10391,7722,2669
1489010,"Adventure,Free to Play,Indie",0,0,0
1084420,"Action,Adventure,Indie",1,1,0
1541710,"Indie,Massively Multiplayer,RPG,Early Access",0,0,0
1465110,"Action,Adventure,Indie",0,0,0
1600760,"Casual,Free to Play,Indie",0,0,0
1684710,"Adventure,Indie",23,22,1
517960,"Action,Indie",6,5,1
566690,"Adventure,Indie,RPG,Early Access",1,1,0
674500,"Action,Indie,Simulation,Strategy",2216,1806,410
853500,"Adventure,Casual,Indie",360,316,44
1726160,"Adventure,Indie",0,0,0
1249500,"Adventure,Casual",19,15,4
1202250,Indie,1,1,0
674020,"Action,Early Access",12788,8440,4348
228260,"Indie,RPG,Strategy",1137,894,243
385710,"Action,Adventure,Indie",462,398,64
534290,"Action,Adventure,Indie",119,110,9
1832050,"Indie,Simulation,Strategy",32,32,0
21690,"Action,Adventure",7341,6123,1218
1721470,"Action,Adventure,Indie",11503,8705,2798
1166510,"Action,Adventure,Casual,Indie",2,0,2
706960,"Action,Casual,Indie",26,19,7
1094130,"Casual,Indie,Strategy",3,3,0
514810,"Action,Indie",15,11,4
461860,"Action,Indie,Strategy",11,6,5
20540,Strategy,732,689,43
1135190,"Adventure,Indie",5,2,3
1681380,Action,1,1,0
549390,"Casual,Indie",31,23,8
1335510,"Action,Adventure,RPG,Strategy",6,5,1
321920,"Action,Adventure,Indie",42,29,13
478210,"Adventure,Indie",19,6,13
549780,Indie,3,2,1
1954250,"Adventure,Casual,Indie",1,1,0
750790,"Action,Indie",3,2,1
1059690,"Casual,Indie,Strategy",0,0,0
1690650,"Action,Adventure,Casual,Indie,RPG,Strategy,Early Access",34,24,10
1835870,"Adventure,Indie,RPG",28,28,0
1202640,"Casual,Indie,Strategy",10,7,3
1648720,"Casual,Indie",0,0,0
1324870,"Action,Casual,Indie,Simulation,Strategy",15,13,2
358230,"Action,Adventure",18,18,0
999330,"Action,Casual,Indie,Racing,Sports,Strategy,Early Access",0,0,0
1206930,"Action,Adventure,Casual,Free to Play,Indie",0,0,0
693800,"Action,Adventure,Indie,Massively Multiplayer,RPG",46,20,26
1281150,"Action,Adventure,Casual,Indie,Massively Multiplayer,RPG,Simulation,Strategy,Early Access",13,5,8
978250,"Action,Indie",100,91,9
565020,"Action,Adventure,Free to Play,Massively Multiplayer,RPG",0,0,0
861910,"Casual,Indie,Strategy",1,1,0
796640,"Adventure,Casual,Indie",9,7,2
1021950,"Adventure,Free to Play,Indie",0,0,0
1681920,Action,2,2,0
242680,"Action,Indie,RPG",8077,7823,254
288060,"Adventure,Indie",375,308,67
1005460,"Casual,Indie,Simulation,Strategy,Early Access",11,10,1
596650,"Adventure,Free to Play",0,0,0
70620,"Sports,Strategy",181,155,26
655170,"Casual,Indie",0,0,0
1516450,"Action,Adventure,Indie",2,2,0
1798160,Casual,0,0,0
10230,Adventure,70,22,48
302390,"Adventure,Casual",57,16,41
301540,"Action,Casual,Indie",13,9,4
288610,"Casual,Indie,Strategy",5,3,2
277510,"Action,Adventure,Casual,Indie",16,10,6
704020,"Action,Free to Play,Indie",21,17,4
1131880,"Adventure,Indie",4,4,0
212630,Action,1792,1131,661
1395060,"Adventure,Casual,Indie,Strategy",13,12,1
1085270,"Action,Adventure,Casual,Indie,Simulation,Sports",45,28,17
1970520,"Action,Indie",10,9,1
1421610,"Action,Adventure,Indie",1,0,1
364500,"Action,Indie,Strategy",0,0,0
330590,"Action,Simulation,Strategy",9,5,4
1140740,"Casual,Free to Play,Indie,Strategy",0,0,0
1144820,"Action,Adventure,Indie,RPG,Early Access",0,0,0
732160,"Casual,Indie,Simulation,Strategy",77,41,36
1232670,Action,4,2,2
1110490,"Action,Casual,Indie,Strategy",2,1,1
497470,"Casual,Indie,RPG,Strategy",33,15,18
350990,"Adventure,Free to Play,Indie",0,0,0
368710,"Casual,Indie,Strategy",18,13,5
1650680,RPG,0,0,0
815540,"Adventure,Casual",4,4,0
855580,"Action,Adventure,Casual,Free to Play,Indie,Racing,RPG,Simulation,Sports",0,0,0
1288760,"Adventure,Casual,Indie",55,48,7
904360,"Adventure,RPG",173,134,39
1038300,"Action,Adventure",109,104,5
358920,"Action,Adventure,Indie,Strategy",88,69,19
597730,"Adventure,Indie",15,14,1
259960,"Casual,Indie",34,30,4
1745240,Simulation,0,0,0
248390,"Indie,RPG,Simulation,Strategy",3963,3287,676
380660,"Adventure,Indie",108,91,17
1365750,"Action,Indie",40,39,1
1080110,"Racing,Simulation,Sports",9747,9192,555
783790,"Action,Adventure,RPG",6,6,0
499610,"Action,Casual,Indie,Simulation",20,9,11
907040,"Casual,Indie,Massively Multiplayer,Racing",7,5,2
647000,"Action,Free to Play,Indie,Strategy",0,0,0
1070240,"Adventure,Indie",8,2,6
1008680,"Action,Casual,Indie,Strategy",5,4,1
1724120,"Action,Indie",16,15,1
1215200,"Casual,Indie,Simulation,Strategy",39,33,6
1411330,"Adventure,Casual,Indie,RPG,Strategy",0,0,0
972290,Indie,7,5,2
826450,"Action,Indie,Strategy",5,4,1
893010,"Adventure,Indie,RPG",79,54,25
1708190,"Adventure,Casual,Indie",70,68,2
32310,Adventure,140,109,31
1480410,"Action,Adventure,Indie,RPG",9,5,4
992310,"Adventure,Free to Play,Indie,RPG",0,0,0
1274210,"Indie,RPG,Strategy,Early Access",1,1,0
1169420,"Casual,Indie",8,7,1
428980,"Action,Adventure,Indie,RPG",6,2,4
466030,"Adventure,Casual",10,10,0
904700,"Action,Indie",0,0,0
1755650,"Action,Adventure,Casual,Indie,RPG",3,3,0
506610,"Action,Indie,Simulation",5764,5319,445
437160,"Adventure,Indie",176,167,9
1422410,"Action,Indie",88,66,22
1157080,"Casual,Indie,Simulation",2,1,1
1236470,"Casual,Indie,Sports",2,2,0
1028010,"Action,Casual,Indie",1,1,0
1490890,"Action,Adventure",6164,5621,543
1654050,"Casual,Free to Play,Simulation",0,0,0
875230,"Casual,Indie",0,0,0
840930,"Action,Casual,Indie",112,102,10
596070,"Sports,Early Access",9,2,7
1337210,"Action,Adventure",0,0,0
1012900,Casual,47,26,21
987580,"Casual,Indie",4,4,0
1050180,Adventure,3,2,1
1651870,Action,24,17,7
827280,Education,3,2,1
960700,"Action,Indie",4,4,0
334710,Indie,53,38,15
2076720,"Indie,Simulation",4,0,4
1037460,RPG,6,6,0
314430,"Action,Free to Play,Massively Multiplayer",1,1,0
1127940,"Adventure,Free to Play,Strategy,Early Access",0,0,0
981020,"Action,Adventure,Indie",52,49,3
1348060,"Action,Free to Play",0,0,0
1060670,"Casual,Indie",180,141,39
228280,"Adventure,RPG",6566,5992,574
1333500,"Action,Casual,Indie",1,1,0
518580,"Adventure,Indie",77,73,4
738350,"Casual,Simulation,Early Access",8,1,7
1760340,"Casual,Indie,Simulation,Strategy",30,23,7
1556200,Action,1080,882,198
400630,"Action,Adventure,Indie,RPG",919,862,57
884440,"Casual,Indie,Strategy",4,3,1
646500,"Indie,Simulation,Strategy",308,261,47
1009330,"Utilities,Video Production",4,4,0
1449630,"Action,Indie,Simulation",107,103,4
2013770,"Casual,Indie",1,1,0
610810,"Adventure,Casual,Indie,Simulation",239,157,82
1597820,"Action,Adventure,Indie,Early Access",0,0,0
1487520,"Adventure,Casual,Indie",0,0,0
1765960,"Casual,Indie,Strategy",4,4,0
650440,"Indie,RPG,Strategy",254,177,77
1955010,"Action,Adventure,Casual,Indie",0,0,0
381120,"Adventure,Indie,RPG,Simulation",1512,985,527
1324630,"Action,Indie,Racing",2,1,1
1605640,"Action,Indie,Simulation,Early Access",1,1,0
264440,"Action,Indie,Early Access",6,1,5
489380,"Action,Casual,Indie,Simulation",408,369,39
898310,"Adventure,Casual,Indie,Simulation,Strategy",7,6,1
1315670,"Action,Free to Play,Indie",0,0,0
40980,"Simulation,Strategy",654,557,97
883220,"Casual,Indie,Simulation",101,64,37
1064200,"Indie,Simulation,Strategy",29,23,6
492530,"Indie,Strategy",60,49,11
1016800,"Action,Adventure,Indie,RPG,Simulation",3578,3097,481
1181400,"Adventure,Casual,Indie",114,112,2
1766580,"Adventure,Early Access",8,8,0
415880,"Action,Indie,Sports",423,350,73
754460,"Adventure,Indie",9,8,1
1485030,"Action,Casual,Indie",2,2,0
1861980,"Casual,Indie",4,4,0
1367860,"Indie,Simulation,Early Access",3,1,2
1811710,Indie,0,0,0
70660,Casual,95,67,28
2059250,Action,13,12,1
1568270,"Action,Adventure,Indie",1,1,0
1410380,"Casual,Indie",1,1,0
823640,"Casual,Strategy",32,13,19
1433940,"Action,Indie,Simulation",20,15,5
1426100,Indie,0,0,0
1056840,"Indie,RPG,Strategy,Early Access",284,218,66
1700240,"Adventure,Casual,Indie",1,1,0
1327140,Utilities,0,0,0
1639210,"Adventure,Indie",28,21,7
1807410,"Adventure,Free to Play,Indie",0,0,0
1416340,"Action,Casual,Indie",41,29,12
1690820,"Casual,Strategy",13,9,4
1306110,"Casual,Strategy",5,1,4
972990,"Adventure,Indie",3,3,0
1351630,"Action,RPG",561,538,23
1002300,"Adventure,Indie,RPG",355,312,43
1199540,"Action,Adventure,Free to Play,Indie,RPG,Simulation",0,0,0
518130,"Adventure,Indie,Simulation",8,5,3
1112400,"Free to Play,Massively Multiplayer,Racing",0,0,0
1699780,Casual,0,0,0
564150,"Action,Indie",176,126,50
1749630,"Casual,Free to Play,Indie,Simulation",13,11,2
1076110,"Adventure,Casual,RPG,Strategy",1,1,0
301250,"Casual,Sports",3,1,2
1609640,"Adventure,Indie,RPG,Strategy",0,0,0
1597470,"Adventure,Casual,Indie",3,3,0
201790,"Action,Adventure,Indie,RPG,Strategy",5500,5110,390
1929990,"Action,Adventure,Free to Play,Indie,Massively Multiplayer,RPG,Early Access",0,0,0
745430,"Action,Indie",3,3,0
619220,"Casual,Indie",5,5,0
547210,"Action,Indie",5,5,0
978580,"Adventure,Casual,Indie",1,0,1
973440,"Action,Indie",3,2,1
752170,"Action,Indie,Sports",9,8,1
1008890,"Action,Casual,Indie,Sports",0,0,0
674800,"Adventure,Casual,Indie",5,2,3
1719770,"Casual,Indie",18,12,6
1644150,Adventure,33,33,0
1400070,"Action,Casual,Indie,RPG,Simulation,Strategy",7,3,4
451700,"Adventure,Indie,Strategy",3,3,0
244870,"Action,Indie",1553,1379,174
1212850,"Action,Adventure,Indie",17,15,2
1138370,"Action,Indie,Simulation",7,4,3
1673140,"Action,Adventure,Indie,Simulation",7,0,7
485750,"Action,Indie",14,8,6
1265300,"Action,Adventure,Indie",32,29,3
1606500,"Adventure,RPG,Early Access",0,0,0
1398390,"Free to Play,RPG,Strategy",3,3,0
936270,"Casual,Indie,Racing",0,0,0
46550,Adventure,126,62,64
882040,"Adventure,Indie",29,23,6
1520270,"Adventure,Indie,RPG,Strategy,Early Access",50,39,11
1565150,"Indie,RPG,Strategy",2,2,0
368390,"Adventure,Casual,Indie",1321,1255,66
45740,"Action,Adventure",2330,1804,526
1905940,"Casual,Indie,Simulation",28,21,7
1341660,"Casual,Indie,Simulation",4,2,2
540010,Indie,4,3,1
760330,"Action,Casual,Indie,RPG",217,204,13
337680,"Adventure,Simulation,Strategy",97,77,20
235460,Action,24583,23479,1104
1439180,"Casual,Indie,Sports",17,11,6
1200860,"Free to Play,Indie",0,0,0
447010,"Action,Adventure,Casual,Indie,Strategy",0,0,0
800380,Indie,21,9,12
314010,"Action,Casual,Free to Play,Indie,Strategy",86,69,17
722660,"Indie,Simulation,Strategy",31,17,14
739080,"Action,Adventure,Indie,RPG",119,101,18
1204530,"Action,Casual,Indie",1,1,0
1152760,"Adventure,Indie,RPG",0,0,0
259760,"Action,Adventure,Indie,RPG",31,9,22
1068510,Massively Multiplayer,0,0,0
737820,Education,5,2,3
526880,"Casual,Strategy",5,2,3
739190,"Adventure,Casual,Indie",101,76,25
1260690,"Action,Casual,Indie",2,2,0
1582160,"Casual,Indie",0,0,0
592780,"Casual,Indie,Racing,Sports,Early Access",0,0,0
1178050,"Free to Play,Indie,RPG",0,0,0
1825390,"Action,Adventure,Indie",9,4,5
849530,"Indie,Early Access",0,0,0
1737690,"Casual,Indie,Simulation,Strategy",8,7,1
939870,Indie,3,1,2
780020,"Casual,Indie,Strategy",50,37,13
1044220,"Casual,Indie",17,13,4
1078280,"Indie,RPG",88,84,4
1849440,"Adventure,Casual,Indie,Simulation",3,3,0
1715470,"Action,Adventure,Indie,Strategy",9,9,0
1173150,"Action,Adventure,Indie",18,14,4
1138300,"Casual,Indie",5,2,3
1193830,"Action,Casual,Indie",1,1,0
1459910,"Adventure,Casual,Indie",96,93,3
1145200,Casual,2,2,0
2016210,"Action,Adventure,Casual",0,0,0
784940,"Adventure,Indie",39,28,11
411520,"Violent,Gore,Action,Adventure,Indie,RPG,Early Access",5,2,3
336630,"Indie,Racing",12,6,6
24200,"Action,Adventure,Free to Play,Massively Multiplayer,RPG",110,76,34
1608940,"Action,Indie",2,2,0
1621420,"Action,Adventure,Indie",4,1,3
396280,"Action,Adventure,Free to Play,Massively Multiplayer,RPG,Strategy",24,21,3
1078360,"Action,Casual,Indie",0,0,0
209870,"Action,Free to Play",99,40,59
597590,Action,21,19,2
1853890,"Action,Indie",8,8,0
1323190,"Adventure,Early Access",0,0,0
291250,"Action,Adventure,Indie,Simulation",119,51,68
1119670,"Casual,Racing,Simulation",3,3,0
420440,"Simulation,Strategy",924,794,130
1695840,"Indie,Early Access",372,257,115
1566560,"Adventure,Casual,Indie",1,0,1
1163660,"Adventure,Indie,RPG,Strategy",19,10,9
1770040,"Action,Adventure,Indie",0,0,0
671390,"Casual,Indie",119,88,31
1254900,"Adventure,Casual,Indie,RPG",28,19,9
1074510,"Indie,Simulation,Strategy,Early Access",19,12,7
788100,"Action,Adventure,Indie,RPG",2499,2169,330
509600,"Action,Adventure,Strategy",28,20,8
1460510,"Action,Adventure,Indie,Simulation,Early Access",17,8,9
434270,"Action,Adventure,Indie",5,2,3
1022630,"Action,Casual,Indie",0,0,0
311480,"Action,RPG",107,79,28
713010,"Casual,Indie,Strategy,Early Access",10,8,2
411630,"Action,Adventure,Indie",11,5,6
1525660,"Action,Adventure,Indie",95,90,5
1114940,"Free to Play,Indie,Early Access",0,0,0
32610,Action,73,45,28
800830,"Action,Adventure,Casual,Indie",4,3,1
400740,"Action,Adventure,Indie",65,15,50
912930,"Adventure,Indie,RPG",21,20,1
603660,"Casual,Indie,Simulation",4,4,0
1172460,Utilities,0,0,0
1166310,"Adventure,Casual,Free to Play,Indie,RPG,Simulation,Strategy",0,0,0
6000,Action,7731,7394,337
804900,"Casual,Indie,Strategy",6,4,2
664350,"Action,Indie",16,6,10
2012020,Indie,2,2,0
1493810,"Adventure,Free to Play",0,0,0
809780,"Casual,Indie,Simulation",0,0,0
335940,"Strategy,Early Access",11,3,8
1815340,"Adventure,Free to Play,Indie",0,0,0
606480,"Adventure,Casual,Indie,RPG",53,45,8
10190,Action,3174,2903,271
594490,"Action,Adventure,RPG,Simulation,Sports,Strategy",1,1,0
723380,"Violent,Gore,Action",2,1,1
1222160,"Casual,Indie,Simulation,Early Access",11,10,1
896230,Casual,12,4,8
1025160,"Action,Adventure,Indie,RPG",3,3,0
1757010,Strategy,1,0,1
652660,"Action,Indie,Simulation,Sports,Strategy",48,15,33
268650,"Action,Adventure,Indie,Simulation,Strategy",7010,6355,655
1185330,"Action,Indie",15,10,5
938040,"Casual,Indie",0,0,0
1090760,"Indie,Simulation,Strategy,Early Access",180,80,100
1116500,"Casual,Indie,Simulation",2,0,2
1418290,"Indie,RPG,Simulation",1,0,1
1881260,"Adventure,Casual,Free to Play,Indie",0,0,0
388000,Strategy,10,10,0
867750,"Action,Simulation,Sports",0,0,0
296970,"Adventure,Indie,RPG,Strategy",1751,1611,140
548110,"Indie,Strategy",6,6,0
1416970,"Adventure,Casual,Simulation",10,3,7
858900,"Utilities,Early Access",0,0,0
820950,Indie,9,9,0
1745480,Indie,9,7,2
2082440,"Casual,Indie,Racing",0,0,0
1060770,"Action,Indie",5,4,1
1050010,RPG,5,5,0
1050280,"Free to Play,Massively Multiplayer,RPG",0,0,0
454380,"Action,Indie",68,67,1
1958350,"Action,Casual,Indie",3,3,0
239840,"Indie,RPG,Strategy",1363,968,395
1671770,"Casual,Free to Play,Indie",0,0,0
552570,"Adventure,Casual,Indie,RPG",6,2,4
859350,"Action,Indie",27,20,7
1974010,"Action,Indie,Simulation",2,2,0
1290510,"Action,Adventure,Casual,Free to Play,Indie",0,0,0
46740,Simulation,42,9,33
719270,"Utilities,Early Access",0,0,0
989110,"Adventure,Indie",1,0,1
942530,Indie,2,2,0
1613680,"Casual,Indie,Strategy",53,52,1
2270,Action,1641,1534,107
584930,"Action,Adventure,Indie",191,183,8
1759930,"Action,Indie",3,1,2
1467830,"Adventure,Casual,Indie,RPG,Simulation",7,6,1
1021290,"Action,Indie,Racing,Simulation",0,0,0
994020,"Action,Indie",49,46,3
1588400,"Action,Adventure,Casual,Free to Play,Indie,Simulation,Strategy",0,0,0
368340,"Action,Adventure,Indie,RPG",6705,6361,344
1120800,"Adventure,Casual,Indie",6,6,0
1835310,"Action,Adventure,Indie",2,0,2
367580,"Casual,Indie",3677,3556,121
6370,"Action,Free to Play,Massively Multiplayer",4,4,0
1547030,Strategy,17,14,3
1116240,"Action,Indie",3,2,1
354730,"Casual,RPG",40,20,20
492290,"Action,Indie,RPG,Strategy",130,101,29
713090,"Action,Indie",12,12,0
1079230,"Action,RPG,Early Access",91,84,7
1504450,"Action,Adventure,Casual,Indie,Early Access",0,0,0
1337590,"Adventure,Casual,Simulation",77,42,35
466280,"Action,Adventure,Indie",3,2,1
567240,"Adventure,Casual",19,16,3
288220,"Indie,Simulation",185,168,17
924560,"Action,Indie",2,2,0
1423090,"Action,Adventure,Indie,RPG,Simulation,Early Access",11,7,4
583500,"Action,Indie,Simulation,Strategy",9,7,2
628160,Strategy,1,0,1
400030,"Casual,Free to Play,Indie",3,0,3
392890,"Racing,Simulation",7,0,7
44680,Racing,2,2,0
1383570,"Adventure,Casual,Indie,Racing,Early Access",0,0,0
1535550,"Action,Adventure,Indie",3,1,2
786820,"Casual,Indie",18,15,3
509250,"Action,Indie,Racing",539,464,75
259060,"Indie,Strategy",932,839,93
218700,"Adventure,Casual",25,19,6
412480,"Action,Adventure,Casual",35,31,4
1335410,"Adventure,Casual,Indie",2,0,2
1912590,"Casual,Indie",1,0,1
510180,"Action,Strategy",0,0,0
542590,"Free to Play,Massively Multiplayer,RPG",0,0,0
1392230,Indie,0,0,0
1967550,"Casual,Strategy",0,0,0
1918300,"Adventure,Casual,Indie,Simulation",73,72,1
1071240,"Casual,Free to Play",0,0,0
528950,"Action,Adventure,Indie",4,3,1
881310,"Action,Adventure,RPG,Early Access",3,2,1
331120,"Action,Adventure,Indie",6,3,3
1036700,"Action,Adventure,Indie",112,103,9
1074910,Software Training,1,1,0
1424690,"Action,Adventure,Indie,RPG",16,15,1
1590250,"Action,Casual,Free to Play,Indie",0,0,0
1133310,"Action,Casual,Indie,Strategy",3,2,1
1612780,Adventure,52,45,7
1883440,"Indie,RPG",1,1,0
1177020,"Adventure,Racing",8,6,2
896980,"Adventure,Casual",4,3,1
1978000,"Free to Play,RPG,Simulation",0,0,0
667780,"Casual,Indie,Simulation",14,13,1
1906950,"Adventure,Casual,Free to Play",0,0,0
445110,"Action,Adventure,Casual,Indie",240,215,25
1495920,"Action,Casual,Indie",4,4,0
1803060,"Action,Adventure,Early Access",27,20,7
853590,"Casual,Indie",5,5,0
765530,"Casual,Indie",3,1,2
1817890,"Adventure,Casual,Indie",0,0,0
1829360,"Adventure,RPG,Simulation",0,0,0
365150,Adventure,5,3,2
1501150,"Casual,Indie,RPG",5,5,0
469820,"Action,Indie",3955,3637,318
1546930,"Action,Adventure,Casual,Free to Play,Indie,Massively Multiplayer",0,0,0
1383930,"Action,Adventure,Casual,Free to Play,Indie",2,1,1
999760,"Action,Casual,Free to Play,Indie",0,0,0
547040,"Adventure,Simulation",12,7,5
1272500,"Casual,Indie,RPG,Simulation,Strategy,Early Access",0,0,0
1588160,"Casual,Indie,Strategy",16,16,0
1850240,"Action,Adventure",4,3,1
889160,"Action,Casual,Indie,Racing,Simulation,Early Access",0,0,0
511660,"Action,Casual",26,13,13
1920030,"Casual,Strategy",12,11,1
981060,Casual,2,2,0
397900,"Casual,Free to Play,Indie,Massively Multiplayer,Strategy",3,2,1
1711930,"Indie,Massively Multiplayer,Strategy",1,0,1
876580,"Action,Casual,Indie",0,0,0
1007230,"Simulation,Early Access",2,1,1
1608270,"Action,Casual,Indie",4,4,0
1959490,"Action,Adventure,Casual,Indie",5,5,0
584200,Utilities,10,7,3
293440,"Action,Adventure,Indie,RPG",60,38,22
1775160,"Action,Casual,Indie",1,1,0
918110,"Action,Indie,RPG",12,10,2
1983540,"Casual,Indie",2,2,0
1168820,"Adventure,Casual",7,7,0
1040420,"Action,Adventure,Indie,RPG",1035,957,78
849162,"Action,Adventure",0,0,0
737660,"Action,Indie,Early Access",1,1,0
1057680,"Adventure,Casual,Indie,Simulation",8,7,1
616050,"Action,Casual,Indie,Early Access",0,0,0
1117680,"Casual,Indie",6,1,5
651560,"Action,Massively Multiplayer,RPG,Strategy",0,0,0
321710,Action,11,9,2
799420,"Action,Adventure,Indie,RPG",6,5,1
1025600,"Action,Strategy,Early Access",1272,1115,157
1074150,"Action,Indie,Strategy",2,1,1
1802210,"Adventure,Indie",3,3,0
1977270,"Action,Indie,Early Access",1,1,0
1588060,"Casual,Indie",1,0,1
1099070,"Indie,Simulation",1,0,1
839450,Adventure,133,107,26
921690,"Action,Casual",0,0,0
1292050,"Action,Adventure,Casual,Indie,Racing,RPG",2,2,0
1713260,"Action,Casual,Indie",4,3,1
1913020,"Action,Indie",0,0,0
1014720,"Action,Casual,Indie",1,1,0
1589970,"Casual,Indie",0,0,0
1762400,"Adventure,Casual,Indie,RPG,Simulation,Strategy,Early Access",13,13,0
567060,"Violent,Gore,Action,Indie",107,87,20
1439840,Simulation,12,6,6
1369090,"Action,Adventure,Casual,Indie,Simulation",1,1,0
612810,"Action,Adventure,Casual,RPG",16,7,9
413030,"Action,Adventure,RPG",60,38,22
909320,"Indie,Simulation,Strategy,Early Access",666,528,138
332250,"Action,Indie,Racing",80,53,27
1143340,"Indie,Early Access",0,0,0
996180,"Casual,Indie,Simulation,Strategy",16,15,1
1697630,"Adventure,Casual,Indie,RPG,Simulation,Early Access",2,0,2
240660,"Action,Adventure,Indie",45,34,11
1825780,"Casual,Indie,Racing,Simulation,Early Access",0,0,0
674090,"Simulation,Strategy,Early Access",358,275,83
215510,"Adventure,Indie",557,413,144
1561430,"Action,Casual",9,9,0
577760,"Indie,RPG",9,8,1
1334300,"Adventure,Indie",16,16,0
987410,Action,24,17,7
704440,"Casual,Indie",10,7,3
1855110,"Casual,Indie,Simulation,Early Access",0,0,0
1676390,"Simulation,Strategy",0,0,0
873410,"Sexual Content,Violent,Gore,Adventure,Indie,Simulation",16,12,4
316140,"Adventure,Indie",48,26,22
1183280,"Adventure,Casual,Indie,RPG",5,3,2
509440,"Adventure,Casual,Indie,Racing",12,1,11
1745710,Casual,3,2,1
788420,"Casual,Strategy",52,45,7
230980,"Adventure,Indie",150,119,31
939150,Indie,3,2,1
1701380,"Simulation,Sports",896,671,225
1586270,"Indie,Strategy",6,5,1
1533960,"Indie,RPG,Simulation,Strategy",0,0,0
703280,"Action,Free to Play,Indie,RPG,Strategy,Early Access",0,0,0
424210,"Action,Indie",0,0,0
677020,"Adventure,Casual",76,63,13
1585020,"Adventure,Casual,Indie,Simulation,Early Access",228,188,40
1607530,"Action,Adventure,Indie",28,27,1
600000,Adventure,6,5,1
669730,"Adventure,Casual,Indie",6,2,4
92700,Action,41,13,28
1169200,"Adventure,Free to Play,Indie",0,0,0
31910,Adventure,111,88,23
496690,"Adventure,Casual,Indie",8,4,4
1965680,"Action,Adventure,Early Access",1,1,0
1482790,"Adventure,Indie",1,0,1
860960,"Action,Adventure,Indie,Massively Multiplayer,Racing",3,1,2
1129480,"Adventure,Free to Play,Indie,RPG",0,0,0
21010,Action,189,125,64
459630,"Action,Casual,Indie,Simulation,Strategy",5,0,5
531110,"Indie,RPG,Strategy",14,12,2
1682450,Casual,6,6,0
16200,"Casual,Simulation",40,33,7
392330,"Indie,Simulation,Strategy",50,46,4
491560,"Casual,Indie",16,9,7
717560,"Indie,Strategy",255,199,56
1520330,"Action,Indie",19,19,0
1334970,"Action,Casual,Indie",1,1,0
425010,Action,3,2,1
1202070,"Action,Adventure,Indie",59,55,4
1591130,"Adventure,Casual",10,5,5
301860,Adventure,1467,1132,335
1408930,Indie,0,0,0
1503880,"Action,Adventure,Massively Multiplayer,RPG",1,0,1
1091110,"Action,Indie",7,5,2
1807460,"Casual,Free to Play,Indie,Simulation",0,0,0
397730,"Violent,Gore,Action,Adventure,Indie,Early Access",0,0,0
270210,Indie,2138,1939,199
566860,"Action,Adventure,Indie,RPG,Early Access",1042,827,215
1259140,"Adventure,Casual,Indie",12,12,0
1542060,"Adventure,Casual,Indie",12,11,1
640300,"Action,Adventure,Early Access",40,28,12
1425130,"Adventure,Indie",23,21,2
1859110,Casual,1,1,0
1131870,"Casual,Indie",0,0,0
1355610,"Casual,Indie",2,1,1
1308060,"Adventure,Casual,Indie,Simulation",2,0,2
979620,"Adventure,Indie,RPG,Simulation",2,1,1
346650,"Casual,Indie",12,0,12
692830,"Action,Adventure,Indie,Strategy",28,18,10
356710,"Indie,Strategy",2,2,0
730420,"Action,Indie,Strategy,Early Access",0,0,0
528740,"Free to Play,Massively Multiplayer,Simulation,Strategy",18,6,12
1735950,"Adventure,Casual,Indie,RPG",20,19,1
569270,"Adventure,Casual",4,4,0
1389780,"Action,Adventure,Free to Play,Indie,Racing,Sports,Strategy",2,2,0
1010890,"Action,Free to Play,Indie",0,0,0
895480,"Adventure,Indie,RPG",93,85,8
683000,"Action,Adventure,Indie",25,18,7
1593920,"Action,Casual,Indie,Early Access",3,2,1
1383920,RPG,4,3,1
346770,"Action,Indie",21,19,2
660560,"Indie,Simulation,Sports,Early Access",5,3,2
605920,"Action,Indie,Racing,Simulation",47,36,11
1212840,"Indie,RPG,Simulation",0,0,0
1059890,"Action,Adventure,Casual,Indie,RPG",28,22,6
816240,"Adventure,Casual,Indie",1,1,0
1722270,"Adventure,Indie",0,0,0
970090,"Casual,Indie,RPG",7,7,0
573060,"Casual,Indie,Strategy",154,122,32
1421600,"Casual,Indie",1,1,0
1819090,"Casual,Indie,Strategy",1,1,0
1194620,"Action,Indie",1,1,0
1463900,"Casual,Indie",1,1,0
1088980,"Action,Casual,Indie",0,0,0
383540,"Casual,Indie,Strategy",7,7,0
1604730,"Indie,Strategy",0,0,0
1948890,"Action,Early Access",4,0,4
1314540,"Action,Casual,Indie",1,1,0
1344800,"Action,Free to Play,Racing",0,0,0
1271710,"Action,Adventure,Casual,Indie",1617,1520,97
1586150,"Action,Adventure,Casual,Indie,Early Access",39,23,16
1668080,"Action,Racing",96,43,53
587330,"Casual,Simulation",4,1,3
541420,"Action,Indie",5,4,1
1858530,"Casual,Free to Play,Indie,Strategy",0,0,0
308040,"Action,Casual,Indie",189,138,51
268890,Simulation,209,70,139
50300,"Action,Adventure",12785,11895,890
1404850,"Indie,Simulation,Strategy,Early Access",2879,2761,118
574860,"Nudity,Action,Adventure",9,3,6
345080,"Action,Indie",92,60,32
1648840,"Action,Adventure,Free to Play,Indie",0,0,0
337820,"Casual,Indie,Simulation,Strategy",88,56,32
1084880,"Adventure,Indie",1,1,0
1193040,"Casual,Free to Play,Indie,Strategy",0,0,0
804530,"Casual,Indie",23,23,0
578900,"Adventure,Casual,RPG,Simulation",368,342,26
764370,"Indie,RPG,Strategy",8,8,0
1577710,"Adventure,Indie",4,4,0
316630,Design & Illustration,4,3,1
1560590,"Adventure,Casual,Indie",2,2,0
416200,"Adventure,Casual,Indie",12,6,6
429690,"Action,Indie",44,43,1
887850,"Adventure,Casual,Indie",13,9,4
973250,"Indie,Strategy",43,43,0
1272130,"Simulation,Strategy",30,19,11
1320260,"Action,Adventure,Casual,Indie,Simulation",1,1,0
1423010,"Action,Racing,Sports",1,1,0
1838560,"Action,Adventure,Indie",4,3,1
41680,Indie,7,1,6
728020,"Adventure,Indie",2,2,0
1730840,"Casual,Indie,Simulation",3,3,0
1740890,Casual,1,0,1
1796500,"Action,Adventure,Indie,RPG",3,3,0
1332120,"Action,Indie,Simulation",6,4,2
42900,Strategy,1,1,0
992300,"Action,Adventure,Indie,RPG",1250,1060,190
1386840,"Action,Adventure,Indie",7,3,4
382050,"Action,Adventure,Indie,RPG",424,387,37
1190160,"Casual,Indie",109,101,8
1983600,"Action,Casual,Indie",12,7,5
578430,"Casual,Indie,Strategy",47,42,5
1582510,"RPG,Strategy",153,110,43
574070,"Free to Play,Massively Multiplayer,Strategy,Early Access",0,0,0
636070,"Action,Adventure,Indie",35,31,4
853850,"Casual,Indie,Strategy",4,2,2
732360,"Action,Adventure,Free to Play,Indie",0,0,0
1023250,"Adventure,Indie",0,0,0
1572830,"Adventure,Casual,Indie",15,13,2
937490,"Adventure,Casual",18,18,0
1576140,Adventure,0,0,0
449470,"Adventure,Free to Play,Massively Multiplayer,RPG",2,2,0
670100,"Action,Adventure,Casual,Indie",7,3,4
1422790,"Action,Adventure,Indie,RPG,Early Access",1,0,1
662930,"Action,Indie,Strategy",9,9,0
1294170,"Action,Indie",1,0,1
2026470,"Action,Indie,Early Access",2,1,1
1238880,Action,448,275,173
1471120,"Casual,Indie",0,0,0
1653660,"Casual,Indie",0,0,0
600600,"Casual,Simulation",13,9,4
264020,Utilities,14,9,5
621220,"Adventure,Indie,RPG,Simulation,Strategy",481,367,114
377530,"Adventure,Casual,RPG,Simulation,Strategy",514,433,81
1352080,"Action,Casual,Free to Play",0,0,0
1031790,"Casual,Indie,Strategy",43,39,4
107100,"Action,Indie,RPG",16070,15519,551
1257200,"Indie,RPG",45,36,9
2066170,"Casual,Indie,Simulation",8,8,0
1807660,Indie,2,0,2
414090,"Adventure,Indie",5,2,3
1155490,"Action,Casual",2,0,2
227760,"Simulation,Strategy",173,115,58
1719960,"Adventure,Casual,Indie",2,2,0
1521490,Indie,4,3,1
367520,"Action,Adventure,Indie",81945,79744,2201
616720,"Animation & Modeling,Utilities",160,143,17
444880,"Action,Casual,Indie,Racing,Sports",119,89,30
412360,"Action,Adventure",4,4,0
510410,"Action,Adventure,Early Access",14,9,5
1441230,"Casual,Indie,Strategy",71,65,6
1660200,"Action,Casual,Indie",1,1,0
271860,Indie,77,47,30
1196800,Indie,15,15,0
930470,"Action,Adventure,Indie,Simulation,Strategy,Early Access",0,0,0
667790,"Adventure,Casual,Indie",17,15,2
856450,"Indie,Simulation,Strategy",18,16,2
832620,Audio Production,0,0,0
1027060,"Action,Indie",1,1,0
348030,"Racing,Simulation,Sports,Strategy",204,118,86
1207050,"Animation & Modeling,Video Production",0,0,0
750620,"Casual,Indie",2,1,1
663690,"Action,Indie",0,0,0
932150,"Action,Indie",0,0,0
773320,Video Production,1,0,1
948510,"Action,Casual,Free to Play,Indie,Strategy",0,0,0
1609870,"Simulation,Sports,Strategy",34,23,11
715090,"Adventure,Casual",6,6,0
809480,"Action,Indie,Early Access",2,1,1
1997610,"Action,Adventure,Free to Play,Indie",0,0,0
1445630,"Action,Casual,Indie,Racing,Simulation,Sports",13,8,5
677790,"Adventure,Indie",15,11,4
260190,"Action,Adventure",448,381,67
34275,Strategy,3,3,0
831660,Adventure,4,4,0
1470870,"Adventure,Casual",0,0,0
1065950,"Indie,RPG",18,13,5
455980,"Indie,Simulation,Strategy",968,782,186
745760,"Adventure,Casual,Free to Play,Indie",0,0,0
1227390,"Action,Adventure,Casual,Indie,RPG",3,3,0
217200,Strategy,2509,2350,159
1226880,Action,0,0,0
212700,"Action,Adventure,Indie",22,12,10
1155920,"Casual,Indie,Racing,Simulation,Sports",4,1,3
1517560,"Action,Adventure,Indie,Early Access",3,3,0
678960,"Action,RPG",13563,12085,1478
391000,"Adventure,Casual,Indie,Simulation,Strategy",69,64,5
1011030,"Casual,Indie,Strategy",34,20,14
913370,"Simulation,Strategy",0,0,0
878680,"Casual,Indie",38,35,3
1569040,"Simulation,Sports",5070,4770,300
886730,Adventure,17,9,8
1434040,"Adventure,Racing",0,0,0
1006930,"Casual,Indie,Simulation",44,36,8
253510,"Indie,Strategy",360,178,182
1055170,"Action,Indie",22,16,6
684720,"Action,Casual,Indie,Massively Multiplayer",47,35,12
130,Action,5338,4861,477
1538480,"Adventure,Casual,Indie",1,1,0
661830,"Action,Casual,Free to Play,Indie",0,0,0
1218830,"Casual,Indie,Simulation,Sports,Early Access",22,17,5
523900,"Adventure,Casual,Indie,RPG",7,6,1
1612820,"Casual,Free to Play",0,0,0
1613490,Simulation,6,5,1
1283810,"Action,Adventure,Indie,RPG,Strategy",0,0,0
560150,"Action,Indie,Sports",15,11,4
815450,"Casual,Indie",146,138,8
964460,"Adventure,Casual,Indie,RPG,Simulation,Sports",11,8,3
657810,"Action,Adventure,Indie,RPG",29,21,8
473970,"Action,Indie,Simulation,Strategy",86,53,33
1559680,"Action,Adventure,Indie,Simulation,Early Access",61,41,20
1050580,"Action,Adventure,Indie,RPG,Early Access",13,8,5
1231100,"Adventure,Indie",0,0,0
1750980,"Adventure,Indie,Strategy",5,4,1
1455120,"Casual,Indie,Simulation",11,9,2
372380,"Action,Indie,Early Access",24,17,7
1675090,"Casual,Indie,Racing,Simulation,Early Access",16,11,5
1067930,"Free to Play,Indie",0,0,0
1978790,RPG,15,15,0
1805000,Indie,10,10,0
1079870,"Casual,Indie,RPG,Strategy",0,0,0
1580290,"Action,Casual,Indie",0,0,0
586320,"Action,Indie",17,16,1
1298680,"Action,Indie,Racing",0,0,0
999250,Indie,2,2,0
1428870,"Action,Casual,Free to Play,Indie,Racing,Strategy",0,0,0
758010,"Action,Adventure,Indie",19,19,0
1353040,"Action,Casual,Indie,Strategy,Early Access",0,0,0
1066130,"Casual,Indie,Simulation,Sports",19,12,7
1015080,"Adventure,Casual,Indie",31,21,10
797390,"Adventure,Free to Play,Indie",0,0,0
493320,Action,33,24,9
1929420,"Action,Adventure,Casual,Indie",47,43,4
905020,"Violent,Action,Casual,Indie,Simulation",2,1,1
1921130,"Action,Casual,Indie,Simulation,Early Access",7,7,0
1275070,"Action,Adventure,Casual,Free to Play,Indie,RPG,Simulation,Sports,Strategy",0,0,0
600130,"Action,Indie",546,493,53
864160,"Action,Adventure,Indie,Simulation",214,154,60
1209750,"Free to Play,Racing,Simulation,Sports,Early Access",0,0,0
291610,Indie,4,3,1
845700,"Action,Casual,Indie",5,5,0
569380,"Adventure,Casual",15,13,2
453950,"Indie,RPG",12,10,2
1494260,"Action,Adventure,Indie,RPG,Strategy",136,103,33
313470,"Indie,RPG",50,44,6
1043470,"Casual,Indie,Strategy",0,0,0
32420,Action,348,127,221
1655440,"Casual,Indie",1,1,0
408650,"Action,Adventure,Indie",134,97,37
1740320,"Action,Casual,Indie",1,1,0
547680,"Casual,Free to Play,Indie,RPG,Simulation,Strategy,Early Access",210,157,53
962280,"Action,Casual,Indie",1,1,0
1599530,"Adventure,Casual,Indie,RPG",14,11,3
1453280,"Action,Indie",1,1,0
1041710,"Casual,Massively Multiplayer,Simulation,Strategy",3,3,0
321880,"Casual,Indie,RPG",19,14,5
565330,Action,2,0,2
471220,"Casual,Indie,Sports",2,2,0
1233810,"Action,Adventure,Casual,Indie,RPG,Strategy",1,0,1
1332620,"Indie,RPG",39,34,5
958690,"Casual,Indie",7,7,0
1677660,Utilities,1,1,0
567690,"Adventure,Casual,Indie,RPG",0,0,0
777760,"Action,Adventure,Casual,Indie",6,5,1
1859890,"Action,Casual",0,0,0
1940310,"Adventure,Casual,Free to Play,Indie",0,0,0
916820,"Action,Adventure,Indie",0,0,0
1064020,"Casual,Free to Play,Indie",0,0,0
941920,"Casual,Indie,Simulation,Strategy",31,19,12
1270100,Strategy,1,1,0
897530,"Action,Casual,Indie,Early Access",0,0,0
1856090,RPG,49,38,11
1362560,"Action,Indie,Simulation,Strategy",64,35,29
1952770,"Action,Casual,Massively Multiplayer,Strategy",0,0,0
1949490,"Casual,Indie",7,7,0
1175640,"Action,Casual,Indie,Racing,Simulation",15,12,3
776140,"Violent,Gore,Action,Adventure,Indie",4,2,2
493720,"Adventure,Casual,Indie",323,253,70
1446320,"Adventure,Casual,Free to Play,Indie,Simulation",0,0,0
2025280,"Casual,Indie,Strategy,Early Access",1,0,1
1513530,"Casual,Indie",14,14,0
1706090,"Casual,Indie",44,44,0
1361580,Strategy,0,0,0
338000,"Action,Free to Play,Indie",3,3,0
1800010,Strategy,1,1,0
373990,"Adventure,Indie",11,8,3
1674490,"Adventure,RPG",0,0,0
656340,Casual,3,1,2
640760,Action,15,9,6
815420,"Action,Adventure,Casual,Indie,RPG,Sports",3,2,1
10180,Action,12141,11084,1057
359600,"Action,Adventure",212,106,106
778060,"Animation & Modeling,Design & Illustration,Education,Utilities,Early Access",0,0,0
1755250,"Casual,Indie",0,0,0
1563310,Indie,2,1,1
1702100,"Casual,Indie",4,4,0
942760,"Indie,Racing,Simulation,Sports",5,0,5
815260,"Free to Play,Indie,Massively Multiplayer,RPG,Strategy",0,0,0
2051880,"Casual,Indie",2,2,0
509960,"Action,Casual,Indie",7,4,3
836490,"Indie,RPG",50,43,7
675030,"Violent,Gore,Action,Indie",22,20,2
429950,"Action,Adventure,Indie",1,0,1
859370,"Action,Casual,Indie",12,12,0
1056480,Simulation,9,6,3
1403800,"Design & Illustration,Education,Photo Editing,Software Training,Utilities",11,9,2
1963950,"Action,Adventure,Indie",9,7,2
1805610,"Action,Indie,Strategy,Early Access",0,0,0
291030,"Casual,Indie,Simulation",107,63,44
302950,"Adventure,Casual,Indie",31,14,17
496950,"Action,Casual,Indie,Simulation",13,6,7
411070,"Casual,Indie",2,0,2
1965360,"Adventure,Casual,Indie,RPG",0,0,0
1657130,"Action,Casual",8,8,0
1446000,"Action,Adventure,Indie",22,22,0
1412650,Indie,12,11,1
972430,"Casual,Indie,Simulation,Strategy",7,3,4
1269830,"Indie,Simulation",24,18,6
873720,"Action,Casual,Indie,Sports",4,3,1
939610,"Adventure,RPG,Early Access",0,0,0
6020,Action,6162,5892,270
1557760,"Action,Indie",4,4,0
843930,Indie,2,2,0
1052030,"Action,Casual,Indie",5,5,0
840310,"Casual,Indie",15,14,1
1487230,"Adventure,Indie,Simulation,Early Access",0,0,0
1850420,"Action,Adventure,Indie,RPG,Early Access",6,6,0
1138360,"Adventure,Casual,Indie",0,0,0
1488500,Action,2,2,0
731890,Indie,11,6,5
711870,"Action,Casual,Indie",0,0,0
298050,Strategy,3866,2891,975
2026790,"Action,Adventure,Casual,Indie,RPG",0,0,0
1897960,"Adventure,Casual,Indie",5,4,1
617620,"Adventure,Casual,Indie",16,15,1
409600,"Adventure,Casual",78,52,26
836460,"Adventure,Indie",6,5,1
516960,"Action,Indie",3,3,0
361380,Strategy,89,63,26
983760,"Action,Adventure,Indie",9,9,0
1405090,"Indie,Simulation,Strategy",1,0,1
711230,"Action,Adventure,RPG",1,0,1
1662570,"Action,Indie,Simulation",12,6,6
1599540,"Indie,Racing",1,1,0
794820,"Indie,RPG,Simulation",0,0,0
1617200,Sports,0,0,0
1531750,"Indie,Racing,Simulation,Sports,Strategy",9,6,3
998590,"Action,Indie,Massively Multiplayer,RPG,Strategy,Early Access",2,1,1
1230860,"Action,Casual,Indie,Simulation,Sports",65,58,7
922500,Action,419,303,116
621970,"Action,Casual,Indie,Racing,Sports",39,25,14
673300,"Action,Adventure,Indie",64,59,5
1029780,"Indie,RPG,Simulation,Strategy,Early Access",5034,4547,487
42960,Strategy,7666,7121,545
402060,"Adventure,Casual,Indie,Simulation",136,98,38
468070,"Massively Multiplayer,Simulation,Sports,Early Access",69,42,27
416260,"Adventure,Early Access",7,2,5
1382450,"Adventure,Casual,RPG,Early Access",3,0,3
791430,"Action,Adventure,Casual,Indie,RPG,Simulation,Strategy",12,5,7
1360380,Indie,0,0,0
568370,"Action,Indie,Strategy",24,21,3
1843980,"Action,Free to Play,Indie",0,0,0
1743660,"Casual,Indie",0,0,0
1210610,"Action,Indie",174,154,20
1089140,Casual,1,1,0
1197990,"Casual,Indie",15,13,2
1966370,"Casual,Indie,Racing,Simulation",33,29,4
1052010,"Indie,Strategy",2,0,2
872230,"Adventure,Casual,RPG",0,0,0
1487860,"Action,Casual,Sports",0,0,0
751450,"Adventure,Casual",106,102,4
757100,"Action,Casual,Indie,Sports",8,7,1
1507980,Casual,0,0,0
771100,"Casual,Simulation",5,3,2
1291060,"Casual,Indie,Simulation,Early Access",8,8,0
635040,"Action,Indie,Simulation",11,8,3
822250,"Action,Indie,Strategy",1,0,1
707770,"Action,Simulation,Strategy",7,2,5
828970,"Action,Casual,Indie,Simulation,Strategy",2,0,2
603870,"Adventure,Indie",18,16,2
1520880,"Indie,Strategy",2,2,0
409690,"Action,Free to Play,Indie",5,4,1
495300,Simulation,17,10,7
1711540,"Adventure,RPG,Simulation,Strategy",2,1,1
1476720,"Action,Indie,Strategy,Early Access",1,1,0
953060,"Casual,Indie,Simulation,Strategy",11,5,6
912380,"Casual,Free to Play,Indie",0,0,0
939990,"Indie,Simulation,Strategy",120,94,26
1537940,"Action,Indie,Simulation,Strategy",1,0,1
1922560,"Action,Casual,Strategy",3105,2848,257
1425840,"Casual,Indie",1,1,0
1518100,Action,1,0,1
269730,"Simulation,Sports",827,535,292
449160,"Action,Adventure,Casual,Indie",6,6,0
1183510,RPG,7,3,4
1573210,"Casual,Indie,Simulation",0,0,0
1597250,"RPG,Strategy,Early Access",0,0,0
1933580,"Adventure,Casual,Indie,RPG,Strategy,Early Access",0,0,0
1484970,"Action,Casual",1,1,0
1202550,"Action,Adventure,Casual,Indie,Simulation",1,0,1
395850,"Action,Adventure,Indie,Simulation",304,258,46
384090,"Action,Adventure,Indie,RPG,Early Access",48,23,25
1218740,"Action,Free to Play,RPG,Strategy",0,0,0
952020,"Adventure,Indie,RPG",15,7,8
1767270,"Action,Adventure,Indie",9,8,1
1986380,"Casual,Indie",3,2,1
1205060,"Indie,Simulation",13,11,2
758920,"Casual,Indie,Racing",1,0,1
1493060,"Action,Adventure,Indie",32,25,7
416670,"Free to Play,Strategy,Early Access",1,1,0
1030170,"Adventure,Casual",4,4,0
1293780,"Action,Adventure,Indie",2,2,0
579720,"Action,Adventure,Casual,Indie,Simulation",30,21,9
1528300,"Action,Adventure,Casual,Indie,Early Access",2,1,1
1067100,"Action,Casual,Indie,Strategy",0,0,0
1716070,"Simulation,Animation & Modeling,Design & Illustration",8,3,5
1261640,"Casual,Indie",11,10,1
1308470,"Casual,Free to Play,Simulation",0,0,0
497280,"Casual,Indie",3,2,1
459760,"Action,Adventure,Indie,RPG,Early Access",7,4,3
788610,"Action,Adventure,Indie",13,8,5
1930170,"Adventure,Casual",0,0,0
509540,"Adventure,Indie",66,50,16
667040,"Casual,Indie,Strategy",16,14,2
1805960,"Action,Casual,Early Access",1,1,0
776580,"Action,Adventure",40,16,24
1400140,"Action,Adventure,Indie",0,0,0
1168990,"Action,Indie",5,2,3
424030,"Action,Indie,Simulation,Strategy,Early Access",6078,5292,786
1860860,"Casual,Free to Play,Indie",0,0,0
1652960,Casual,19,17,2
1027480,"Action,Free to Play,Indie",0,0,0
1256610,"Adventure,Casual,Free to Play,Indie,RPG,Simulation",63,51,12
839410,"Action,Casual,Indie",13,11,2
1004750,"Racing,Simulation,Sports",221,163,58
1669560,"Action,Indie",3,3,0
42890,Strategy,411,369,42
750870,"Casual,Indie,Racing,Sports",4,2,2
278190,Audio Production,50,35,15
1307310,"Action,Indie,Sports",1,1,0
387110,"Action,Casual,Indie",2,0,2
278930,"Action,Indie",118,90,28
496180,"Casual,Simulation",0,0,0
1470320,"Indie,Simulation,Strategy",12,9,3
875430,"Casual,Indie",14,8,6
512490,"Action,Indie",410,401,9
1184640,"Adventure,Casual,Indie",0,0,0
1609040,"Casual,Indie",13,8,5
1859360,"Casual,Indie,RPG,Simulation,Strategy",69,61,8
1118320,"Action,Indie,Early Access",1,1,0
1358800,"Casual,Simulation,Animation & Modeling,Design & Illustration,Utilities",0,0,0
1237970,Action,45192,42800,2392
457980,"Adventure,Indie",9,2,7
904640,"Indie,Simulation,Early Access",1,0,1
1191930,"Indie,Simulation",1,1,0
505120,"Racing,Simulation,Sports",12,9,3
215390,"Action,Simulation",11,4,7
363060,Casual,9,8,1
1221390,"Action,Casual,Massively Multiplayer,RPG",0,0,0
1770540,"Casual,Indie",0,0,0
261900,"Action,Adventure,Indie,RPG",7,7,0
1590900,"Action,Adventure,Indie,RPG",0,0,0
830620,"Casual,Indie,Simulation,Strategy",4,4,0
1737980,"Action,Indie",17,17,0
1697880,"Simulation,Early Access",257,214,43
1267130,"Action,Adventure,Indie",22,22,0
1674640,"Action,Indie,RPG",18,9,9
950140,Indie,68,65,3
538330,"Adventure,Indie",18,13,5
946010,"Action,Casual,Indie",114,99,15
1451570,"Action,Casual,Indie,Simulation,Strategy",0,0,0
1027960,Simulation,5,2,3
1350440,"Adventure,Casual,Indie,Strategy",1,1,0
427050,"Indie,Strategy",6,3,3
1591690,Action,29,26,3
1448290,"Casual,Free to Play,Indie,Strategy",0,0,0
341310,"Adventure,Indie,RPG",766,552,214
1191590,"Action,Casual,Indie,Early Access",10,8,2
306020,"Action,Strategy",5756,5447,309
1798430,"Adventure,Indie",8,8,0
869550,"Action,Early Access",12,10,2
392290,"Action,Casual,Indie,Early Access",0,0,0
534210,"Action,Adventure,Indie,Simulation",3,1,2
1226080,"Adventure,Casual,Indie,RPG,Simulation,Strategy",3,2,1
612050,"Free to Play,Simulation",0,0,0
46280,"RPG,Strategy",44,13,31
1614920,"Casual,Indie,Early Access",7,6,1
222940,Action,1540,1400,140
1508840,"Action,Casual",2,1,1
1434880,Action,22,22,0
1222080,"Action,Indie,Strategy",0,0,0
1613050,"Casual,Indie",26,25,1
1740570,"Adventure,Indie",6,6,0
1497530,"Action,Adventure,Indie,Racing,Sports",1,1,0
1000900,"Adventure,Indie,RPG",0,0,0
1910020,Casual,2,2,0
1427900,Casual,2,2,0
1260710,"Action,Adventure,Casual,Indie,Simulation",39,32,7
427860,"Adventure,Casual,Indie",70,48,22
1894990,"Adventure,Casual,Indie",6,4,2
1657810,"Action,Free to Play,Indie,Massively Multiplayer,Early Access",0,0,0
1912770,"Action,Casual,Indie,Racing",3,3,0
1318520,"Free to Play,Indie,Simulation",0,0,0
1140400,"Casual,Indie,Simulation,Strategy",3,2,1
1775410,"RPG,Strategy",0,0,0
1339180,"Casual,RPG,Simulation",18,18,0
37980,Casual,9,8,1
890032,"Action,Adventure",0,0,0
1765310,Action,0,0,0
1714660,"Adventure,Indie",0,0,0
897030,"Adventure,Indie",777,634,143
1324420,"Adventure,Casual,Indie,RPG",21,19,2
1880310,Indie,2,1,1
880580,"Casual,Indie,Strategy",147,124,23
990280,"Casual,Indie",6,5,1
732520,"Action,Indie,Strategy",30,16,14
871570,"Adventure,Casual,Indie",3,3,0
1957650,Action,1,1,0
819220,"Casual,Indie,Strategy",4,4,0
254940,"Action,Sports",31,29,2
420670,"Violent,Action,Indie",13,4,9
374060,"Action,Adventure,Indie",141,94,47
780260,"Action,Casual,Indie,Strategy",1,1,0
1010230,"Casual,Indie",19,18,1
1655580,"RPG,Strategy",2,1,1
1367190,"Indie,Strategy",0,0,0
573520,"Action,Adventure,Indie",47,45,2
1726190,"Action,Adventure,Indie,RPG",398,378,20
661480,"Casual,Indie,Strategy",5,4,1
1149200,"Action,Casual,Indie",1,0,1
1297550,"Simulation,Sports",0,0,0
1415110,"Indie,RPG,Strategy",3,3,0
586350,"Action,Indie",109,100,9
207000,"Action,Adventure,Indie",22,9,13
321840,"Adventure,Casual,Free to Play,Indie,Simulation",3,3,0
693070,"Casual,Indie",0,0,0
420110,"Casual,Indie",2846,2763,83
1433890,"Indie,Racing",44,36,8
391460,"Action,Free to Play",124,78,46
935400,"Casual,Indie,Simulation,Early Access",227,179,48
1120390,"Action,Casual,Indie,Racing",3,3,0
700310,"Action,Indie,Racing",5,2,3
1914200,"Adventure,Indie",10,9,1
372490,"Action,Adventure,Indie,Racing,Sports,Strategy",2,0,2
1117040,"Action,Adventure,Casual,Indie",3,2,1
1442350,"Action,Adventure,Casual,Indie",3,3,0
1267330,Simulation,0,0,0
1166730,"Casual,Indie",12,10,2
8800,Strategy,1890,1829,61
453650,"Action,Adventure,Casual,Indie",16,14,2
1854160,"Action,Casual,Indie,Racing",2,1,1
1592210,"Indie,Massively Multiplayer,Simulation,Strategy,Early Access",0,0,0
509170,"Action,Casual,Indie,Simulation",2,2,0
637880,"Action,Adventure,Indie",64,60,4
727910,"Adventure,Casual,Indie,Simulation",169,102,67
758790,"Casual,Indie",1,0,1
814570,"Action,Adventure,Simulation,Strategy",6,4,2
1484960,"Adventure,Casual,Indie",0,0,0
540640,"Action,Adventure,Casual,Indie,RPG",9,7,2
1907640,"Adventure,Casual,Racing",2,2,0
719640,"Free to Play,Massively Multiplayer,Strategy",0,0,0
35310,"Action,Racing",39,30,9
450290,Strategy,17,7,10
655550,"Action,Free to Play,Sports",0,0,0
1370720,Strategy,4,3,1
1422630,"Casual,Free to Play,Indie,Strategy",2,2,0
851670,"Casual,Indie",267,256,11
891020,"Simulation,Sports",13,3,10
1839750,"Casual,Indie",0,0,0
2062110,"Adventure,Casual,Indie,Simulation",0,0,0
1350080,"Action,Casual,Free to Play",0,0,0
1064990,"Action,Adventure,Indie",7,3,4
2072830,"Action,Adventure,Strategy",1,0,1
416640,"Indie,RPG",107,85,22
1347550,"Action,Simulation,Early Access",595,540,55
1577770,"Adventure,Casual,Free to Play,Massively Multiplayer,RPG,Early Access",0,0,0
659320,Indie,0,0,0
1181470,"Adventure,Casual,Indie",4,3,1
1684830,"Action,Casual,Indie",7,7,0
1644560,"Action,Adventure",1,1,0
1387200,"Action,Casual,Indie",0,0,0
797340,"Casual,Indie,Strategy",4,4,0
974530,"Indie,Simulation,Sports,Strategy",4,2,2
1357830,"Adventure,Casual",49,47,2
453880,"Action,Adventure,Indie",3,2,1
15620,Strategy,3081,2688,393
352530,"Indie,Racing",7,4,3
577580,"Action,Adventure",16,12,4
652780,"Action,Adventure,Casual,Free to Play,Indie,Strategy",0,0,0
776000,"Adventure,Indie,RPG",27,15,12
1304450,"Action,Free to Play,Indie",0,0,0
1560010,"Casual,Simulation",29,15,14
2053200,Indie,11,10,1
6400,"Action,Strategy",101,92,9
1254620,Action,30,24,6
1455080,"Casual,Indie",1,1,0
384080,Simulation,93,50,43
553630,Simulation,2,0,2
585090,"Action,Adventure,Casual,Indie,RPG,Simulation,Strategy",17,6,11
985080,"Casual,Indie",43,43,0
1758410,"Indie,Simulation",1,1,0
1852940,"Indie,Simulation,Sports,Early Access",7,4,3
512150,"Action,Indie",26,26,0
528250,"Casual,Indie,Strategy",51,40,11
464670,"Action,Adventure,Indie,RPG",10,7,3
738820,"Casual,Indie",0,0,0
781050,"Adventure,Casual,Indie",49,21,28
1386660,Indie,0,0,0
1790860,"Action,Adventure,Casual,Indie",0,0,0
1047750,"Action,Casual,Free to Play,Indie",0,0,0
1083070,"Action,Adventure,Simulation,Early Access",15,9,6
1306850,"Action,Adventure,Casual,Indie",0,0,0
686360,"Action,Adventure,Indie",38,28,10
1260490,"Casual,Indie,Strategy",4,4,0
677590,"Adventure,Casual,Indie",2,2,0
1997080,"Casual,Free to Play,Strategy",0,0,0
538050,"Action,Adventure",6,3,3
1110010,"Casual,Indie,Strategy",2,1,1
1187740,"Action,Casual,Free to Play,Indie,Sports,Early Access",5,2,3
1229650,"Action,Casual,Indie",3,3,0
1677130,"Casual,Indie,Strategy",0,0,0
739030,"Action,Adventure,Indie",5,0,5
1554670,"Action,Free to Play,Indie",0,0,0
821400,"Casual,Indie",3,3,0
1949140,"Action,Adventure,Casual,Indie,Strategy",2,2,0
748600,"Action,Indie,Early Access",17,14,3
1528430,"Action,Adventure,Casual,Indie",1,1,0
748540,"Casual,Indie,Simulation",11,7,4
1960710,Action,10,10,0
615690,"Adventure,Indie,RPG",5,4,1
1748290,Simulation,10,7,3
336100,"Action,Strategy",54,34,20
1623650,Casual,6,6,0
726490,"Action,Adventure,Casual,Indie",5,4,1
1077540,"Adventure,Casual,Indie,RPG",0,0,0
1175590,"Action,Indie",4,3,1
1616030,"Action,RPG",6,6,0
712880,"Action,Indie,Strategy",0,0,0
861770,"Indie,Strategy",0,0,0
676180,"Action,Adventure,Casual,Indie",7,7,0
1087280,"Indie,Simulation,Sports,Strategy",1383,1271,112
660320,"Action,Indie,Strategy",23,18,5
1167770,"Adventure,Indie",7,6,1
1624890,Casual,1,1,0
926090,"Adventure,Casual",6,4,2
1694670,"Action,Adventure,Indie",16,15,1
1083990,"Casual,Simulation",3,2,1
1012970,Indie,32,25,7
262830,"Action,Indie,RPG",744,688,56
1634540,"Adventure,Casual,Indie,Simulation",0,0,0
660330,"Action,Adventure,Free to Play,Massively Multiplayer,RPG",0,0,0
1867820,"Action,Free to Play",0,0,0
214420,"Action,Free to Play,Indie",622,528,94
1751630,"Adventure,Casual",59,53,6
1085230,"Action,Indie,Sports",0,0,0
1567480,"Indie,Simulation,Early Access",8,4,4
1111040,"Indie,Simulation,Strategy,Early Access",5,0,5
1377260,"Casual,Indie,Strategy",116,110,6
1683680,"Simulation,Strategy",5,3,2
1112010,"Adventure,Casual,Simulation,Early Access",3,1,2
238260,"Free to Play,Simulation",36,30,6
1045060,"Action,Adventure,Indie",1,1,0
969130,"Adventure,Casual,Indie",7,6,1
598720,"Action,Adventure,Simulation,Early Access",12,7,5
589670,"Action,Indie",30,24,6
1264000,"Action,Indie",0,0,0
1025250,"Action,Indie",44,38,6
1374840,"Adventure,Indie,RPG,Strategy",1282,978,304
580630,"Free to Play,Indie",4,4,0
1406930,"Casual,Free to Play,Indie,Strategy",0,0,0
1525410,"Adventure,Indie,RPG,Strategy,Early Access",17,16,1
764430,"Adventure,Casual,Indie,RPG",16,10,6
1190990,"Casual,Indie,Simulation,Strategy",8,8,0
1472790,"Action,Adventure,Indie",1,1,0
298420,Indie,6,2,4
1302220,"Adventure,Indie",1,1,0
1538770,"Casual,Indie,Strategy",1,1,0
1877440,"Adventure,Casual,Free to Play,Indie,RPG",0,0,0
1916880,"Action,Indie,Racing",2,0,2
798720,"Action,Adventure,Indie,Strategy",0,0,0
652340,"Casual,Indie",29,29,0
997560,"Action,Adventure,Free to Play,Indie,Massively Multiplayer,Early Access",2,2,0
756980,"Action,Adventure,Casual,Indie,Strategy",1,1,0
831090,"Adventure,Indie,Simulation",21,19,2
796770,"Casual,Indie,Simulation",14,10,4
711550,"Action,Adventure,Casual,Indie",2,2,0
563120,"Action,Casual,Indie,Simulation,Strategy",35,17,18
1065680,Casual,0,0,0
518920,"Action,Indie,Simulation",405,225,180
250030,"Adventure,Indie",106,83,23
527520,"Action,Indie",6,1,5
619140,"Casual,Indie,Simulation,Strategy",8,1,7
1759400,"Action,Casual,Indie",0,0,0
1864580,"Action,Adventure,Indie,RPG",10,6,4
629080,"Adventure,Casual",4,4,0
1074370,"Casual,Indie",6,3,3
597020,"Simulation,Sports,Early Access",4,4,0
1172080,"Adventure,Indie",1,0,1
772080,"Adventure,Casual,Indie",4,2,2
1908140,"Adventure,Free to Play,Indie,Strategy",0,0,0
663220,"Action,Adventure",0,0,0
1262780,"Action,Casual,Indie",7,4,3
954970,"Casual,Indie,RPG,Simulation,Strategy,Early Access",2,0,2
1158900,Action,0,0,0
1413890,"Casual,Indie",2,0,2
549260,"Adventure,Indie",319,250,69
958680,"Casual,Free to Play,Indie",0,0,0
390540,"Free to Play,Massively Multiplayer,Early Access",6,3,3
655250,"Action,Adventure,Indie",4,0,4
521470,"Casual,Free to Play,Indie,Simulation",9,9,0
778110,"Action,Indie",8,1,7
431460,"Adventure,Casual,Indie",32,20,12
1188330,"Casual,Indie,Strategy",284,262,22
1044480,"Adventure,Indie",7,6,1
624780,"Action,Casual,Indie",2,1,1
1655550,Action,1,1,0
720350,"Action,Adventure,Indie",485,461,24
1220690,"Casual,Simulation",7,6,1
1065180,"Action,Indie",132,121,11
1921880,"Casual,Indie,Simulation,Strategy",1,1,0
2072900,"Action,Casual,Indie",0,0,0
1553120,"Adventure,Indie",95,84,11
1071870,"Action,Adventure,Casual,Indie,Simulation,Sports,Strategy",924,847,77
312720,"Casual,Indie,Strategy",79,76,3
1246600,"Action,Adventure,Casual,Indie",1,1,0
1737450,"Casual,Simulation,Sports,Early Access",4,3,1
724300,"Action,Indie",216,197,19
807990,"Indie,Simulation,Strategy,Early Access",0,0,0
750420,"Action,Indie,Early Access",0,0,0
391310,"Action,Adventure,Casual,Indie,Simulation",60,51,9
977210,"Action,Adventure,Indie,RPG",3,3,0
377480,"Adventure,Indie",54,28,26
1650290,Simulation,2,2,0
1480870,"Action,Adventure,Massively Multiplayer,RPG,Simulation,Early Access",34,17,17
1347140,"Action,Casual,Free to Play,Indie",0,0,0
513320,"Adventure,Indie",94,38,56
1010000,"Action,Casual,Indie",1,1,0
1507210,Simulation,29,23,6
1602840,"Action,Adventure,Casual,Indie,Simulation,Early Access",0,0,0
368620,"Action,Adventure,Indie,RPG",1163,993,170
807050,"Action,Free to Play,Indie,Early Access",0,0,0
1237670,"Action,Casual,Indie",1,1,0
600520,"Action,Indie,RPG",3,3,0
702890,Action,1825,1507,318
1190810,Adventure,8,8,0
1249150,"Adventure,Indie",0,0,0
504880,"Action,Adventure,Casual,Indie,Simulation,Strategy",20,15,5
1389130,"Adventure,Casual,Indie",0,0,0
1112890,"Casual,Indie,RPG,Simulation",2028,1847,181
1219910,"Action,Free to Play",0,0,0
1055430,"Action,Adventure,Casual,RPG,Strategy",834,770,64
292330,"Indie,Simulation,Strategy",353,149,204
816270,"Casual,Indie",81,67,14
1977960,"Action,Indie",4,4,0
63910,"RPG,Strategy",338,312,26
314150,Action,299,164,135
1992370,"Adventure,Casual",164,142,22
1225810,"Action,Adventure,Free to Play,Indie,RPG",0,0,0
1367690,"Racing,Simulation,Sports",120,101,19
414730,"Adventure,Casual,Free to Play,Indie",4,3,1
1536000,"Action,Adventure,Casual,Indie",4,1,3
1353300,"Casual,Free to Play,Indie,Strategy",300,210,90
3580,Casual,26,23,3
495820,"Action,Indie",5,5,0
1706170,Adventure,14,14,0
1305050,"Adventure,Free to Play,Indie",0,0,0
1720780,"Adventure,Casual,Strategy",0,0,0
1772480,"Action,Simulation,Sports,Early Access",59,44,15
736720,"Action,Early Access",20,16,4
951860,"Action,Adventure,Indie,RPG,Early Access",73,65,8
1266140,"Action,Adventure,Indie,RPG",19,16,3
1543430,"Adventure,Indie,RPG",72,64,8
1007350,"Indie,RPG,Simulation",57,42,15
1458480,"Action,Adventure,Early Access",1,0,1
556860,"Indie,Simulation,Strategy",148,96,52
1922540,"Action,Adventure,Indie",0,0,0
580010,"Adventure,Casual",23,19,4
465360,"Action,Strategy",43,34,9
704950,"Action,Adventure,Casual,Indie,RPG",15,10,5
234820,"Free to Play,Indie,Education,Software Training,Utilities,Web Publishing,Game Development",270,198,72
949830,"Indie,Strategy",0,0,0
202200,"Indie,Strategy",713,563,150
520290,"Action,Indie,Simulation,Strategy",27,22,5
1637510,Adventure,15,6,9
498340,"Action,Adventure,Indie,RPG",57,36,21
33550,"Action,RPG",20,10,10
585750,"Action,Adventure,Indie",2,1,1
1819800,"Adventure,Indie,Simulation",4,3,1
772110,"Action,Indie",0,0,0
848350,"Action,Casual",2406,2244,162
606060,"Action,Adventure,Indie,RPG",7,3,4
819630,"Casual,Indie,Sports",109,105,4
1937850,"Casual,Indie",6,6,0
1437550,"Action,Adventure,Casual,Indie,Simulation",0,0,0
1800920,"Adventure,Indie",0,0,0
1768980,"Action,Indie",6,6,0
431410,"Action,Casual,Indie",7,5,2
1447710,"Casual,Indie,Strategy,Early Access",1,0,1
329320,"Action,Casual,Indie",22,19,3
1086260,"Adventure,Strategy",0,0,0
713530,"Action,Indie,RPG",99,79,20
249360,"Indie,RPG,Simulation,Strategy",253,170,83
1709820,"Casual,Indie,Early Access",5,3,2
863640,"Casual,Indie,Strategy",1,1,0
569520,"Adventure,Indie",3,2,1
1654120,"Casual,Free to Play,Massively Multiplayer,RPG",0,0,0
724010,Indie,18,17,1
1702780,Casual,6,6,0
283880,"Adventure,Free to Play,Indie,RPG",10,8,2
558650,"Casual,Indie,Strategy,Early Access",1,0,1
577280,"Action,Adventure,Indie",11,6,5
1864210,"Action,Strategy",2,2,0
1703040,"Simulation,Strategy",3,1,2
1500230,"Casual,Indie",1,1,0
292930,Adventure,327,255,72
1485860,"Indie,RPG",6,5,1
1367880,"Action,Casual,Free to Play,Simulation,Strategy",0,0,0
1853840,"Action,Free to Play,Indie",0,0,0
510240,"Action,Adventure,Indie",17,14,3
397690,"Action,Indie",166,136,30
15400,"Strategy,Indie",93,70,23
1418970,"Animation & Modeling,Audio Production,Design & Illustration,Education,Photo Editing,Software Training,Utilities,Video Production",46,23,23
329110,"Action,Adventure,Casual,Free to Play,RPG,Strategy",42,34,8
1414210,Action,0,0,0
858090,"Action,Indie,Early Access",0,0,0
496380,"Casual,Indie,Simulation",4,2,2
1258080,"Adventure,Casual,Free to Play,RPG,Simulation",0,0,0
1600160,Casual,0,0,0
880610,"Action,Casual,Indie",25,24,1
953240,"Casual,Indie",2,1,1
1036330,"Action,Indie",0,0,0
1995830,"Adventure,Free to Play,Massively Multiplayer,RPG",0,0,0
347170,"Action,Adventure,Indie,Simulation,Strategy,Early Access",203,107,96
1611130,"Adventure,Casual,Simulation",12,9,3
1007870,"Casual,Indie,Simulation,Early Access",0,0,0
1471980,"Indie,Simulation,Education",0,0,0
1097330,"Action,Indie",5,5,0
1029660,"Racing,Sports",4,1,3
1383580,Action,0,0,0
1057180,"Action,Adventure,Indie,Simulation",221,143,78
350910,"Action,Indie",311,303,8
927850,"Indie,RPG,Simulation",0,0,0
962230,Accounting,1,1,0
428860,"Adventure,Indie",122,103,19
1201840,"Action,Adventure,Indie,Simulation",130,112,18
650010,"Violent,Gore,Action,Adventure,Indie",4,2,2
552220,"Action,Adventure,Strategy",1,1,0
369570,"Indie,Racing",22,14,8
972010,"Indie,RPG,Simulation,Strategy",143,124,19
761070,"Casual,Free to Play,Indie",0,0,0
1730910,"Adventure,Free to Play,Massively Multiplayer,RPG",0,0,0
1560110,"Action,Adventure,Casual,Massively Multiplayer",11,4,7
1611710,"Action,Free to Play,Indie,RPG",0,0,0
1369740,"Adventure,Casual,Indie,RPG,Simulation,Strategy",5,4,1
471570,"Casual,Indie",38,37,1
236730,"Action,Indie,Strategy",155,116,39
1677480,"Action,Casual,Indie",1,1,0
1031120,"Casual,Indie,Simulation",146,118,28
1814110,"Casual,Indie,Strategy",4,4,0
339200,"Action,Adventure,Indie,RPG",566,456,110
361690,"Action,Simulation",134,107,27
454180,"Action,Adventure,Casual,Indie,Racing,Simulation",68,46,22
1262060,"Action,Adventure,Indie,Simulation,Sports",81,71,10
658320,"Free to Play,Indie,Strategy",0,0,0
1782390,"Casual,Indie",2,2,0
584600,"Action,Casual,Indie",7,4,3
796260,"Adventure,Indie,RPG,Simulation",1,1,0
861510,Indie,1,0,1
530830,"Action,Free to Play,Indie",9,7,2
1250490,"Action,Free to Play,Indie",3,3,0
259700,"Action,Indie",104,42,62
1630530,"Indie,Simulation,Strategy,Early Access",1,1,0
646300,"Action,Adventure,Indie",4,2,2
678880,"Action,Adventure,Indie",2,2,0
1279910,Action,21,7,14
1616300,"Action,Adventure,Casual,Indie",0,0,0
364420,"Action,Adventure,Indie,RPG",1836,1447,389
1510590,"Action,Adventure,Indie",0,0,0
1224900,"Indie,Early Access",0,0,0
368470,"Animation & Modeling,Design & Illustration,Education,Photo Editing,Software Training,Utilities,Video Production",31,15,16
1572800,"Action,Casual,Indie",5,5,0
517400,"Violent,Adventure,Indie",8,1,7
1619900,"Free to Play,Early Access",0,0,0
585690,"Action,Adventure,Casual,Indie",393,242,151
397830,"Adventure,Indie,RPG,Early Access",0,0,0
438320,"Action,Adventure,Indie",74,66,8
1732730,"Sports,Strategy",0,0,0
681490,"Action,Indie",3,1,2
9160,Action,363,271,92
801700,"Action,Adventure,Casual,Indie,Racing,Simulation,Sports",2,1,1
1865230,"Casual,Indie,Simulation",1,1,0
322550,"Action,Indie",6,4,2
429300,"Casual,Free to Play,Indie,Simulation",16,16,0
1289640,Simulation,795,761,34
80330,"Adventure,Indie",778,687,91
1394930,"Action,Adventure,Casual",34,34,0
1766650,Indie,1,1,0
363930,"Action,Adventure,Casual,Indie,RPG,Simulation,Strategy",1805,1479,326
207690,"Adventure,Casual,Indie",1558,1492,66
434050,"Action,Adventure",1843,1456,387
508610,"Action,Indie",3,2,1
1442300,"Casual,Indie,Simulation",87,84,3
204760,Action,83,20,63
1793400,"Action,Casual,Indie,Racing",0,0,0
640600,"Action,Indie,Early Access",2,0,2
930700,"Adventure,Indie,Simulation",0,0,0
266290,Simulation,115,34,81
1777380,Indie,4,4,0
1345760,"Simulation,Sports",23,19,4
551190,"Gore,Action,Adventure,Strategy",91,85,6
1727880,Indie,0,0,0
887400,"Action,Adventure,Indie",20,19,1
1059500,"Adventure,Casual,Indie",3,2,1
1739200,"Action,Indie",14,14,0
1643190,"Action,Adventure,Casual,Indie,Early Access",2,0,2
1154430,"Animation & Modeling,Design & Illustration,Game Development",0,0,0
1239970,"Casual,Indie,Strategy",2,1,1
698610,"Adventure,Indie",7,1,6
1805970,"Casual,Indie",2,1,1
1789650,"Adventure,Casual,Indie",17,17,0
1357090,"Casual,Indie,Simulation,Sports,Strategy",0,0,0
600190,"Sports,Early Access",7,3,4
1550710,"Action,Early Access",1332,1081,251
1405950,"Action,Adventure,Indie",48,47,1
1311320,Free to Play,0,0,0
677290,"Animation & Modeling,Design & Illustration",0,0,0
498580,"Action,Adventure,Indie",11,4,7
628330,"Action,Indie,RPG",19,7,12
1927080,"Adventure,Free to Play,Indie",0,0,0
396090,"Indie,Simulation,Strategy",156,110,46
1521980,"Free to Play,RPG,Strategy",0,0,0
3540,Casual,831,794,37
1272900,"Adventure,Indie",0,0,0
678470,"Action,Indie,Simulation",2,1,1
694370,"Adventure,Indie",74,70,4
254590,"Indie,Simulation",280,104,176
2051840,"Adventure,Strategy",0,0,0
1634190,"Action,Indie",0,0,0
502430,Simulation,9,5,4
437690,"Action,Indie",43,37,6
1097650,"Action,Casual",1,0,1
1005240,"Action,Casual,Free to Play,Indie,Simulation,Sports,Strategy",12,12,0
709550,"Casual,Indie,Strategy",4,4,0
1097690,"Adventure,Indie,RPG",7,1,6
1418490,"Adventure,Indie",1,1,0
1342810,"Action,Indie",40,18,22
1895410,"Casual,Indie,Simulation,Strategy,Early Access",12,9,3
1297030,"Action,Adventure,Casual,Indie,Racing,Strategy,Early Access",2,2,0
495550,"Action,Casual,Sports",2,2,0
868190,"Casual,Indie",1,0,1
1091580,"Casual,Indie,Simulation",7,2,5
821800,Simulation,2,2,0
696170,Action,970,825,145
1024800,"Free to Play,Indie",5,5,0
1361150,"Action,Casual,Indie",1,1,0
762380,"Action,Adventure,Indie,RPG,Early Access",10,5,5
273570,Action,308,301,7
864300,"Casual,Indie",112,104,8
1862880,"Adventure,Casual,Free to Play,Indie",0,0,0
1781760,"Action,Adventure",0,0,0
343690,Action,16,6,10
429620,"Indie,RPG,Strategy",232,127,105
368160,"Casual,Indie",108,105,3
1146230,"Indie,Strategy",144,130,14
1179430,"Action,Casual,Indie,Early Access",0,0,0
1029940,"Casual,Indie",0,0,0
1209610,"Adventure,Indie",0,0,0
1361920,"Adventure,Indie,Strategy",44,39,5
1455780,"Action,Adventure,Indie,Strategy",12,10,2
560000,"Sexual Content,Nudity,Indie",147,140,7
1178230,"Adventure,Indie",45,35,10
794050,"Massively Multiplayer,Racing,Simulation,Sports",8,2,6
1173400,"Casual,Simulation",1167,1044,123
1550260,Action,23,18,5
1028570,Indie,342,288,54
374120,"Indie,Simulation,Early Access",5,0,5
407710,"Adventure,Casual,Indie,Simulation",46,30,16
513150,"Violent,Gore,Utilities",2,1,1
1663950,"Action,Adventure,Casual,Indie,RPG",15,10,5
616860,"Casual,Indie",2,1,1
1434490,Indie,23,17,6
697670,"Adventure,Casual,Indie",9,7,2
1897460,Adventure,10,10,0
682000,"Indie,Strategy",0,0,0
2620,Action,1933,1830,103
645090,"Casual,Indie",593,545,48
1069090,"Animation & Modeling,Design & Illustration,Utilities,Early Access",0,0,0
392150,"Indie,Racing,Sports,Early Access",4,2,2
1033640,Action,15,4,11
1561660,"Action,Adventure,Indie",10,8,2
736110,"Adventure,Indie",23,12,11
1853670,"Adventure,Casual,Free to Play,Indie,Massively Multiplayer,RPG",0,0,0
1659040,"Action,Adventure",2830,2083,747
667670,"Action,Indie",3,2,1
861940,"Action,Casual,Indie",0,0,0
1801030,"Action,Adventure,Indie",12,11,1
773490,"Casual,Indie,Strategy",0,0,0
1875800,"Casual,Indie",0,0,0
715810,"Action,Free to Play,Indie,Massively Multiplayer,RPG",0,0,0
1035830,"Casual,Indie",1,1,0
637060,"Adventure,Casual",60,46,14
1219010,"Casual,Indie,Simulation",0,0,0
498380,"Action,Indie",6,6,0
1594420,"Adventure,Casual,Indie,Simulation",0,0,0
553590,"Indie,Simulation,Sports",5,5,0
385260,"Action,Free to Play,Indie,Massively Multiplayer,RPG",0,0,0
251210,"Casual,Indie,Strategy",146,123,23
1871780,"Casual,Strategy",0,0,0
669000,"Indie,Strategy",3,0,3
738840,"Adventure,Free to Play,RPG,Strategy",0,0,0
1113650,"Adventure,Casual,Indie",1,0,1
1969840,"Casual,Indie",0,0,0
391440,"Casual,Indie,Simulation,Strategy",27,15,12
578850,"Action,Indie",246,226,20
1332890,"Action,Adventure,Indie,Simulation",20,18,2
1009220,"Adventure,Casual,Indie",0,0,0
780740,Adventure,3,3,0
544310,"Action,Indie,Racing",170,162,8
556840,Early Access,9,3,6
1602150,"Action,Adventure,Casual",4,2,2
313660,"Simulation,Strategy",50,34,16
1665270,"Action,RPG,Strategy,Early Access",0,0,0
1878010,"Indie,RPG,Simulation,Early Access",0,0,0
1086940,"Adventure,RPG,Strategy,Early Access",33337,29332,4005
968250,"Casual,Indie,Simulation,Early Access",561,506,55
1429210,"Action,Indie,RPG,Early Access",0,0,0
1369780,"Casual,Indie",0,0,0
1093800,"Casual,Indie,Racing,Simulation,Early Access",12,11,1
1091670,"Action,Casual,Indie",0,0,0
34280,Action,5,4,1
1329800,"Action,Casual,Free to Play,Indie",0,0,0
881110,"Casual,Indie",8,7,1
1086750,"Casual,Indie",28,24,4
531480,"Action,Indie",5,3,2
1554500,"Casual,Indie,RPG",0,0,0
1199360,"Indie,Racing,Simulation,Early Access",18,16,2
338080,Simulation,0,0,0
1616550,"Casual,Indie",0,0,0
1558020,"Casual,Indie,Strategy",10,4,6
1375940,Casual,0,0,0
1340120,"Casual,Simulation",94,89,5
1618330,"Action,Casual,Indie,Strategy",1,1,0
703800,"Casual,Indie,Simulation",1,1,0
454240,"Casual,Indie",2,2,0
1746630,"Casual,Indie",13,12,1
1062140,"Adventure,Indie,RPG",435,398,37
2024230,"Action,Casual,Early Access",328,296,32
1207850,"Simulation,Strategy,Early Access",25,10,15
522710,"Adventure,Indie",21,21,0
529150,"Indie,Strategy",27,27,0
774141,Adventure,19,15,4
455720,"Action,Adventure,Indie",5,3,2
1894770,"Action,Adventure,Indie",7,2,5
294020,"Adventure,Indie,RPG,Simulation,Strategy",155,95,60
1672280,"Casual,Indie,Simulation,Early Access",3,0,3
1368780,"Adventure,Casual,Indie",0,0,0
1756710,"Action,Adventure,Indie,RPG,Early Access",5,2,3
7220,Adventure,94,44,50
1125730,Casual,0,0,0
1374600,"Action,Adventure,Casual,Indie",0,0,0
404850,"Casual,Indie",6,6,0
1427860,"Adventure,Indie,Early Access",139,133,6
1768400,Adventure,0,0,0
1704550,"Action,Adventure,Casual,Free to Play,Indie",0,0,0
346750,"Casual,Free to Play,RPG,Simulation",1,1,0
1574910,"Casual,Indie",48,48,0
837940,"Action,Casual,Indie,Strategy",27,26,1
1641100,"Casual,Simulation",11,6,5
1378810,"Action,Adventure",3,1,2
675910,"Action,Adventure,Indie",11,10,1
1424080,"Adventure,Casual,Simulation,Strategy",7,6,1
349790,"Indie,RPG",174,110,64
1626600,"Adventure,Casual,Indie,RPG,Strategy",0,0,0
489020,RPG,95,52,43
882980,"Action,Adventure,Casual,Indie,RPG,Strategy",1,0,1
1566540,"Adventure,Casual,Indie,Simulation,Early Access",62,53,9
462100,"Action,Indie,Early Access",168,133,35
1254280,"Casual,Indie",2,1,1
1128840,Casual,6,3,3
324470,"Indie,Racing,Early Access",89,70,19
470450,"Action,Adventure,Indie,Strategy",14,11,3
1844290,"Adventure,Casual",1,1,0
1997910,"Action,Casual",2,2,0
689710,Casual,23,23,0
360510,"Action,Adventure,Indie,Simulation,Strategy",242,94,148
1310210,"Action,Casual,Indie,Massively Multiplayer",3,2,1
1343140,Indie,11,8,3
370460,Action,155,127,28
1197100,"Action,Adventure,Indie",6,4,2
696190,"Adventure,Casual,Indie",5,3,2
592030,"Action,Indie,Simulation",162,132,30
794600,"Action,Free to Play",2,2,0
1412820,Free to Play,0,0,0
396900,"Action,Indie,Racing",1774,1558,216
1067450,"Action,Adventure,Indie",3,2,1
604990,"Casual,Indie,Strategy",1,1,0
1092260,"Action,Casual,Sports",9,5,4
1499810,"Casual,Indie",0,0,0
890590,"Casual,Indie",6,6,0
1417720,"Action,Adventure,Casual,Indie,Strategy",29,25,4
740270,"Action,Casual,Free to Play,Indie,Early Access",0,0,0
236150,"Action,RPG,Simulation",2187,1583,604
466780,"Adventure,Casual,Strategy",14,6,8
1078080,"Indie,RPG",0,0,0
502210,"Casual,Indie",46,40,6
371500,"Action,Casual,Indie",185,161,24
1287150,"Action,Casual,Free to Play,Indie,Simulation,Sports,Early Access",0,0,0
992750,"Casual,Indie,Strategy,Early Access",0,0,0
757700,"Action,Casual,Indie",3,3,0
46750,"Adventure,Indie",134,78,56
1489850,"Action,Adventure,Indie",5,3,2
972510,"Casual,Free to Play,Indie,Simulation,Early Access",0,0,0
1868120,"Action,Free to Play,Indie,Massively Multiplayer",0,0,0
2011160,"Casual,Indie",1,1,0
1653970,"Casual,Free to Play,Indie,Simulation",2,2,0
1892620,"Indie,Simulation,Early Access",38,31,7
1781160,"Adventure,Casual,Indie,Simulation",0,0,0
1420690,"Adventure,Indie,Early Access",1,1,0
1100800,Action,47,46,1
783220,"Action,Casual,Indie",6,1,5
1257600,"Action,Casual,Indie",6,6,0
1443990,"Adventure,Indie",3,1,2
1566050,"Action,Indie",12,12,0
967460,"Action,Free to Play,Indie",0,0,0
849164,"Action,Adventure",0,0,0
375770,Adventure,15,11,4
948960,"Action,Indie",36,28,8
640890,"Action,Indie",17,14,3
1662920,"Adventure,Free to Play,Indie,Simulation",0,0,0
1559160,Simulation,24,13,11
1087780,"Action,Indie",18,14,4
420950,"Adventure,Indie,Simulation",75,57,18
1885030,"Action,Casual,Indie",1,1,0
681030,"Casual,Indie,Simulation",1,0,1
406860,"Adventure,Indie",62,40,22
1891740,"Action,Adventure,Indie",5,3,2
612740,"Adventure,Indie",56,39,17
549400,"Simulation,Strategy",27,19,8
733230,Action,3,0,3
746040,"Action,Adventure,Indie,RPG,Simulation,Early Access",50,30,20
1738850,"Casual,Indie",0,0,0
1708470,"Action,Adventure,Indie,RPG,Simulation",7,1,6
1053330,"Action,Casual,Indie",3,2,1
925090,"Action,Simulation",7,4,3
289620,"Action,Adventure",107,53,54
1395000,Casual,2,1,1
1482610,"Action,Indie",1,1,0
493900,"Simulation,Strategy",4386,4073,313
549850,"Action,Casual",38,32,6
852250,"Action,Casual,Free to Play,Indie",0,0,0
1833040,"Casual,Indie",0,0,0
683210,"Action,Indie",6,3,3
980610,"Casual,Free to Play,Indie,Early Access",0,0,0
845170,Casual,0,0,0
1560320,"Casual,Indie,Sports",1,1,0
1506520,"Action,Adventure,Indie",3,3,0
1947970,"Action,Casual,Free to Play,Indie",0,0,0
1523420,"Adventure,Casual,Indie,Early Access",0,0,0
1806340,"Indie,Audio Production,Early Access",0,0,0
1990680,"Adventure,Casual,Indie",0,0,0
588720,Education,1,0,1
1083600,"Casual,Free to Play,Indie,Simulation",0,0,0
747640,"Action,Adventure,Casual,Indie",7,6,1
1989290,"Action,Adventure,Indie",0,0,0
1062020,"Adventure,Casual,Indie",5,3,2
554980,"Adventure,Casual,Indie",5,3,2
1009890,Indie,0,0,0
418190,"Casual,Indie,RPG",371,341,30
347060,"Simulation,Sports",30,11,19
1123030,"Casual,Indie",17,15,2
1087530,RPG,2,0,2
806530,"Action,Adventure,Indie,RPG",38,26,12
883330,"Action,Adventure",7,5,2
860270,"Action,Massively Multiplayer,RPG",0,0,0
1636910,Casual,5,5,0
822870,"Violent,Gore,Action,Adventure,Indie,Simulation,Early Access",0,0,0
1355070,"Adventure,Early Access",0,0,0
1652480,"Adventure,Casual,Indie",0,0,0
1095040,"Adventure,Indie,RPG",136,104,32
1704530,"Adventure,Indie,Simulation",4,0,4
726520,"Casual,Indie,Simulation",1,1,0
1035120,"Action,Adventure,Indie",1257,1024,233
529700,Sports,54,52,2
704880,"Action,Indie",30,18,12
1425140,"Action,Adventure,Casual,Indie",5,5,0
792410,"Casual,Indie",23,20,3
1740720,"Action,Indie,Early Access",1745,1571,174
1206810,"Action,Casual,Indie",7,6,1
590690,"Action,Indie,Racing,Sports",463,395,68
1384740,Adventure,0,0,0
1670210,"Action,Casual,Strategy",3,3,0
1831520,"Action,Adventure,Indie",0,0,0
1758080,Strategy,6,1,5
1294220,Simulation,0,0,0
1879720,Action,2,2,0
909200,"Adventure,Indie",1,1,0
897630,"Adventure,Indie",24,16,8
1288940,"Casual,Indie,Simulation,Early Access",2,2,0
298380,"Adventure,Casual,Indie,Simulation",5,2,3
849167,"Action,Adventure",0,0,0
888150,Action,0,0,0
907250,Action,5,2,3
23150,"Casual,Indie",13,8,5
601530,"Adventure,Casual,Indie",336,308,28
1097550,"Adventure,Casual,Indie,RPG,Strategy",5,3,2
1661210,"Indie,Simulation",0,0,0
1354070,"Action,Indie",0,0,0
1220460,"Adventure,Indie",2,2,0
415990,"Casual,Indie",17,14,3
618080,"Free to Play,Indie,Strategy",0,0,0
265690,"Adventure,Indie",515,415,100
971120,Indie,75,52,23
574740,"Adventure,Free to Play,Indie",0,0,0
348840,"Indie,Strategy",0,0,0
1831060,Casual,14,14,0
1360190,"Casual,Free to Play,Indie,RPG",0,0,0
823650,"Adventure,Casual,Indie",2,2,0
542960,Indie,0,0,0
1485100,Simulation,205,171,34
1848470,"Action,Adventure",0,0,0
1028130,"Action,Indie",32,17,15
1025430,"Action,Indie",1,0,1
258590,"Action,Adventure",237,167,70
1088070,"Adventure,Indie",13,10,3
1525040,"Adventure,Indie",14,8,6
1239000,"Casual,Indie,Strategy",11,10,1
851180,"Action,Adventure,Indie",94,79,15
467350,"Action,Adventure,Strategy",4,2,2
1499030,"Adventure,Indie,RPG",0,0,0
1574200,"Action,Indie",5,5,0
1000550,"Casual,Indie",8,4,4
384570,"Action,Adventure,RPG",210,135,75
1183580,"Adventure,Indie,RPG",30,22,8
1788560,Simulation,3,3,0
1236450,"Adventure,Casual,Indie",4,3,1
1379550,Indie,10,6,4
1357020,"Casual,Indie,Simulation,Strategy",0,0,0
1144370,"Action,Adventure,Indie",8,6,2
1719180,"Adventure,Indie,Simulation",101,100,1
1576910,"Action,Adventure,Strategy",17,5,12
1692480,"Action,Indie",0,0,0
349270,"Adventure,Indie",113,85,28
870990,"Adventure,Casual,Indie,RPG",5,2,3
246800,"Action,Indie",5,4,1
1779630,"Action,Adventure,Casual,Indie,Strategy",2,2,0
526240,"Action,Adventure,Casual,Indie,Early Access",36,29,7
1773320,Casual,35,30,5
1208980,"Action,Adventure,Indie,RPG",5,4,1
1625080,"Free to Play,Indie,RPG",0,0,0
19800,Action,348,297,51
793220,"Adventure,Indie",14,11,3
456750,"Adventure,Indie",3942,3787,155
668610,"Action,Indie,Strategy",4,3,1
1304680,"Action,Adventure,Indie,Early Access",661,647,14
576160,"Adventure,Casual,Indie",17,16,1
709850,"RPG,Early Access",0,0,0
517510,"Action,Indie",8,6,2
1055460,"Action,Indie",0,0,0
571080,"Casual,Indie,Racing",1,1,0
673830,Racing,12,7,5
367060,"Action,Indie",9,7,2
1834820,Indie,28,25,3
530920,Indie,135,106,29
859420,"Action,Adventure,Indie,Early Access",1,1,0
597040,"Indie,Racing",20,9,11
823600,"Free to Play,Strategy",0,0,0
1714960,"Indie,Simulation,Strategy",0,0,0
848050,"Racing,Simulation,Sports,Early Access",70,68,2
1025820,Accounting,0,0,0
1646810,"Action,Adventure,Indie",2,2,0
673850,"Adventure,Indie",156,136,20
1420330,"Indie,Simulation",5,2,3
401360,"Action,Adventure,Indie",228,167,61
1798910,"Action,Adventure,Indie",4,3,1
1989920,"Action,Adventure,Indie,RPG",0,0,0
724070,"Utilities,Early Access",11,7,4
850340,Casual,1,1,0
1573350,"Adventure,Casual,Indie,Simulation",3,2,1
1779730,Action,0,0,0
1233250,"Action,Casual,Indie",6,6,0
1091690,"Action,Adventure,Indie",0,0,0
1163830,"Action,Casual,Indie,Strategy",0,0,0
592270,"Action,Indie",15,15,0
359070,"Adventure,Casual,Indie",11,4,7
1869280,"Indie,Strategy,Early Access",2,2,0
345200,"Action,Adventure,Casual,Indie",211,189,22
1268990,"Action,Casual,RPG,Simulation",0,0,0
1568290,"Action,Adventure,Indie",0,0,0
819090,"Casual,Indie,Strategy,Early Access",0,0,0
512770,"Action,Indie",5,5,0
957680,"Action,Indie",8,8,0
1496430,"Casual,Indie",5,4,1
787810,"Action,Adventure,Indie,RPG",819,665,154
31210,"Adventure,RPG",51,45,6
257870,"Adventure,Indie,RPG",47,33,14
1186730,"Adventure,Casual,Indie",4,4,0
521720,RPG,4,1,3
747360,"Adventure,Indie",252,209,43
971900,"Indie,Simulation,Sports,Strategy",5,1,4
1389880,Indie,1,0,1
316750,Casual,195,52,143
1222340,"Action,Adventure,Indie",17,16,1
1159610,"Casual,Indie,Strategy",3,3,0
1089800,"Action,Indie,Strategy",1,0,1
679550,Photo Editing,3,2,1
576730,"Action,Indie",10,7,3
788190,"Action,Casual,Indie",4,1,3
1005400,Racing,95,89,6
1188260,"Casual,Indie,RPG,Strategy",65,44,21
1257950,"Action,Racing",2,2,0
405650,"Action,Indie",43,32,11
1381770,"Action,Indie,RPG",1,1,0
1399280,Indie,0,0,0
1401360,"Indie,Strategy",1,1,0
1740730,"Action,Adventure,Casual,Free to Play,Indie,RPG",0,0,0
689580,"Software Training,Utilities",0,0,0
384930,"Action,Indie",6,2,4
1628850,"Action,Casual,Free to Play,Indie",0,0,0
1501110,"Action,Indie,Sports",1,0,1
1606640,"Adventure,Indie,RPG,Strategy",0,0,0
1366610,"Action,Casual,Indie,RPG,Simulation,Early Access",11,10,1
1274960,Utilities,4,0,4
626700,"Casual,Free to Play",0,0,0
1078490,"Action,Adventure,Indie",13,8,5
523960,"Action,Free to Play,Indie",0,0,0
941630,"Casual,Indie",2,2,0
602790,"Action,Adventure,Casual,Indie,RPG",9,5,4
1031480,Indie,201,197,4
308000,"Action,Adventure",42,36,6
1834690,Action,0,0,0
1243830,"Casual,Indie,Simulation,Strategy",393,300,93
868400,Audio Production,5,3,2
1597090,"Action,Adventure,Indie",1,0,1
877070,"Action,Indie",0,0,0
1808130,"Adventure,Casual",72,70,2
1314630,Casual,27,18,9
1760020,"Action,Indie",28,27,1
533170,Indie,67,24,43
459310,"Adventure,Indie,RPG",102,63,39
618720,"Adventure,Casual,Indie",407,381,26
735810,"Free to Play,Indie,Racing,Simulation",0,0,0
1561670,"Action,Adventure,Indie",1,1,0
286100,"Action,Indie",28,27,1
1325030,"Adventure,Casual",2,0,2
531960,"Action,Free to Play,Indie",14,9,5
849560,"Adventure,Indie,RPG",14,10,4
1205950,"Adventure,Casual,Indie,RPG,Early Access",367,301,66
1695510,"Action,Casual",2,1,1
1132640,"Casual,Indie,Early Access",1,1,0
282140,"Action,Adventure,Indie",15028,14387,641
809450,"Action,Adventure,Free to Play,Indie,RPG,Strategy,Early Access",5,1,4
727850,"Action,Indie",992,880,112
1783530,"Animation & Modeling,Design & Illustration,Education,Software Training,Video Production,Web Publishing",26,17,9
1007240,"Indie,Simulation",5,2,3
600410,"Action,Free to Play,Indie",0,0,0
1432480,"Action,Indie,RPG",6,6,0
1128970,"Adventure,Indie,RPG,Strategy,Early Access",13,9,4
640150,"Adventure,Free to Play,Indie,RPG,Early Access",0,0,0
248970,"Action,Indie",220,190,30
346670,"Action,Indie,Strategy",9,6,3
1894940,"Action,Adventure,Indie,Racing,Simulation,Early Access",2,0,2
1390860,"Action,Free to Play,Indie",0,0,0
308060,"Action,Adventure,Indie",261,204,57
1101060,"Adventure,Indie,RPG",0,0,0
1432630,"Action,Casual,Indie",1,0,1
1674620,Casual,41,32,9
2074690,Action,11,11,0
774561,"Action,Adventure,Indie",35,26,9
565550,Action,89,64,25
664120,"Casual,Indie,Simulation,Strategy",10,2,8
1645570,Casual,6,6,0
656220,"Adventure,Indie",3,0,3
1352330,"Casual,Free to Play,Simulation",0,0,0
912920,"Action,Casual,Indie,Strategy,Early Access",20,19,1
1041020,"Action,Adventure,Casual,Simulation",0,0,0
1569180,"Action,Adventure,Indie,RPG",8,8,0
859050,"Action,Casual,Indie",1,1,0
1370680,"Adventure,Indie,Strategy,Early Access",1,1,0
764510,"Casual,Simulation,Strategy",84,71,13
886540,RPG,0,0,0
1262170,"Action,Adventure,Free to Play,Indie,Sports,Early Access",0,0,0
1635210,Indie,2,1,1
854830,"Casual,Indie",11,10,1
781990,"Free to Play,Indie,Strategy",0,0,0
325420,"Action,Indie,Racing,Simulation,Early Access",635,468,167
1111110,"Casual,Indie,Simulation,Strategy",1,0,1
1828780,"Adventure,Casual,Simulation",1,1,0
417900,"Adventure,Casual,Indie",10,8,2
572700,Adventure,100,92,8
905670,"Adventure,Casual,Indie,RPG,Simulation",0,0,0
1218930,"Action,Adventure,Indie",0,0,0
945680,"Adventure,Indie,Strategy",74,48,26
879520,"Action,Adventure,Indie",4,4,0
1243200,"Action,Casual,Indie,Early Access",101,89,12
735110,"Action,Adventure,Indie,RPG",4,1,3
372000,"Free to Play,Massively Multiplayer,RPG",3142,1841,1301
755560,"Action,Adventure,Indie,Sports",6,5,1
1252160,"Action,Adventure,Casual,Free to Play,Indie",2,2,0
1575730,"Adventure,Indie",10,10,0
683760,"Casual,Indie,RPG",12,9,3
292570,"Action,Indie",53,40,13
886070,"Casual,Indie",62,57,5
1624940,Casual,2,1,1
843500,"Action,Indie,Simulation,Strategy,Early Access",0,0,0
884240,"Adventure,Casual,Indie",5,5,0
753200,"Simulation,Education",27,23,4
892780,Indie,27,25,2
736190,"Casual,Indie,RPG,Simulation",1289,1197,92
1910590,Indie,3,3,0
808120,"Action,Indie",3,2,1
1030210,"Action,Adventure,RPG",4506,2343,2163
792900,"Violent,Action",3,1,2
581060,"Indie,Simulation,Strategy",2,2,0
3530,Casual,47,39,8
46500,"Adventure,Casual",1077,912,165
898520,Video Production,0,0,0
1041650,"Action,Adventure,Indie,Early Access",1,1,0
1077450,"Action,Adventure,Indie,RPG",130,127,3
981660,"Adventure,Simulation",4,2,2
860620,"Action,Adventure,Indie,Simulation",86,33,53
1638530,"Design & Illustration,Game Development",2,1,1
373390,"Adventure,Indie,RPG,Strategy",2068,1974,94
1777980,"Action,Adventure,Indie,Early Access",1,1,0
456440,"Adventure,Casual,Indie,RPG",2,1,1
738270,"Indie,Simulation",37,26,11
1768350,Casual,5,3,2
1298080,"Adventure,Indie",29,27,2
47880,Action,154,152,2
434800,"Action,Casual,Indie",6,1,5
1282880,"Casual,Indie",1,1,0
536900,"Adventure,Casual,Indie",9,8,1
516650,"Adventure,Casual,Indie",10,6,4
529830,"Animation & Modeling,Design & Illustration",65,44,21
857700,"Violent,Action,Casual,Indie,Simulation",4,2,2
468920,"Casual,Simulation,Sports",1599,1425,174
1274560,"Adventure,Casual,Indie,RPG,Early Access",1,1,0
1185480,"Action,Adventure,Casual,Indie,Simulation",4,4,0
307990,"Casual,Indie,Simulation,Strategy",44,22,22
938520,"Adventure,Casual,Indie,Strategy",3,1,2
1686860,"Action,Adventure,Casual",4,4,0
398140,"Violent,Gore,Adventure,Indie,RPG",18,8,10
252910,Simulation,207,25,182
1602990,"Casual,Indie",5,5,0
1384670,"Adventure,Casual",4,4,0
1103640,"Adventure,Indie",2,2,0
555000,"Action,Early Access",284,258,26
1544460,"Adventure,Indie",8,7,1
1115060,"Adventure,Indie",3,1,2
1133610,"Indie,RPG",0,0,0
1657290,"Adventure,Casual,Indie",6,5,1
819650,"Casual,Indie,Simulation",38,17,21
768550,"Violent,Gore,Action,Indie,Simulation,Sports,Early Access",9,6,3
702050,"Adventure,Simulation",775,707,68
1571730,"Action,Casual,Indie",0,0,0
434650,"Action,Adventure,Indie,RPG",1242,990,252
361420,"Adventure,Indie",38371,35042,3329
993640,"Casual,Indie,Simulation",17,11,6
1225560,"Action,Adventure",788,705,83
1098210,"Indie,Simulation,Sports,Strategy",105,74,31
1281920,"Action,Adventure,Indie,RPG",1,1,0
211360,"Adventure,Indie",99,89,10
1413210,"Casual,Indie,Simulation",13,13,0
1351310,"Action,Casual,Indie",1,1,0
1743220,Casual,5,5,0
1746650,"Casual,Simulation",18,10,8
978710,"Adventure,Casual,Indie,Early Access",1,1,0
1457730,"Action,Adventure,Casual,Indie,RPG,Simulation",0,0,0
713420,"Action,Adventure",28,19,9
1345740,"Adventure,Casual,Simulation",12,12,0
1547110,"Action,Indie",7,3,4
70120,Indie,129,31,98
1615750,"Action,Adventure",0,0,0
1551290,"Action,Indie",4,4,0
1696040,"Adventure,Casual",7,4,3
1446640,"Indie,Early Access",2,0,2
1055000,"Action,Indie,RPG",3,0,3
1173790,RPG,768,733,35
358810,"Action,Adventure,Indie",57,44,13
1882040,"Adventure,Indie,RPG,Simulation,Strategy,Early Access",23,21,2
386940,"Action,Casual,Indie",8488,8240,248
1924010,"Indie,Strategy,Early Access",20,18,2
1273440,"Massively Multiplayer,Racing,Simulation,Sports,Early Access",186,152,34
884770,"Casual,Indie",5,3,2
927840,"Action,Adventure,Indie",20,16,4
1631540,"Action,Adventure,Indie",13,13,0
1380390,"Action,Adventure,Indie",339,325,14
595320,"Action,Indie,Simulation",78,12,66
1699980,RPG,2,2,0
712730,"Adventure,Indie,Simulation",1650,1561,89
1354540,"Action,Indie,RPG",16,14,2
1550800,"Action,Adventure,Indie",0,0,0
1822040,"Casual,Indie",5,2,3
1113060,"Casual,Indie,Strategy",7,5,2
866130,Video Production,0,0,0
496030,"Adventure,Casual",13,11,2
1309890,"Casual,Indie",8,4,4
1672680,"Action,Casual,Indie,Simulation,Sports,Early Access",0,0,0
1824710,"Action,Adventure,Free to Play,Indie,RPG",0,0,0
1462640,"Casual,Simulation,Strategy,Early Access",1,1,0
1537850,Indie,1,1,0
527040,"Action,Adventure,Casual,Indie,RPG,Strategy",2,0,2
732370,"Action,Adventure,Casual,Indie,RPG",239,199,40
543910,"Adventure,Casual,RPG,Strategy",5,5,0
1699960,Indie,2,2,0
614900,"Action,Casual,Indie",17,10,7
35720,"Action,Adventure,Indie",5299,5051,248
523000,Simulation,383,356,27
931620,"Action,Adventure,Indie",3,3,0
1334700,"Adventure,Indie,RPG",162,157,5
595560,"Adventure,RPG",51,48,3
739890,"Action,Casual,Indie",0,0,0
1518370,"Action,Adventure",0,0,0
238240,"Action,Adventure,Indie,RPG",1557,500,1057
1922880,"Casual,Indie",10,10,0
1105430,"Action,Indie",10,8,2
11020,Racing,49,42,7
1356610,"Adventure,Casual",3,3,0
512470,"Action,Adventure,Free to Play,Indie,Simulation,Strategy",36,28,8
1481400,"Adventure,Free to Play,Indie",50,50,0
307690,"Action,Adventure,Racing",17047,16081,966
531240,"Action,Adventure,Indie",3,2,1
982400,Adventure,1,1,0
1392030,"Indie,Simulation,Sports,Strategy",39,22,17
620670,"Action,Indie,Early Access",10,9,1
1742690,"Action,Adventure,Indie,RPG,Early Access",3,0,3
1620,Strategy,0,0,0
699240,"Action,Casual,Indie,Simulation",13,9,4
696110,"Casual,Indie,Simulation,Strategy",12,5,7
1090530,"Action,Casual,Indie,Strategy",0,0,0
405500,"Action,Indie,Sports",121,91,30
328940,Indie,171,99,72
1911600,"Action,Adventure,Indie,Strategy",3,3,0
1735850,"Action,Indie",1,1,0
1878050,"Adventure,Indie",0,0,0
578320,"Adventure,Casual",15,15,0
856130,"Action,Adventure,Indie,RPG,Simulation,Sports,Strategy",57,30,27
771240,Action,45,42,3
1202360,Education,1,1,0
1104620,"Action,Strategy",6,5,1
1443760,"Action,Casual,Sports",0,0,0
1919150,Free to Play,0,0,0
591460,"Simulation,Strategy",1571,1488,83
1679770,"Casual,Indie",0,0,0
1024490,"Casual,Indie,Simulation,Strategy",4,3,1
1261060,"Design & Illustration,Utilities",15,10,5
1687940,"Adventure,Indie,RPG,Strategy,Early Access",1,1,0
1973080,"Simulation,Early Access",25,20,5
920520,"Casual,Indie,Strategy",47,39,8
1568580,"Action,Adventure,Casual,Indie,RPG,Strategy",3,3,0
1207780,"Action,Adventure,Casual,Indie",577,509,68
576790,"Animation & Modeling,Early Access",5,4,1
1447050,"Action,Adventure,Casual,Indie",9,9,0
1606270,Casual,5,5,0
1780310,Indie,0,0,0
1394520,"Adventure,Casual,Indie,Strategy,Early Access",21,19,2
581650,Simulation,9,7,2
819780,Indie,11,11,0
1250300,"Indie,Simulation,Early Access",27,26,1
781130,"Casual,Indie,Simulation,Strategy",78,62,16
1139940,RPG,578,528,50
299160,Adventure,62,51,11
1408630,Action,3,2,1
799210,"Indie,Strategy,Early Access",1,0,1
1740600,"Action,Adventure",1,1,0
972160,Casual,21,19,2
1803920,"Casual,Indie",1,1,0
1006850,"Animation & Modeling,Utilities,Early Access",14,7,7
1730760,"Casual,Indie,Strategy",4,4,0
1546100,"Adventure,Casual,Indie",28,26,2
1178020,Adventure,2,0,2
384840,"Adventure,Indie,Simulation",34,9,25
1880180,"Casual,Indie",0,0,0
1884850,"Action,Casual,Indie,Early Access",2,2,0
465540,"Action,RPG",15,7,8
724600,"Action,Indie",0,0,0
1108620,"Adventure,Indie",34,26,8
278810,"Action,Adventure,Indie,Strategy",83,48,35
696220,"Action,Early Access",595,450,145
1204800,"Action,Adventure,Casual,Free to Play,Indie",0,0,0
751240,"Action,Early Access",112,62,50
1085340,Indie,6,5,1
1037010,Casual,6,4,2
1036490,"Action,Casual,Indie",24,24,0
382940,Action,0,0,0
867960,"Action,Indie",61,45,16
1057790,Indie,0,0,0
368970,"Adventure,Indie",5,3,2
1677840,"Adventure,Casual,Strategy",1,1,0
1236350,Action,0,0,0
1509590,"Free to Play,Indie",0,0,0
1829200,"Adventure,Indie",0,0,0
1040370,"Action,Casual,Indie,Sports",2,2,0
1311440,"Adventure,Indie",0,0,0
1795960,"Action,Adventure,Casual,Strategy",7,5,2
833470,"Adventure,Casual,Indie,Sports,Strategy",8,7,1
690040,"Action,Indie",4151,3523,628
1832250,"Adventure,Casual",3,3,0
1489500,"Action,Adventure,Strategy",86,78,8
1402740,"Action,Indie",1,1,0
916480,"Action,Casual,Free to Play,Indie,Sports,Early Access",0,0,0
2056570,"Casual,Free to Play,Indie,Strategy",0,0,0
832710,RPG,34,26,8
749730,"Action,Indie,Early Access",13,12,1
612570,"Indie,Strategy",351,272,79
777420,"Adventure,Casual,Indie,RPG,Simulation,Early Access",9,5,4
907920,"Adventure,Casual,Indie,RPG",0,0,0
1561890,"Action,Adventure,Casual,Indie",72,62,10
799800,"Casual,Indie",29,25,4
1391690,"Action,Free to Play,Indie",0,0,0
837330,"Adventure,Indie,RPG",6,6,0
1601840,"Casual,Simulation",0,0,0
1087480,Adventure,0,0,0
650110,Simulation,79,48,31
1731880,"Action,Sports,Early Access",0,0,0
378240,"Adventure,Indie",6,3,3
1393310,"Adventure,Indie",9,9,0
1284110,"Adventure,Casual",18,18,0
1549060,"Action,Adventure,Casual",30,26,4
713500,"Racing,Simulation,Sports,Early Access",9,3,6
550820,Casual,2,2,0
1836880,"Indie,RPG",5,5,0
51000,"Adventure,Casual",48,37,11
1313340,"Action,Adventure,Casual,Indie,RPG,Early Access",3,3,0
444710,"Action,Indie",18,18,0
761040,"Indie,RPG,Strategy,Early Access",5,5,0
1747150,Casual,0,0,0
1524230,Adventure,1,0,1
1737130,"Action,Adventure,Casual",3,3,0
1176080,Education,0,0,0
952680,"Adventure,Indie",2,0,2
1610020,"Adventure,Indie,Racing,Simulation",6,3,3
1367020,"Casual,Free to Play,Strategy,Early Access",0,0,0
1387320,"Adventure,Casual,Indie,Strategy",1,1,0
595660,"Indie,Strategy",29,23,6
814230,"Action,Casual,Indie,Sports",1,1,0
814210,"Adventure,Casual,Indie,Simulation",2,1,1
529590,"Adventure,Casual,Indie",367,298,69
339440,"Action,Indie,Early Access",158,138,20
1754390,"Adventure,Casual",4,2,2
1160360,"Adventure,Indie",151,85,66
1592610,Indie,0,0,0
1743180,Action,0,0,0
1069540,"Action,Adventure,Casual,Indie,Simulation",4,2,2
1294380,"Adventure,Casual,Indie,RPG",0,0,0
580200,"Adventure,Indie",1366,1113,253
1665610,"Action,Adventure,Indie",4,4,0
562250,"Indie,RPG,Strategy",62,51,11
1543620,"Adventure,Casual,Indie,Strategy",1,1,0
1721170,"Adventure,Casual,Indie",97,95,2
826550,"Action,Adventure,Casual,Indie,Racing,Simulation,Sports",0,0,0
958360,"Action,Adventure,Indie",0,0,0
679930,"Action,Adventure,Casual,Indie",5,3,2
1161360,"Casual,Indie",31,31,0
201810,Action,19543,17375,2168
915020,"Action,Adventure,Casual,Indie,Racing,RPG,Simulation,Sports,Strategy",3,3,0
1163990,Indie,2,1,1
387240,"Action,Indie,RPG,Strategy",30,27,3
537380,"Casual,Indie",0,0,0
625690,"Action,Adventure,Indie,RPG",3,3,0
827830,"Adventure,Indie",14,12,2
619480,"Action,Indie",1,1,0
1690290,"Casual,Indie",2,2,0
1446280,Casual,29,29,0
905800,"Action,Casual,Indie",8,5,3
1659810,"Casual,Free to Play,Simulation,Early Access",0,0,0
265000,"Action,Indie,RPG,Strategy",318,258,60
214170,RPG,1075,918,157
1182280,"Casual,Indie,Racing,Sports",2,2,0
238630,"Action,Indie",119,90,29
410710,"Action,Adventure,RPG",907,830,77
916100,"Action,Indie",29,21,8
1605120,"Adventure,Casual,Indie,Racing,Sports",0,0,0
1545570,"Adventure,Indie",0,0,0
1018000,"Action,Casual",72,39,33
299260,"Action,Indie,Strategy",9,7,2
914070,"Indie,Simulation",6,2,4
503460,Indie,20,12,8
1507630,Adventure,0,0,0
488080,Casual,1,1,0
311400,"Action,Casual,Indie,Racing,Simulation",257,81,176
468080,"Adventure,Indie",2,1,1
390340,Action,372,144,228
1547380,"Action,Adventure,Indie",91,77,14
1332150,"Casual,Indie,Strategy",2,2,0
620940,"Casual,Indie",22,21,1
1511140,"Casual,Indie,Simulation,Early Access",32,32,0
1271840,Simulation,3,3,0
338800,"Indie,Simulation,Strategy",154,125,29
810720,"Action,Casual,Indie",2,2,0
1982750,"Free to Play,Massively Multiplayer,Simulation,Sports",0,0,0
906750,"Action,Adventure,Indie",1,0,1
1094630,"Action,Casual,Indie",0,0,0
1824070,"Action,Casual,Indie",2,0,2
1989940,Casual,1,1,0
993890,"Casual,Indie",4,4,0
951830,"Adventure,Indie,RPG,Strategy,Early Access",17,16,1
537760,"Casual,Indie",6,5,1
1208830,"Free to Play,Simulation,Strategy",0,0,0
812090,"Adventure,Indie",6,6,0
637100,"Action,Adventure",2682,1568,1114
1168430,"Adventure,Casual,Indie,RPG,Simulation,Strategy",1,1,0
1004500,"Action,Casual,Indie,Strategy",3,3,0
1727090,"Indie,Racing,Sports",0,0,0
836540,"Adventure,Casual,Indie",8,7,1
487120,"Action,Adventure,Indie,Massively Multiplayer,RPG",2934,1924,1010
1444480,"Simulation,Early Access",644,601,43
1775770,Racing,7,6,1
1393830,"Adventure,Free to Play,Indie,Early Access",0,0,0
1533300,"Casual,Indie,Simulation",9,9,0
1628940,"Action,Adventure,Casual,Indie,RPG,Simulation,Sports",9,5,4
1115660,"Adventure,Simulation",0,0,0
1679590,"Adventure,Indie,RPG",0,0,0
769910,"Casual,Indie,Simulation",10,9,1
491280,"Action,Racing,Simulation,Sports",185,76,109
570980,"Action,Adventure,Indie,Early Access",6,4,2
453890,"Adventure,Free to Play,Indie",12,10,2
1048270,"Casual,Indie",15,10,5
514970,"Casual,Indie,Racing,Simulation",21,8,13
1000980,"Action,Adventure,Indie",0,0,0
1083410,"Action,Adventure,Indie",1,0,1
1414290,Casual,3,1,2
519550,"Action,Sports",1,0,1
1643280,"Adventure,Casual,Indie",9,9,0
1729150,"Action,Adventure,Indie,RPG",12,11,1
246840,"Action,Adventure,RPG",2112,2016,96
951160,"Casual,Indie",2,1,1
916780,"Action,Indie",3,2,1
1393410,"Adventure,Casual,Indie,RPG,Strategy",60,53,7
1526680,"Simulation,Strategy",6,5,1
376770,Casual,30,27,3
1454080,"Action,Casual,Indie,Sports",7,7,0
895760,"Action,Adventure,Casual,Indie,Early Access",8,8,0
1857870,Action,2,2,0
722540,"Casual,Simulation,Early Access",15,7,8
894750,"Casual,Indie",4,1,3
602270,"Action,Adventure,Indie,RPG",2,1,1
1443450,"RPG,Strategy",7,2,5
538110,Indie,0,0,0
385030,RPG,19,19,0
1119620,"Casual,Free to Play,Indie,Racing",0,0,0
1635150,"Action,Casual,Indie",1,1,0
752000,"Action,Casual,Indie",2,1,1
582330,"Casual,Indie,RPG,Strategy",362,326,36
817200,"Adventure,Casual,Indie,RPG,Simulation",7,3,4
1124310,"Action,Adventure,Casual,Indie",1,1,0
1189630,"Indie,RPG,Early Access",601,534,67
970710,"Casual,Indie",11,6,5
1561520,"Casual,Indie,Simulation,Strategy",18,7,11
1292040,"Action,Adventure,Massively Multiplayer,Simulation,Sports",1578,1372,206
748610,"Adventure,Casual,Simulation",90,76,14
1267540,"Racing,Simulation,Sports",61,52,9
1558490,"Action,Adventure,Indie,RPG",42,38,4
1187840,"Action,Adventure,Casual,Indie",20,15,5
2003750,"Action,Free to Play,Indie,RPG,Strategy",0,0,0
533080,"Adventure,Casual",8,5,3
993810,"Action,Indie",2,2,0
1401560,"Indie,RPG,Strategy",35,24,11
859200,"Action,Indie,RPG",3,3,0
1689060,Casual,1,1,0
703180,Action,59,45,14
782190,"Casual,Simulation",3,2,1
918450,"Adventure,Casual,Indie,Simulation,Strategy",1,1,0
1812580,"Action,Free to Play,Indie,Strategy",3,3,0
1599470,"Adventure,Indie,RPG",82,81,1
1018160,"Racing,Simulation,Sports",294,253,41
1145580,"Action,Massively Multiplayer,Strategy",1,0,1
1173410,"Adventure,Casual,Indie",234,161,73
1376300,"Adventure,Casual,Indie",6,3,3
1905420,Sports,0,0,0
1139680,"Casual,Indie,Simulation,Early Access",3,3,0
406920,"Action,Adventure,Indie",21,20,1
773090,"Adventure,Indie",68,49,19
1557700,"Adventure,Indie",11,9,2
1522470,"Adventure,Indie,RPG,Strategy",6,6,0
854950,"Casual,Indie,Strategy",1,1,0
1103100,"Casual,Indie",138,111,27
1254950,"Action,Adventure,Free to Play,Indie",0,0,0
1286280,"Action,Adventure,Indie",123,119,4
1231580,"Casual,Indie,Simulation",12,7,5
1432970,"Action,Indie",10,10,0
1815190,Indie,1,0,1
425310,"Action,Adventure",12,5,7
850000,"Adventure,Indie,RPG",110,101,9
897760,"Adventure,Indie,RPG",14,14,0
1949700,"Action,Indie,Strategy",1,1,0
17140,"RPG,Strategy",149,117,32
296910,"Action,Casual,Indie",358,250,108
1799160,"Casual,Indie,Strategy",20,18,2
1437880,"RPG,Simulation,Strategy",20,14,6
1320510,"Adventure,Casual,Simulation",1,1,0
980600,"Casual,Indie,Strategy",4,4,0
853480,"Indie,Simulation",25,19,6
1775730,Indie,3,2,1
1701670,"Action,Adventure,RPG",12,12,0
1986840,RPG,555,546,9
1504220,"Adventure,Indie,Strategy",10,10,0
39520,"Simulation,Strategy",156,98,58
546030,"Casual,Indie,Simulation,Sports,Strategy",7,3,4
1008430,"Action,Casual,Indie",1,1,0
786950,"Casual,Indie",2,2,0
339250,"Action,Indie,RPG,Strategy",14,9,5
923080,Indie,2,2,0
1669030,"Indie,Strategy",0,0,0
1808120,"Casual,Free to Play",5,5,0
877300,"Adventure,Casual,Indie",1,1,0
1590160,"Action,Indie,RPG,Early Access",44,33,11
1014140,"Casual,Indie",112,106,6
493670,"Action,Indie",4,4,0
1478630,"Indie,Sports",2,0,2
1128180,Indie,65,59,6
739950,"Action,Casual,Indie",4,4,0
1140520,Indie,3,3,0
1067860,"Indie,Simulation,Strategy,Early Access",266,198,68
1503670,"Action,Adventure,Casual,Indie,Simulation,Strategy",120,98,22
1444190,"Adventure,Casual,Indie",13,11,2
1444390,"Casual,Indie,Strategy",0,0,0
1565790,Action,0,0,0
1252780,"Action,Free to Play,Strategy",3,3,0
574940,"Action,Adventure,Indie",71,61,10
927730,"Design & Illustration,Utilities",67,45,22
1779990,"Adventure,Casual,Indie",16,14,2
1895640,Casual,5,5,0
203990,"Action,Indie",109,98,11
1885370,"Action,Casual,Indie,Simulation",0,0,0
563130,"Action,Indie",9,8,1
772750,"Action,Adventure,RPG,Strategy",8,8,0
1807640,Indie,3,3,0
657690,"Action,Adventure,Casual,Indie,RPG,Simulation,Strategy",325,310,15
1023570,"Adventure,Casual,Free to Play,Indie",4,3,1
1734330,"Action,Adventure,Indie",1,0,1
356280,"RPG,Strategy",16,7,9
6040,Adventure,583,535,48
716330,"Violent,Casual,Indie",22,16,6
657730,"Indie,RPG,Strategy,Early Access",75,63,12
1997550,Casual,5,5,0
1439340,"Adventure,Indie",2,1,1
1917260,"Action,Adventure,Free to Play,Indie,RPG,Strategy",0,0,0
1163300,Indie,7,4,3
512260,"Casual,Indie",35,31,4
1617430,"Casual,Indie,Simulation",190,179,11
1024330,"Adventure,Free to Play,Indie,RPG",0,0,0
899470,"Adventure,Indie",64,59,5
726330,"Action,Indie",1,1,0
2019710,"Action,Adventure",2,2,0
1386340,"Indie,RPG,Strategy",0,0,0
1141640,"Action,Indie,Early Access",1,0,1
805720,Strategy,2,1,1
311140,Action,201,119,82
930650,"Action,Casual,Indie",1,0,1
978870,"Adventure,Casual,Indie",30,25,5
424250,"Adventure,Indie,RPG,Strategy",319,241,78
1546010,"Adventure,Indie,RPG",21,9,12
1208370,"Action,Indie",0,0,0
1048410,Indie,1,1,0
1357200,"Casual,Indie",2,2,0
972760,"Adventure,Casual,Indie,Early Access",17,14,3
402300,"Simulation,Strategy",36,22,14
1235790,Casual,0,0,0
1598710,"Adventure,Indie",2,1,1
1102130,"Adventure,Casual,Indie",1947,1810,137
1816680,Indie,0,0,0
1487800,"Adventure,Indie,RPG,Early Access",14,11,3
1520380,"Action,Adventure,Massively Multiplayer,Early Access",128,92,36
2003730,"Casual,Simulation",0,0,0
764390,"Casual,Indie,Strategy",1,1,0
1537980,"Action,Indie,Early Access",5,5,0
1603360,"Adventure,Casual,Indie",0,0,0
338100,Simulation,0,0,0
1003850,"Action,Adventure,RPG,Strategy",1,1,0
454250,"Adventure,Indie",315,259,56
922150,"Casual,Indie",23,18,5
416220,"Indie,RPG,Simulation",6,1,5
71164,Action,7,7,0
1472960,"Casual,Indie",5,2,3
600660,Indie,16,16,0
65730,Simulation,239,144,95
6420,"Indie,Simulation,Strategy",490,421,69
936470,"Action,Casual,Indie",1,1,0
1668590,Action,0,0,0
727720,"Adventure,Indie",29,17,12
696510,"Violent,Gore,Action,RPG",6,5,1
840380,"Casual,Indie,Racing",4,4,0
12150,Action,2741,2578,163
1447060,"Action,Adventure",10,9,1
845330,"Casual,Indie,Simulation",9,3,6
1006720,"Adventure,Casual,Indie",7,7,0
1473070,"Adventure,Indie,RPG,Early Access",3,2,1
1135200,"Indie,Simulation,Strategy",4,2,2
1414220,"Action,Casual",0,0,0
1427300,"Adventure,Indie",6,6,0
935930,"Action,Indie,Strategy",176,155,21
465760,"Action,Adventure,Indie",70,40,30
1049130,"Action,Strategy,Game Development,Early Access",22,14,8
865810,"Action,Casual,Indie,Strategy",1,1,0
920770,"Adventure,Casual,Indie",12,11,1
1493020,"Adventure,Simulation",0,0,0
1278100,"Action,Indie",0,0,0
1184050,Strategy,2615,2094,521
1396980,"Adventure,Indie,RPG,Simulation",18,17,1
1434750,"Casual,Indie,Strategy",0,0,0
501350,"Violent,Gore,Action,Indie",72,55,17
398250,"Action,Adventure,Indie,Early Access",12,12,0
697900,"Action,Adventure,Casual,Free to Play,Indie,RPG,Simulation",0,0,0
770050,"Action,Indie",6,4,2
1799850,"Free to Play,Indie,Simulation,Early Access",0,0,0
1506400,"Casual,Indie",0,0,0
434370,"Adventure,Indie",137,130,7
1551990,"Action,Adventure,Casual,Free to Play,Indie,RPG,Simulation",8,1,7
952510,"Free to Play,RPG",0,0,0
444020,"Indie,Strategy",5,2,3
1778560,"Indie,RPG,Simulation",0,0,0
649120,"Casual,Indie,Strategy,Early Access",6,6,0
1713470,"Casual,Indie",4,4,0
1801450,"Action,Adventure,Casual",3,2,1
1559500,"Adventure,Casual,Indie,Simulation",12,9,3
575330,"Adventure,Indie,Simulation",229,203,26
560340,"Casual,Indie,Racing,Simulation,Sports",3,1,2
929610,"Action,Indie",2,0,2
885730,"Action,Free to Play,Indie,Strategy,Early Access",0,0,0
327890,"Action,Adventure,Indie,Simulation",3026,2325,701
212800,"Action,Free to Play,Indie",24,17,7
683080,"Action,Casual,Strategy",7,1,6
374190,"Action,Adventure,Indie,RPG",449,419,30
1991780,"Action,Indie",1,1,0
268990,"Action,Indie",471,445,26
821910,"Casual,Indie,Strategy",5,0,5
1411170,"Adventure,Indie,RPG",4,1,3
948790,"Indie,Early Access",0,0,0
215710,"Action,Strategy,Casual",166,144,22
1394700,"Adventure,Casual,Indie",4,4,0
1660990,"Casual,Indie,Simulation",16,10,6
1479940,"Adventure,Indie",18,16,2
1002960,"Casual,Indie,RPG,Simulation,Strategy",17,13,4
612520,Strategy,63,52,11
630280,"Animation & Modeling,Video Production,Early Access",7,7,0
1284200,"Casual,Indie,RPG",1,1,0
1846390,"Indie,Strategy",0,0,0
384940,"Action,Casual,Indie",4,4,0
876370,"Adventure,Indie",2,2,0
593600,"Action,Adventure,Casual,Massively Multiplayer,RPG,Strategy",2722,1881,841
391070,"Action,Casual,Indie",369,116,253
1705020,"Action,Casual,Indie,Simulation,Sports",0,0,0
802960,"Free to Play,RPG,Strategy",0,0,0
405480,Adventure,6,3,3
844030,"Violent,Action,Indie,RPG,Strategy",0,0,0
1239080,"Action,Indie,Simulation,Strategy,Early Access",3503,3397,106
1716720,"Action,Adventure,Indie,RPG",0,0,0
614450,"Action,Adventure,RPG",11,3,8
953380,"Action,Adventure,Indie,Simulation,Early Access",0,0,0
1830640,"Casual,Indie,Sports",3,2,1
808010,"Action,Adventure,Indie,RPG",41,36,5
765950,"Adventure,Indie,Simulation",5,2,3
716640,"Simulation,Strategy",327,240,87
1543520,"Action,Adventure,Indie",20,20,0
936740,"Adventure,Indie,RPG",25,20,5
1253230,"Adventure,Casual,Indie",0,0,0
465150,Simulation,26,22,4
1286160,"Casual,Indie",2,1,1
1345830,"Casual,RPG",1,0,1
1496710,"Action,Indie,Early Access",4,0,4
944510,"RPG,Simulation",0,0,0
464240,"Adventure,Indie,RPG",17,11,6
1526000,"Casual,Indie,Strategy",0,0,0
1008830,Action,19,15,4
889320,"Casual,Indie,Early Access",0,0,0
365770,"Action,Indie",251,203,48
1838650,"Adventure,Casual,Indie,RPG",1,1,0
332410,"Adventure,Casual,Indie,RPG",43,28,15
945810,"Action,Adventure",1,1,0
1335700,Indie,2,2,0
405610,"Action,Adventure,Casual,Indie",114,46,68
1640130,"Action,Free to Play,Indie,Early Access",0,0,0
488500,"Action,Adventure,Indie,RPG",1,1,0
863550,Action,13215,12189,1026
370730,Strategy,4,1,3
915710,Adventure,41,24,17
689700,"Adventure,Indie,Strategy",12,8,4
1098720,"Casual,Indie,Strategy",7,6,1
1300860,"Action,Adventure,Casual,Indie,RPG",2,2,0
1289440,Casual,11,7,4
311720,"Indie,RPG,Strategy",236,188,48
416210,"Indie,Simulation,Strategy",571,397,174
1972230,"Action,Free to Play",0,0,0
662660,"Sexual Content,Nudity,Violent,Action,Indie",3,3,0
899460,"Adventure,Indie,RPG,Strategy,Early Access",60,44,16
592060,"Adventure,Casual,Indie,RPG,Simulation,Strategy",8,2,6
283980,"Adventure,Casual",264,254,10
930910,Adventure,183,179,4
1179460,"Action,Adventure,Casual,Indie",10,10,0
1040150,Indie,1,1,0
1227260,"Adventure,Indie,RPG,Strategy",0,0,0
1698630,"Adventure,Indie,RPG,Strategy,Early Access",20,17,3
838990,"Indie,Strategy",87,74,13
1798420,"Casual,Indie,Simulation",13,9,4
71112,Action,5,4,1
1196190,"Action,Adventure,Indie",2,1,1
1189120,"Adventure,Casual,Indie,RPG,Strategy",1,0,1
776790,"Action,Indie",12,11,1
507030,"Action,Indie,Racing,Simulation,Sports",11,9,2
281220,Action,266,147,119
389650,"Action,Adventure,Indie",113,107,6
2005070,"Action,Early Access",1,1,0
443810,"Adventure,Indie,Strategy",2529,1877,652
756490,"Action,Adventure,Casual,Indie,RPG",5,2,3
320760,Adventure,437,410,27
671600,"Action,Indie,RPG",20,9,11
982180,"Adventure,Casual,Indie",7,4,3
1118950,"Action,Indie",1,1,0
1326760,"Casual,Indie,Simulation,Strategy",3,3,0
1647240,"Action,Adventure,Indie",2,2,0
1120360,"Adventure,Casual,Indie,RPG,Simulation,Strategy",54,48,6
290470,"Action,Adventure,Free to Play,Massively Multiplayer,RPG",0,0,0
248610,"Action,Indie,Simulation,Strategy",3356,3136,220
820500,"Casual,Indie",1,1,0
723780,"Action,Adventure,Free to Play",0,0,0
1078370,"Indie,RPG",9,3,6
1012640,"Action,Simulation",0,0,0
1429530,Strategy,2,0,2
570580,Adventure,53,51,2
404180,"Adventure,Casual,Indie",40,32,8
1153930,"Action,Indie,Massively Multiplayer",7,2,5
1467060,"Adventure,Casual,Indie",3,3,0
1080090,"Casual,Indie,RPG",0,0,0
1294970,"Action,Adventure,Casual,Indie,RPG",9,8,1
1915460,"Indie,Massively Multiplayer,RPG",3,0,3
1059740,"Action,Adventure,Indie,Strategy",8,6,2
1642170,"Action,Adventure",52,48,4
1507760,"Adventure,Casual,Indie,Simulation",4,0,4
1148890,"Action,Adventure,Indie",1,0,1
1015930,Strategy,276,139,137
1112620,"Adventure,Indie,RPG,Early Access",85,53,32
822550,"Action,Adventure,Casual,Indie",1,1,0
1931970,"Casual,Free to Play,Simulation,Strategy",0,0,0
676700,"Action,Indie,Strategy",15,11,4
587440,"RPG,Simulation,Strategy",14,11,3
414660,"Adventure,Casual",159,138,21
1926080,"Action,Casual",5,3,2
1280640,"Adventure,Casual",23,21,2
934780,"Action,Adventure,Indie",458,334,124
626690,"Action,RPG",4434,3719,715
1970540,"Adventure,Indie,RPG",10,9,1
1132180,Indie,6,5,1
1551330,"Indie,RPG",4,3,1
820400,"Violent,Gore,Action,Adventure,Free to Play,Indie",0,0,0
1137810,"Casual,Indie,Simulation,Sports",3,3,0
386350,"Indie,Strategy",29,15,14
1320950,"Action,Casual,Indie",133,112,21
1357580,"Action,Adventure,Simulation",1,1,0
1622420,"Casual,Free to Play,Early Access",0,0,0
1356240,Casual,77,37,40
525420,Audio Production,16,7,9
965510,Indie,10,10,0
704910,"Action,Casual",30,27,3
438740,Action,18171,13713,4458
1329420,Casual,2,2,0
305510,"Action,Strategy,Early Access",68,32,36
1675530,"Free to Play,Indie,Strategy",0,0,0
1333530,"Adventure,Free to Play,Indie",0,0,0
1351510,"Action,Indie,RPG",3,3,0
991680,"Adventure,Casual,Indie,RPG,Early Access",0,0,0
1058210,"Casual,Indie,Simulation,Sports,Strategy",8,5,3
1492990,"Casual,Indie",2,2,0
1517930,"Adventure,Indie",7,6,1
1474790,"Action,Indie,Early Access",0,0,0
487220,"Casual,Indie",166,118,48
1098140,"Casual,Indie,Early Access",3,2,1
753670,"Indie,Simulation",6,2,4
959880,"Adventure,Indie,RPG",45,38,7
485970,Indie,10,9,1
1305430,"Action,Adventure,Casual,Indie",0,0,0
1787670,"Adventure,Indie,RPG,Early Access",5,3,2
382070,"Adventure,Indie",38,29,9
1052580,Adventure,7,7,0
31180,"Adventure,RPG",47,42,5
1297890,"Action,Racing",1,0,1
1361520,"Action,Adventure,Casual,Indie",6,6,0
2009340,"Strategy,Early Access",12,8,4
708110,"Action,Racing,Sports",0,0,0
813930,"Action,Adventure,Indie,Early Access",16,11,5
364900,"Action,Indie",0,0,0
804870,"Action,Indie,Strategy",100,68,32
1860050,"Casual,Indie",0,0,0
1063870,"Adventure,Indie,Strategy",2,2,0
380540,"Action,Adventure,Indie",32,15,17
1801670,"Indie,Early Access",3,3,0
941600,"Action,Adventure,Casual,Indie",1,1,0
1915550,"Adventure,Indie,Strategy,Early Access",166,127,39
503700,"Action,Adventure,Casual,Indie,RPG,Strategy,Early Access",2,0,2
1137350,"Indie,Strategy",273,242,31
1518610,"Action,Indie",1,1,0
1767490,Action,1,1,0
688940,"Action,Casual,Free to Play,Indie",0,0,0
1358490,"Action,Indie,RPG,Early Access",10,9,1
372210,"Action,Casual,Indie",199,175,24
1450060,"Action,Adventure,Indie,Simulation",12,6,6
1585930,"Casual,Simulation,Sports",6,3,3
440650,"Indie,Simulation,Strategy",3180,2901,279
1285390,"Indie,Early Access",4,3,1
1408570,"Action,Adventure,Indie",4,4,0
262260,"Action,Indie",666,585,81
1392040,"Indie,RPG",0,0,0
1414480,Adventure,24,21,3
1923650,"Simulation,Early Access",2,2,0
1763290,"Action,Indie,Simulation,Sports,Early Access",1,1,0
1823330,"Adventure,Casual",0,0,0
841320,"Action,Indie,Strategy",11,8,3
396160,"Action,Adventure,Indie,RPG",280,96,184
819740,"Casual,Indie",21,13,8
1690360,"Action,Indie,RPG,Simulation",6,5,1
1286010,"Adventure,Strategy",85,82,3
1551830,"Adventure,Casual",0,0,0
1363270,"Adventure,Casual,Indie",6,2,4
289380,RPG,18,15,3
931040,"Adventure,Casual,Indie,RPG,Strategy",3,2,1
1219060,"Action,Adventure,Free to Play,RPG,Simulation,Strategy",0,0,0
765450,"Action,Adventure,Indie,RPG",4,2,2
632620,Audio Production,9,4,5
1743710,"Adventure,Casual",2,1,1
415860,"Free to Play,Indie,Massively Multiplayer,RPG,Strategy,Early Access",9,4,5
1214920,"Action,Adventure,Indie",2,2,0
1591380,"Action,Indie",3,3,0
51060,"Adventure,Casual",88,76,12
1066210,"Action,Adventure,Indie",4,2,2
837590,"Violent,Action",81,56,25
1661180,"Casual,Indie,Simulation,Strategy",25,19,6
963290,"Action,Adventure,Free to Play,RPG,Strategy,Early Access",0,0,0
742460,"Action,Adventure,Casual,Indie,Racing,Simulation,Strategy",170,147,23
890940,RPG,14,10,4
692850,"Action,Adventure,RPG",8992,8507,485
1929200,"Action,Casual,Indie",0,0,0
601640,"Action,Indie",10,4,6
1856730,"Casual,Indie",0,0,0
765890,Adventure,60,54,6
622060,"Casual,Indie,Simulation",12,10,2
720730,"Adventure,Indie",14,5,9
1573760,"Action,Casual,Indie,Strategy",1,0,1
738000,RPG,44,30,14
803040,Casual,68,42,26
1112870,"Free to Play,Indie,Massively Multiplayer,Strategy",0,0,0
966610,"Utilities,Video Production,Web Publishing,Game Development",192,157,35
680980,"Adventure,Indie",394,304,90
575560,Sports,4,2,2
997180,"Adventure,Casual,Free to Play,Indie,RPG,Simulation",0,0,0
492490,"Action,Indie",27,10,17
1494510,Action,3,2,1
1119700,"Indie,Simulation,Strategy",383,264,119
382490,"Action,Free to Play,Indie",37,32,5
327010,"Action,Racing",42,19,23
291290,"Adventure,Casual,Indie",11,10,1
1442840,"Action,Adventure,Indie,Early Access",19,18,1
1340130,"Adventure,Casual",112,108,4
1074330,"Casual,Indie",3,3,0
584220,"Casual,Indie",4,4,0
1413260,"Action,Adventure,Casual,Indie,RPG,Strategy,Early Access",2,0,2
480410,"Adventure,Casual,Indie",7,5,2
1119590,"Action,Adventure,Free to Play",0,0,0
871720,"Action,Free to Play,Indie",5,5,0
944180,"Adventure,Indie,RPG,Simulation",60,46,14
1505620,"Action,Adventure,Casual,Indie,Simulation",198,150,48
1761220,"Free to Play,Indie,Massively Multiplayer,Simulation,Strategy,Early Access",0,0,0
1405730,"Indie,Simulation,Strategy",10,4,6
1850840,"Action,Casual",31,29,2
1070780,"Action,Indie,Sports,Strategy,Early Access",34,32,2
1251840,"Indie,RPG,Simulation,Strategy",4,0,4
785870,Indie,3,3,0
1168830,"Adventure,Casual",18,12,6
809440,"Indie,Strategy",254,221,33
748650,"Action,Indie",3,2,1
1168960,Action,3,3,0
1034280,"Action,Adventure,Casual,Indie,Strategy",7,5,2
1834850,Casual,1,0,1
1479500,"Adventure,Casual,Free to Play,Indie",12,12,0
332570,"Adventure,Indie,Early Access",5033,4640,393
725980,"Adventure,Free to Play",0,0,0
493450,Casual,37,25,12
1208460,"Adventure,Casual,Indie,RPG",1,0,1
1062830,"Action,Casual,Indie,Simulation,Strategy",348,314,34
494460,Adventure,44,22,22
369360,"Action,Casual,Indie",2,1,1
1729580,"Action,Adventure,Free to Play,Indie,RPG",0,0,0
2077970,"Adventure,Casual,RPG",1,0,1
961110,"Action,Adventure,Casual,Indie,Early Access",2,2,0
876780,"Action,Adventure,Casual,Indie,Strategy",4,3,1
721420,"Casual,Indie",2,1,1
1010450,"Adventure,Casual,Indie,Simulation",36,16,20
754850,"Action,Adventure,Indie",56,37,19
942490,"Action,Casual,Early Access",0,0,0
489400,"Adventure,Indie,Early Access",8,6,2
554470,"Action,Casual",21,19,2
1547420,"Action,Adventure,Casual,Indie",2,1,1
20550,"Action,Strategy",472,247,225
1437850,"Action,RPG,Simulation,Strategy",0,0,0
824460,"Action,Indie,Strategy",24,23,1
1481880,"Adventure,Indie",1,1,0
588070,"Action,Indie",7,2,5
772530,"Action,Sports",19,15,4
712070,"Adventure,RPG",4,3,1
1116770,"Action,Adventure,Indie",36,32,4
1126190,Action,49,35,14
1408490,"Action,Racing",2,2,0
1742820,"Adventure,Casual,Indie,Simulation,Strategy",1,1,0
518610,"Casual,Indie,Early Access",8,6,2
1022130,"Action,Indie",8,7,1
1071330,"Casual,Indie,RPG,Simulation",61,56,5
538680,RPG,2729,2591,138
586960,"Action,Adventure,Casual,Indie",142,112,30
1063770,"Action,Adventure,Free to Play,Indie",0,0,0
687610,"Adventure,Indie",4,4,0
865800,"Casual,Indie",1,1,0
1709030,Indie,0,0,0
932070,"Adventure,Indie,RPG",0,0,0
1385350,Indie,1,1,0
793510,"Adventure,Indie",8,1,7
304810,Indie,7,3,4
680400,"Action,Adventure,Indie",5,4,1
310990,Action,1,1,0
1171220,Utilities,0,0,0
1671500,"Action,Indie,RPG",1,0,1
911950,"Action,Indie",2,2,0
1030360,"Action,Indie",10,7,3
415830,"Casual,Strategy",78,66,12
638830,"Action,Adventure,Indie,RPG,Early Access",5,3,2
1537740,"Casual,Indie",39,36,3
1522300,"Adventure,Casual,Indie,Strategy",2,2,0
1520640,"Action,Casual,Racing,Simulation,Sports",1,1,0
1467590,"Action,Adventure,Indie,Early Access",0,0,0
386750,"Action,Indie",24,17,7
347580,"Action,Indie,Simulation,Strategy",17,2,15
1371910,"Adventure,Casual",2,2,0
966240,"Adventure,Casual,Indie,Simulation",3,2,1
1249730,Indie,0,0,0
355810,"Action,Indie,Strategy",12,6,6
432350,"Adventure,RPG,Strategy",2058,2039,19
486550,"Action,Casual,Indie",3,0,3
425040,"Adventure,Indie",11,11,0
1715290,"Action,Indie",0,0,0
841120,"Adventure,Indie,Simulation",11,9,2
1851970,"Action,Adventure,Indie",1,1,0
233450,"Indie,Simulation,Strategy",29229,26394,2835
1004180,"Action,Adventure,Indie,RPG",2,0,2
1998390,"Adventure,Casual,Indie",11,10,1
1480400,"Adventure,Casual,Indie,Strategy",1,1,0
869690,"Casual,Strategy",85,84,1
1764530,"Adventure,Casual,Indie,Simulation,Early Access",593,549,44
743670,"Free to Play,Indie,Massively Multiplayer,Simulation",0,0,0
870080,"Action,Casual,Indie,Simulation",36,26,10
1439300,"Racing,Simulation,Sports",298,74,224
840020,"Action,Indie",5,4,1
1266650,"Action,Casual,Indie,Racing,Simulation,Sports,Early Access",3,1,2
999020,"Action,RPG",637,554,83
1840780,"Adventure,Casual,Indie,Simulation",0,0,0
1578730,Casual,1,1,0
410900,"Action,Strategy",4803,4420,383
1118790,"Action,Adventure,Casual,Indie",0,0,0
931870,"Adventure,Casual,Indie",0,0,0
1296190,"Action,Casual,Indie",0,0,0
306760,"Adventure,Indie",2026,1583,443
279280,Audio Production,0,0,0
923670,"Action,Casual,Indie",7,7,0
1720070,"Adventure,Indie,Early Access",0,0,0
1832680,Indie,0,0,0
200670,Strategy,103,35,68
344270,"Casual,Indie,Strategy",7,7,0
356890,"Action,Casual,Indie",98,61,37
1021880,"Casual,Indie,Massively Multiplayer,Racing",1,1,0
1368810,"Indie,Simulation",33,15,18
1556170,"Action,Indie",0,0,0
575880,"Action,Adventure,Casual,Indie,Strategy",3,2,1
692780,"Violent,Gore,Action,Adventure,Casual,Indie,RPG,Early Access",12,3,9
528260,Action,44,33,11
1898990,Casual,7,7,0
628170,RPG,7,6,1
1492200,"Action,Adventure,Casual,Indie,RPG,Simulation",71,64,7
834740,"Casual,Indie,Strategy",1062,937,125
955560,RPG,716,661,55
1581990,"Casual,Indie",0,0,0
1085640,"Casual,Indie",25,18,7
1539590,"Action,Adventure,Indie,Strategy",1,1,0
657020,"Action,Indie",2,2,0
367990,"Action,Simulation,Sports",12,3,9
919560,"Casual,Indie,Simulation",19,13,6
750470,"Action,Indie,Massively Multiplayer,Simulation,Early Access",225,213,12
1744140,"Adventure,Indie",9,8,1
794270,"Action,Adventure,Indie,RPG",169,94,75
746840,"Adventure,Casual",41,34,7
510050,"Free to Play,Indie",16,15,1
1278060,"Adventure,Casual,Free to Play,Racing,Simulation,Sports",1,0,1
522000,"Action,Indie",5,4,1
1169540,"Action,Indie",0,0,0
798170,Adventure,8,8,0
1848280,"Casual,Indie",1,1,0
595090,"Action,Adventure,Indie,RPG",35,23,12
810200,"Casual,Free to Play,Indie",0,0,0
372480,"RPG,Simulation",21,11,10
806220,"Action,Indie",10,5,5
2011110,"Action,Adventure,Casual,Indie,Simulation",0,0,0
462110,"Casual,Indie,Simulation,Sports,Strategy",17,8,9
1220910,"Action,Adventure,Indie",1,1,0
795760,Action,65,53,12
655500,"Racing,Simulation,Sports,Early Access",4904,4626,278
1111610,"Adventure,Indie",4,1,3
1831570,"Free to Play,RPG,Early Access",0,0,0
798780,Action,0,0,0
1081890,"Adventure,Casual,Indie",13,12,1
421120,"Adventure,Casual,Indie",1092,1039,53
928210,"Casual,Simulation",2,1,1
1618310,"Adventure,Casual,Free to Play,Massively Multiplayer,RPG,Strategy",0,0,0
1371330,"Adventure,Indie",54,53,1
986790,"Action,Indie,Early Access",2,1,1
1717660,"Casual,Indie",1,1,0
432780,"Adventure,Casual",12,6,6
1430980,"Casual,Indie,Simulation",4,0,4
452410,"Action,Indie",26,19,7
1927720,"Adventure,Casual,Indie,Strategy",180,179,1
286120,RPG,63,20,43
1244930,"Adventure,Indie,RPG",38,35,3
441380,Casual,249,169,80
1838130,"Adventure,Casual,RPG",2,2,0
416700,"Action,Indie,Sports",3,2,1
435840,"Adventure,Indie",49,48,1
258090,"Adventure,Indie,RPG",57,43,14
882260,"Adventure,Casual,Indie",0,0,0
396750,"Action,Indie",4398,3459,939
1992260,"Casual,Indie",10,10,0
1252400,"Action,Adventure,Casual,Indie,RPG,Simulation,Early Access",54,38,16
1048950,"Action,Adventure,Indie,Early Access",185,125,60
1014880,"Casual,Free to Play,Indie,RPG,Simulation,Strategy",0,0,0
542710,Casual,3,3,0
1162920,"Adventure,Indie,RPG",2,2,0
539980,"Action,Adventure,Casual,Indie",18,17,1
1801090,"Casual,Indie,Racing,Simulation",0,0,0
1586750,"Action,Casual,Indie,Early Access",47,43,4
1495260,"Action,Casual,Indie,Racing",0,0,0
1591420,"Indie,Simulation,Early Access",83,80,3
409000,RPG,199,130,69
1165520,Indie,0,0,0
805590,"Action,Adventure,Indie",419,417,2
1181790,"Casual,Free to Play,Indie,Sports",3,3,0
1182060,"Action,Indie,Simulation,Sports",19,11,8
704510,"Indie,Simulation,Strategy,Early Access",119,99,20
1176040,"Indie,RPG",4,2,2
464650,"Action,Adventure,Casual,Indie,Racing",49,42,7
1131230,"Casual,Strategy",0,0,0
459870,"Animation & Modeling,Early Access",5,3,2
1140950,"Casual,Simulation,Strategy",2,2,0
1703340,"Adventure,Casual,Indie",11559,10843,716
1037750,"Action,Indie,RPG",77,61,16
1253030,"Casual,Free to Play,Indie,Racing,Simulation",0,0,0
1878220,"Adventure,Casual,Indie",3,2,1
1265580,"Adventure,Casual,Indie,RPG,Simulation,Strategy",3,2,1
1008010,"Action,Indie,Sports",7,7,0
1918520,"Casual,Indie,RPG,Simulation,Strategy",31,31,0
1743190,"Adventure,Casual,Indie",0,0,0
836940,"Adventure,Free to Play,Simulation",0,0,0
1744460,"Action,Adventure,Indie",3,3,0
420160,"Action,Casual,Indie",6,3,3
925670,"Action,Adventure,Casual,Indie,RPG",13,1,12
1378580,"Action,Casual,Indie",0,0,0
1713680,"Action,Indie,Racing",20,12,8
1024630,"Action,Indie,Early Access",28,17,11
1124800,"Action,Casual,Indie",0,0,0
2016980,"Racing,Sports",0,0,0
207490,"Action,Adventure",1452,1358,94
552000,"Action,Casual,Indie",1,1,0
1264920,"Action,Adventure,Indie,RPG,Early Access",11,11,0
1321080,Action,0,0,0
936790,"Action,Adventure",5045,4659,386
1184500,"Action,Adventure,Casual,Indie,Strategy",38,35,3
1125030,"Casual,Indie,Simulation",7,3,4
575430,"Indie,Simulation",24,14,10
1407890,"Casual,Indie,Simulation,Strategy",14,8,6
207150,"Action,Indie,Strategy",319,124,195
1386280,"Casual,Indie",1,1,0
1557050,Strategy,5,4,1
1025130,"Casual,Indie,Simulation",15,14,1
1337020,"Casual,Indie",0,0,0
702600,"Adventure,Indie",11,9,2
1403520,"Casual,Indie,RPG,Simulation",9,6,3
506500,"Action,Casual,Indie",449,320,129
555950,Action,2036,1789,247
658120,"Violent,Gore,Action",17,8,9
719840,"Action,Casual,Indie",2,2,0
1466970,"Indie,Early Access",2,1,1
710550,Indie,0,0,0
584880,"Adventure,Casual,Simulation",12,12,0
3380,Casual,132,123,9
797570,"Indie,Sports",18,18,0
558100,"Violent,Free to Play,Indie,Strategy,Early Access",253,237,16
740790,"Casual,Indie,Simulation,Strategy",67,31,36
1502480,"Action,Indie,Early Access",3,2,1
1648550,"Adventure,Casual,Free to Play,Indie,Massively Multiplayer,Racing,Simulation,Sports",0,0,0
1870490,"Adventure,Casual,Indie,Massively Multiplayer,RPG",7,5,2
1043020,"Action,Racing",3,0,3
1232430,"Action,Casual,Indie,Simulation",6,6,0
1098280,"Adventure,Indie",24,20,4
721480,"Indie,Simulation,Sports",6,5,1
673070,"Violent,Action,Adventure,Free to Play,RPG,Simulation",0,0,0
1906070,"Casual,Racing",0,0,0
477950,"Action,Indie",8,7,1
923910,"Adventure,Indie,RPG,Early Access",17,16,1
1224120,"Casual,Simulation",65,57,8
806850,"Casual,Indie",16,10,6
1519680,"Adventure,Indie",3,3,0
765590,"Action,Casual,Indie",22,18,4
324770,Adventure,24,12,12
1395450,"Casual,Indie,Early Access",4,4,0
1901180,"Action,Casual,Indie",1,1,0
403850,"Action,Adventure,Indie,Racing,Simulation,Sports",12,5,7
1660360,"Action,Adventure,Casual,Indie",0,0,0
245390,Adventure,919,824,95
1209040,"Action,Free to Play,Massively Multiplayer",0,0,0
809900,"Casual,Indie,Racing",33,28,5
1408230,"Casual,Indie,Sports",1383,1357,26
285160,"Action,Adventure",1498,1041,457
393230,"Adventure,Casual,Indie",17,2,15
1192880,"Action,Adventure,Casual,Indie",2,0,2
1989230,"Action,RPG,Early Access",0,0,0
1520250,"Adventure,Casual,Indie,Strategy",11,11,0
1395470,"Indie,Simulation,Strategy",1,1,0
727930,"Action,Adventure,Indie,Early Access",56,48,8
656890,"Casual,Strategy",1,1,0
610610,"Casual,Indie",30,24,6
470470,"Action,Indie,Sports",24,24,0
723600,"Casual,Indie",0,0,0
628350,"Action,Adventure,Indie",37,29,8
1481140,"Casual,Indie,Simulation",9,8,1
47570,Casual,2,2,0
500800,"Action,Indie,Early Access",0,0,0
989770,"Racing,Simulation",151,115,36
969060,"Action,Casual,Indie",2,1,1
1701930,Casual,4,4,0
564720,"Action,Adventure,Casual,Indie,RPG,Strategy",2,0,2
1036740,"Action,Indie,RPG,Early Access",31,28,3
502800,Action,1249,1182,67
516580,"Action,Casual,Indie,Racing,Strategy",18,16,2
18040,"Action,Indie,RPG",350,328,22
1598020,"Action,Adventure,RPG",2,1,1
1316740,"Action,Adventure,Casual,Simulation,Early Access",41,37,4
498300,"Adventure,Indie,RPG",15,5,10
1767890,"Casual,Indie",0,0,0
1909800,"Adventure,Casual,Indie",20,19,1
73170,Strategy,814,740,74
1258930,"Adventure,Indie",0,0,0
777300,"Action,Casual,Indie",0,0,0
732070,"Adventure,Casual,Indie,Strategy",5,4,1
542790,Racing,0,0,0
1728010,Indie,0,0,0
811290,"Adventure,Casual,Indie",12,10,2
823530,"Action,Casual,Indie",33,28,5
1195620,"Indie,Racing",5,4,1
429830,"Action,Indie,Simulation",139,124,15
427640,"Action,Adventure",14,10,4
1692270,"Adventure,Indie,RPG",0,0,0
1263590,"Action,Adventure,Indie",0,0,0
322990,Casual,20,2,18
572290,"Action,Indie",3,1,2
1096410,Indie,995,684,311
1859800,"Action,Adventure,Casual,Indie,RPG",1,1,0
1808820,"Action,Adventure,Indie",3,2,1
1041720,"Action,RPG",2977,2280,697
365300,"Action,Free to Play,Indie",154,145,9
725640,Indie,7,6,1
603130,"Action,Indie",56,44,12
313390,"Action,Indie,Simulation",86,66,20
1663030,"Action,Adventure,Casual,Indie",3,2,1
273500,"Action,Indie",380,317,63
1788430,"Casual,Indie,Strategy",10,9,1
1286570,"Animation & Modeling,Design & Illustration,Utilities,Early Access",9,2,7
1131430,"Adventure,Indie,RPG,Simulation",1,1,0
404820,"Indie,Simulation,Sports",107,97,10
342660,"Action,Sports,Strategy,Early Access",2,1,1
1505860,"Action,Adventure,Indie,RPG,Strategy,Early Access",0,0,0
1101200,"Action,Adventure,Indie",1,1,0
390330,"Action,Adventure,Casual,Indie",49,38,11
1198090,RPG,974,918,56
708640,"Adventure,Indie,RPG,Simulation",13,10,3
1388940,"Action,Casual,Indie",0,0,0
1158150,"Adventure,Casual,Indie",3,3,0
873310,"Adventure,Casual,Indie",0,0,0
1111660,"Action,Adventure,Indie,Early Access",0,0,0
489940,"Action,Massively Multiplayer",9083,5509,3574
959200,"Casual,Indie,Simulation,Strategy",10,6,4
580680,"Action,Casual,Indie,Racing",12,7,5
852450,"Action,Casual,Free to Play,Indie,Simulation,Sports",0,0,0
792570,"Free to Play,Indie,Strategy,Early Access",0,0,0
1065670,Indie,0,0,0
1835530,"Action,Adventure,Strategy",44,40,4
780080,"Action,Casual,Indie,Racing,Simulation,Sports,Strategy",7,5,2
1542840,"Casual,Indie",9,9,0
359160,"Action,Casual,Indie",17,4,13
1524170,"Action,Casual,Indie",0,0,0
1480520,Action,7,5,2
1400940,"Action,Adventure,Casual,Indie,RPG",8,1,7
962610,Action,2,2,0
1294630,"Action,Indie",0,0,0
1506900,"Casual,Free to Play,Indie",0,0,0
314610,Strategy,1,1,0
1268880,"Adventure,Casual,Indie",1,1,0
1706050,"Simulation,Strategy",0,0,0
1946590,"Strategy,Early Access",1,1,0
784080,"Action,Simulation",4088,3452,636
992120,"Action,Casual,Indie",36,34,2
63650,"Adventure,Casual",112,86,26
1470130,"Indie,Simulation",0,0,0
1363790,"Action,Casual,Indie",2,2,0
1489880,"Action,Adventure",0,0,0
1821510,"Casual,Simulation,Early Access",1,0,1
924520,"Casual,Indie",3,3,0
767840,"Casual,Indie",2,1,1
1889030,"Casual,Indie",0,0,0
753660,"Action,Adventure,Casual,Indie",61,49,12
1029920,"Casual,Indie,Strategy",3,2,1
1124950,"Casual,Indie",3,3,0
1190640,"Adventure,Casual,Indie,Simulation,Strategy",1,1,0
979060,"Action,Strategy",0,0,0
530160,"Action,Adventure,Casual,Indie,Massively Multiplayer,Simulation,Strategy",39,28,11
534740,"Indie,Simulation,Early Access",3,1,2
677040,"Adventure,Indie",22,14,8
1263740,"Action,Adventure,Casual,Indie,Strategy,Early Access",0,0,0
940330,"Casual,Indie,Strategy",3,1,2
408640,"Action,Adventure,RPG",117,69,48
23455,"Simulation,Strategy",0,0,0
937040,Action,0,0,0
1520,"Indie,Strategy",2143,1883,260
1337430,"Casual,Indie,Simulation",23,15,8
839200,Simulation,0,0,0
1566220,"Action,Adventure,Indie,RPG,Simulation,Early Access",20,14,6
705750,Strategy,48,41,7
1095850,Casual,7,6,1
1539580,"Action,Casual,Indie,Simulation,Early Access",193,170,23
1710220,"Action,Adventure,Casual,Indie",1,0,1
1382380,"Adventure,Indie,RPG",2,2,0
1132900,"Action,Casual,Indie",0,0,0
899760,"Casual,Indie,Simulation",3,2,1
1339860,"Action,Adventure,Indie,RPG",60,39,21
226840,"RPG,Strategy",4084,3355,729
1968650,"Casual,Simulation,Animation & Modeling,Audio Production",14,9,5
1319210,"Action,Casual,Indie,Simulation",0,0,0
886520,Massively Multiplayer,37,16,21
417750,"Action,Adventure,Indie",340,245,95
347520,"Casual,Strategy",16,15,1
1944500,"Casual,Free to Play,Indie,Simulation,Early Access",0,0,0
999040,"Adventure,Indie",4,2,2
2017490,"Casual,Indie",0,0,0
1674960,"Adventure,Casual,Indie",6,4,2
481180,"Indie,Strategy",182,151,31
435730,"Adventure,Indie",4,4,0
616710,"Action,Adventure,Casual,Free to Play,Massively Multiplayer,RPG,Strategy",0,0,0
729090,"Violent,Action,Adventure,Indie",15,4,11
1442590,"Casual,Indie",14,11,3
1642130,"Casual,Indie",0,0,0
852620,Indie,0,0,0
1256060,"Action,Adventure,Indie",233,214,19
645470,"Action,Adventure,Indie,Racing",0,0,0
1790990,"Adventure,Casual,Indie",3,3,0
876880,Action,13,5,8
891120,"Casual,Indie",5,2,3
221910,"Adventure,Indie",26566,24536,2030
73020,Strategy,558,398,160
254920,Strategy,46,37,9
1354940,"Adventure,Indie",11,8,3
1997060,"Action,Adventure,Casual,Free to Play",0,0,0
2019220,Strategy,0,0,0
1003860,"Action,Indie",24,22,2
1073420,Utilities,0,0,0
32620,Action,234,209,25
367710,"Casual,Indie,Strategy",64,35,29
1414800,Indie,9,8,1
1551470,"Action,Casual,Free to Play,Indie",0,0,0
1240440,"Action,Free to Play",19055,14353,4702
969200,"Action,Indie",1,0,1
1070330,"Action,Indie,Simulation,Sports,Strategy",966,883,83
1804590,"Action,Adventure,Indie,RPG",0,0,0
1082650,"Casual,Indie,Strategy",1,1,0
328990,Indie,4,0,4
1958040,Indie,1,1,0
377900,"Casual,Indie,Simulation,Strategy",433,321,112
1159430,"Action,Adventure,Indie,Sports",1,0,1
1589450,"Action,Casual,Indie",0,0,0
871940,"Action,Adventure,Casual,Indie,Massively Multiplayer,RPG",18,17,1
341470,"Action,Adventure,RPG,Simulation,Strategy",13,5,8
1548820,"Casual,Indie",55,49,6
800860,Indie,3,3,0
1489380,"Action,Adventure,Indie,Simulation,Early Access",22,13,9
525620,"Action,Casual,Indie,Strategy",424,388,36
474220,"Action,Indie,Early Access",178,157,21
1250030,"Adventure,Casual,Indie",6,5,1
567580,"Action,Casual,Indie",106,74,32
1611600,"Action,Indie,Simulation,Strategy,Early Access",2067,1663,404
803960,Indie,0,0,0
425150,"Action,Casual,Indie",16,7,9
1398670,"Adventure,Casual,Indie",4,1,3
1424770,"Adventure,Casual,Indie,Simulation",21,9,12
1558360,"Adventure,Casual",3,1,2
1336500,"Casual,Indie,Simulation,Strategy",3,0,3
1419980,"Adventure,Simulation,Early Access",24,13,11
1931400,"Casual,Indie",1,1,0
984730,"Indie,Simulation,Strategy",6,4,2
525350,"Racing,Early Access",14,6,8
496480,"Adventure,Casual,Indie,Strategy",10,6,4
241620,"Indie,RPG",237,157,80
1524930,"Casual,Indie,RPG",16,16,0
1805700,"Casual,Free to Play,Indie",0,0,0
1620850,"Action,Adventure,Indie,RPG,Simulation,Sports",9,9,0
687480,"Casual,Indie,Simulation,Strategy",25,13,12
355790,"Action,Adventure",1391,1157,234
61310,"Indie,Casual",41,35,6
542340,"Action,Casual,Indie,Simulation",58,22,36
491000,Indie,135,99,36
346340,"Action,Indie,RPG",24,19,5
811620,"Adventure,Indie,Strategy",8,7,1
737280,Action,3,3,0
2050540,"Casual,Indie,Simulation,Strategy",14,13,1
235800,Indie,3158,2512,646
931930,"Adventure,Casual",45,42,3
1890430,"Action,Indie",0,0,0
1299960,"Casual,Indie,Strategy",0,0,0
329130,"Action,Indie,Strategy",2123,1998,125
1356790,"Action,Indie",0,0,0
1317500,"Action,Adventure,Casual,Free to Play,Indie",0,0,0
1037100,"Casual,Indie",12,10,2
1696380,"Adventure,Indie,Simulation,Strategy",1,1,0
1876470,"Adventure,Casual",36,26,10
552970,"Action,Adventure,Indie",93,67,26
1400390,"Adventure,Free to Play,Indie,RPG",0,0,0
1463530,"Action,Adventure,Free to Play,Indie",0,0,0
1917970,"Casual,Indie",1,1,0
635250,"Action,Adventure,Indie,RPG",48,34,14
1999700,"Adventure,Casual,Indie",14,13,1
941890,"Action,Indie,Racing,Sports",9,9,0
375950,"Casual,Free to Play,Indie,Simulation",94,85,9
1524350,"Action,Indie",4,4,0
1379920,"Casual,Indie",0,0,0
449240,Indie,6,6,0
1760140,"Adventure,Indie,RPG",6,6,0
1165860,Casual,20,16,4
588160,"Simulation,Strategy",138,68,70
756040,Adventure,17,13,4
205270,Utilities,23,18,5
1071490,"Indie,RPG",16,12,4
1688460,"Action,Free to Play,Indie,Strategy",0,0,0
1337870,Strategy,1,0,1
332380,"Adventure,Casual,Indie,RPG",34,23,11
1166800,"Adventure,Indie,RPG",7,4,3
511720,Video Production,33,14,19
405180,"Action,Indie",123,106,17
1314820,"Indie,Simulation",48,38,10
1523800,"Adventure,Casual,Indie,Simulation",57,37,20
1063990,"Action,Indie,Strategy",1,1,0
1280770,"Action,Free to Play,Indie",0,0,0
346490,"Action,Indie",5,2,3
1277210,"Indie,RPG,Simulation",12,8,4
741080,"Action,Casual,Indie,Simulation,Early Access",1,0,1
349760,"Action,Adventure,Casual,Indie,RPG,Simulation",34,34,0
540100,"Action,Adventure,Indie,RPG",85,49,36
666810,"Action,Indie",2,2,0
1393960,"Action,Simulation,Strategy",1,1,0
1038830,"Casual,Indie",5,2,3
355140,"Action,Adventure,Casual,Indie",17,15,2
1002280,Casual,10,7,3
1637410,"Adventure,Casual",0,0,0
1442380,"Action,Adventure,Casual,Indie",29,22,7
739730,"Violent,Gore,Action,Adventure,RPG,Simulation",2,1,1
1829620,Indie,40,39,1
1492610,"Action,Casual",4,3,1
691640,"Adventure,Casual,Indie,Racing",0,0,0
1828070,Simulation,3,3,0
908940,RPG,1,1,0
1314590,"Action,Casual,Sports",53,45,8
207190,"Action,Adventure,Racing",51,26,25
1172500,"Casual,Strategy",24,20,4
1215900,"Adventure,Casual,Indie,Strategy",5,4,1
1559270,"Casual,Indie",1,1,0
1972710,Casual,79,78,1
370200,"Casual,Indie",2,2,0
1942610,"Action,Free to Play,Indie,RPG,Strategy",0,0,0
2015260,"Adventure,Casual,Indie,RPG",5,5,0
1712840,"Action,Adventure,RPG",190,137,53
1829090,Casual,0,0,0
1493450,"Action,Adventure,Indie,RPG",31,28,3
986760,"Indie,Strategy",0,0,0
381010,"Adventure,Casual,Simulation",27,16,11
1003600,"Adventure,Indie,RPG",15,14,1
424850,"Adventure,Indie,Simulation,Strategy",6,1,5
330770,"Action,Indie,Racing",96,73,23
1878580,"Casual,Indie,Simulation,Strategy",1,0,1
283080,"Action,Adventure,Indie,RPG",189,162,27
40930,"Adventure,Indie",244,212,32
989140,"Adventure,Indie,Early Access",1,1,0
1812780,"Casual,Free to Play,Massively Multiplayer,Simulation,Sports,Strategy,Early Access",0,0,0
1131960,"Indie,RPG",3,2,1
349530,"Casual,Indie,Sports",19,11,8
1043000,"Casual,Strategy",19,16,3
407560,"Action,Indie,RPG",545,362,183
1968110,"Casual,Indie,Simulation",0,0,0
542030,"Adventure,Indie,RPG",37,33,4
1307710,"Action,Racing,Simulation,Sports",267,199,68
1500310,"Casual,Indie",0,0,0
1279630,Indie,466,356,110
1635030,"Casual,Simulation",7,6,1
780930,"Indie,Strategy",1,0,1
1483030,"Casual,Indie,Simulation,Strategy",6,5,1
1249390,"Adventure,Casual,Indie",0,0,0
318480,"Action,Adventure,Indie,Strategy",16,15,1
1797580,Action,3,2,1
1342750,"Action,Indie",0,0,0
1756810,"Action,Casual,Indie",0,0,0
338350,"Casual,Indie,Simulation,Strategy",10,4,6
561680,"Casual,Strategy",20,20,0
1110340,"Action,Adventure,Casual,Free to Play,Indie,Simulation",4,3,1
991530,"Adventure,Indie,RPG",0,0,0
1943760,Action,138,107,31
1170390,"Casual,Indie",1,1,0
427520,"Casual,Indie,Simulation,Strategy",67201,66505,696
1010710,"Adventure,Casual",0,0,0
887740,"Casual,Free to Play,Indie,Massively Multiplayer,RPG,Simulation,Strategy",0,0,0
1872040,"Action,Adventure,Indie",8,8,0
1682050,"Action,Adventure,Casual,Indie,Massively Multiplayer,RPG,Sports,Early Access",73,70,3
318310,"Indie,RPG",275,252,23
1963410,Adventure,0,0,0
1145340,"Indie,Simulation,Strategy",255,195,60
1696670,"Action,Adventure,Indie,Early Access",2,1,1
111900,"Action,Strategy",166,32,134
1995030,Adventure,1,0,1
582350,"Action,Casual,Indie",7,7,0
1067270,"Action,Casual,Indie,Strategy",0,0,0
582610,"Adventure,Indie",8,3,5
1906670,"Adventure,Casual",1,1,0
2021910,"Action,Casual,Free to Play,Strategy",0,0,0
1201250,"Action,Indie",0,0,0
632880,"Adventure,Casual,Indie",27,26,1
1338980,"Casual,Indie",42,38,4
675370,"Casual,Indie",1,0,1
1742340,"Action,Adventure,Indie,Simulation,Early Access",11,10,1
1643700,"Action,Adventure,Indie,Early Access",0,0,0
307580,"Adventure,Indie",704,673,31
1100930,"Indie,RPG,Strategy,Early Access",39,19,20
1709580,"Adventure,Indie",5,5,0
1081730,"Simulation,Education,Software Training",0,0,0
748820,"Action,Adventure,Early Access",3,1,2
982100,"Casual,Indie",4,2,2
1455130,"Casual,Indie,Massively Multiplayer,Strategy",1,1,0
1806400,"Action,Adventure,Casual,Indie,Simulation,Strategy",11,10,1
738450,"Violent,Action,Adventure,Indie,RPG,Early Access",8,3,5
752180,"Adventure,Indie",0,0,0
685300,"Design & Illustration,Utilities,Game Development,Early Access",51,46,5
1019310,"Adventure,Indie",440,366,74
315610,"Action,Adventure,Indie",14,10,4
779990,"Casual,Free to Play,Indie",0,0,0
1113490,"Adventure,Indie,RPG,Simulation,Sports",6,6,0
1608400,"Casual,Indie,Simulation",345,331,14
1173230,"Casual,Indie,Simulation,Strategy",12,8,4
1245300,"Action,Casual",2,1,1
1499890,"Action,Adventure,RPG,Early Access",1,1,0
939410,"Adventure,Indie",2,0,2
746540,"Casual,Indie,Strategy",18,11,7
629780,"Action,Indie,Sports",2,1,1
955300,"Action,Indie,Massively Multiplayer",1,0,1
1236020,"Casual,Indie,Strategy",0,0,0
774861,"Action,Adventure,Casual,Indie,Strategy",4414,3905,509
1392510,"Adventure,Casual,Indie",0,0,0
569430,"Violent,Gore,Action,Adventure,Indie",22,13,9
1534900,"Action,Adventure,Casual,Free to Play",0,0,0
744270,"Action,Adventure,Indie,RPG,Early Access",97,35,62
1949170,"Action,Casual,Indie,RPG,Strategy",0,0,0
319210,"Adventure,Indie,RPG",7,2,5
825310,"Action,Adventure,Indie,Racing,Simulation",484,235,249
844860,"Strategy,Early Access",35,30,5
1399250,"Action,Adventure,Casual,Indie",1,0,1
1423500,"Action,Adventure,Indie",1,0,1
1548110,Indie,2,1,1
830810,"Action,Adventure,Casual,Indie,Simulation",0,0,0
720510,"Action,Simulation,Early Access",7,6,1
987330,Racing,43,22,21
1351300,"Casual,Indie",2,2,0
751970,"Action,Casual,Indie,Strategy",6,6,0
403440,"Action,Indie,RPG",10,3,7
610260,"Action,Casual,Indie,Simulation",3,1,2
1601280,"Indie,RPG",59,59,0
1457690,"Adventure,Casual,Indie,RPG,Strategy,Early Access",6,3,3
768640,"Action,Indie",2,2,0
1995080,"Indie,Early Access",12,11,1
1133320,"Action,Adventure",244,203,41
1156030,Simulation,2,0,2
1517470,RPG,28,23,5
1218460,Racing,0,0,0
1528010,"Adventure,Indie,RPG,Simulation",13,12,1
444620,"Action,Free to Play,Early Access",1,1,0
1571960,"Adventure,Indie,Strategy,Early Access",18,9,9
874140,"Casual,Indie",7,3,4
1693190,"Action,Adventure,Indie,Simulation",6,3,3
1188070,"Action,Indie",0,0,0
706270,"Action,Adventure,Casual,Indie",0,0,0
932190,"Action,Casual,Free to Play,Indie",0,0,0
823040,"Casual,Indie",13,8,5
1326220,"Action,Indie",0,0,0
1313360,"Action,Casual,Indie",6,1,5
35460,"Action,Adventure,Indie",494,374,120
1586980,"Action,Casual,Indie",2,2,0
562330,"Adventure,Indie,RPG,Strategy",15,12,3
1162650,"Adventure,RPG",9,9,0
1861230,Adventure,6,6,0
1444090,"Casual,Indie,Strategy",54,53,1
1131540,"Adventure,Free to Play,Indie,RPG",5,5,0
332370,"Adventure,Indie",5,4,1
375000,"Action,Indie,RPG",7,5,2
1172520,"Casual,Strategy",73,66,7
1106740,"Indie,RPG",0,0,0
1765720,Audio Production,0,0,0
1216590,"Action,Adventure,Indie",33,26,7
1291540,"Casual,Indie,Strategy,Early Access",32,32,0
1145280,"Casual,Sports",1,1,0
1718660,"Adventure,Indie",14,14,0
1844610,"Utilities,Early Access",20,18,2
823840,"Adventure,Indie",57,53,4
1229450,"Action,Adventure,Indie",0,0,0
1803380,"Adventure,Casual,Indie,Racing",0,0,0
1219500,"Casual,Indie,Sports",11,9,2
842560,"Action,Casual,Indie",6,0,6
1482700,"Casual,Indie,Racing,Sports",6,6,0
1175150,"Adventure,Casual,Indie",1,1,0
464530,"Casual,Indie",14,9,5
1483300,"Adventure,RPG,Simulation",13,11,2
869010,Indie,0,0,0
1197840,"Action,Adventure,Indie",1,0,1
488220,RPG,2,2,0
1553400,Action,6,6,0
1779720,"Free to Play,Indie,RPG,Strategy",0,0,0
1048300,"Action,Casual,Indie,Early Access",6,5,1
1521690,RPG,0,0,0
1700890,Action,24,18,6
736240,"Action,Adventure,Indie,Early Access",0,0,0
809580,"Action,Indie,Massively Multiplayer,Early Access",28,18,10
1173820,RPG,1147,1033,114
1955980,"Action,Adventure,Indie,Early Access",2,2,0
587810,"Casual,Indie",36,15,21
1907020,"Action,Adventure,Indie",0,0,0
649170,Adventure,4,1,3
761790,"Adventure,Casual,Simulation",17,8,9
1025200,"Casual,Free to Play,Indie,Racing,Strategy",0,0,0
265890,"Casual,Indie,Strategy",2456,2367,89
1994630,"Casual,Indie",4,4,0
460730,"Action,Adventure,Indie,Early Access",1,1,0
501590,"Action,Adventure",2276,1927,349
1271980,"Simulation,Sports",10,5,5
1563820,"Action,Adventure,Casual,Indie",7,7,0
1124120,Racing,0,0,0
1110090,Indie,2,2,0
1767480,"Casual,Indie",1,1,0
1328750,"Casual,Indie",2,2,0
356180,"Adventure,Indie,Simulation",78,53,25
1048570,"Adventure,Casual,Free to Play,Indie",0,0,0
814680,"Adventure,Indie",310,278,32
530070,Simulation,2690,1938,752
986020,"Indie,RPG",69,58,11
1482090,"Action,Adventure,Casual,Indie,RPG",0,0,0
1079440,"Action,Casual,Indie,Strategy",8,6,2
1665500,"Adventure,Casual,Indie",164,160,4
1245000,Indie,2,2,0
1186690,"Adventure,Casual,Indie",3,3,0
1084980,"Action,Adventure,Casual,Free to Play,Indie,Simulation,Strategy,Early Access",0,0,0
1747110,"Casual,Strategy",1,1,0
693250,"Adventure,Casual,Indie",41,25,16
303880,Indie,4,2,2
1554400,"Action,Free to Play,Indie",0,0,0
400230,"Casual,Indie,Strategy",2,1,1
1155460,"Adventure,Casual,Indie",32,19,13
575900,Casual,27,24,3
2006170,Strategy,0,0,0
1144350,"Action,Adventure,Casual,Indie,RPG,Strategy,Early Access",1,0,1
1857580,"Action,Adventure,Indie",34,34,0
661260,"Violent,Action,Adventure,Indie",0,0,0
1367420,"Casual,Indie",5,4,1
1377850,Indie,10,3,7
475490,"Adventure,Indie,RPG,Simulation",359,279,80
1715830,"Action,Casual,Indie,Early Access",0,0,0
777130,"Casual,Free to Play,Indie,Simulation",68,58,10
1175140,"Action,Casual,Free to Play,Indie,Racing",2,2,0
1078460,"Action,Adventure,Casual,Indie",1,1,0
363420,"Action,Indie",153,141,12
1000360,"Action,Early Access",1982,1837,145
220960,Photo Editing,10,9,1
24410,Strategy,19,11,8
1210880,"Action,Indie",2,1,1
983450,"Adventure,Indie,Strategy",21,19,2
867290,"Adventure,Casual,RPG,Simulation,Strategy",1751,983,768
658770,"Action,Casual,Indie",3,2,1
1138060,"Adventure,Indie,Massively Multiplayer,RPG,Strategy",7,1,6
1260770,"Adventure,Indie",6,4,2
346370,"Action,Indie",2,1,1
792070,"Casual,Indie,RPG",3,2,1
313630,"Adventure,Indie,Simulation",1470,1147,323
286380,"Casual,Indie,Strategy",88,81,7
1566120,"Indie,Massively Multiplayer,Simulation,Sports",5,5,0
508250,Sports,0,0,0
1048000,"Adventure,Indie,RPG",26,21,5
1241230,"Action,Casual,Indie,Sports",9,9,0
1600570,"Adventure,Indie",2,1,1
458330,"Adventure,Casual,Indie,RPG,Simulation,Strategy",47,36,11
224940,"Action,Adventure",357,225,132
1689000,"Adventure,Indie",13,13,0
877610,"Action,Casual,Indie,Racing,Simulation,Sports",1,1,0
1857890,"Casual,Strategy",0,0,0
341460,RPG,0,0,0
512460,"Action,Casual,Indie,Simulation,Early Access",136,126,10
1458590,"Casual,Indie,RPG",20,15,5
1217220,"Action,Adventure,Indie",4,3,1
1577190,"Casual,Indie",5,1,4
827590,"Action,Casual,Indie",3,3,0
883630,"Adventure,Casual,Indie,RPG,Strategy",2,2,0
339040,"Action,Adventure",182,138,44
1409470,"Casual,Indie,RPG",0,0,0
1636000,"Action,Casual,Indie",15,15,0
1815860,Indie,2,1,1
582270,"Casual,Indie,RPG,Simulation",1959,1651,308
830590,"Casual,Indie,Simulation,Strategy",55,42,13
1391350,"Action,Adventure,Casual,Indie",0,0,0
733360,"Violent,Adventure,Indie,RPG,Strategy",0,0,0
1796210,"Adventure,Casual,Simulation,Strategy",4,3,1
302650,"Casual,Indie",9,5,4
431330,"Action,Indie,RPG",7,2,5
1464010,"Action,Casual,Indie,Early Access",11,11,0
1133420,"Adventure,Indie,RPG",26,17,9
1334620,"Indie,RPG",1,0,1
1284390,"Indie,RPG",9,5,4
247020,"Action,Indie,Simulation,Strategy",2718,2591,127
506670,"Casual,Indie",23,19,4
1109690,Adventure,43,23,20
684770,"Action,Adventure,Casual,Indie,Sports",3,2,1
618650,"Action,Indie",3,2,1
329340,"Action,Indie",9,9,0
1260820,"Adventure,Indie,RPG,Early Access",436,411,25
2850,"Simulation,Strategy",40,29,11
1144110,"Adventure,Free to Play,Indie,RPG,Simulation",4,4,0
9350,Strategy,870,762,108
1644330,"Action,Adventure,Casual,Indie,RPG",2,1,1
993330,"Action,Adventure,Indie,Simulation",1,0,1
1021220,"Action,Adventure,Casual,Free to Play,Indie,RPG,Simulation,Strategy,Early Access",2,2,0
1243160,"Action,Adventure,Indie,Strategy",8,6,2
1145100,"Action,Adventure,Indie,RPG",0,0,0
380000,"Casual,Indie,Racing",16,9,7
654400,"Action,Indie",23,22,1
205230,Action,243,191,52
1453730,"Casual,Free to Play,Early Access",0,0,0
1736360,"Adventure,Casual,Indie",80,66,14
916160,"Adventure,Casual",46,33,13
1785600,Casual,0,0,0
746750,"Action,Adventure,Indie",15,11,4
293260,"Free to Play,RPG,Strategy",29,25,4
1344840,"Adventure,Free to Play,Indie,RPG",0,0,0
823940,"Action,Adventure,Indie,Massively Multiplayer,Simulation,Early Access",319,213,106
741260,"Casual,Indie,Simulation,Strategy",20,10,10
382270,"Casual,Indie",9,7,2
640970,"Action,Casual,Indie",43,32,11
449300,"Indie,RPG,Simulation,Strategy",206,113,93
1206590,"Action,Casual,Indie",0,0,0
1661800,"Action,Adventure,Casual,Free to Play,Simulation",0,0,0
1837570,"Action,Indie,Racing,Simulation,Early Access",4,3,1
1236810,"Indie,Racing,Simulation",5,5,0
694440,"Adventure,Casual,Indie,Simulation,Early Access",8,1,7
1165000,Education,0,0,0
331720,"Action,Indie,Strategy",39,24,15
1914940,"Free to Play,RPG",0,0,0
923370,"Action,Indie,Strategy",16,15,1
470260,"Adventure,Indie",1017,790,227
821610,"Casual,Free to Play,Simulation",0,0,0
1083800,"Action,Indie,Early Access",1,1,0
1389040,"Action,Racing,Simulation",1,1,0
1254610,Casual,0,0,0
1564100,Racing,4,3,1
1342360,"Action,Adventure,Indie,Early Access",1,0,1
859460,"Adventure,Indie",1,0,1
1146720,Utilities,30,15,15
1409320,Casual,2,2,0
528160,"Action,Indie,RPG",111,78,33
232090,Action,35867,31472,4395
1164290,"Action,Adventure,Indie,RPG",16,12,4
313120,"Adventure,Indie,Early Access",19676,14802,4874
1432930,"Action,Indie,Strategy",3,0,3
390610,"Action,Indie",157,145,12
670370,Indie,5,2,3
1075080,"Action,Adventure,Casual,Indie,Simulation",113,85,28
554330,"Action,Casual,Indie",32,28,4
1806070,RPG,0,0,0
1662350,"Simulation,Strategy",2,1,1
1143740,Casual,7,7,0
717670,Indie,2,1,1
738510,Adventure,21,18,3
1090580,"Action,Adventure,Casual,Indie,RPG",1,1,0
489930,"Adventure,Casual,Indie",84,68,16
1876810,"Action,Adventure,Casual,Indie",1,1,0
1273520,Strategy,23,18,5
1633470,"Casual,Indie,RPG",1,1,0
2017890,Indie,18,17,1
353280,"Casual,Indie",46,44,2
1883820,"Action,Casual,Free to Play,Indie",0,0,0
1437100,Action,0,0,0
502200,Strategy,7,5,2
546790,"Action,Indie",11,9,2
994040,"Action,Adventure,Casual,Indie",20,17,3
691080,"Action,Indie",47,14,33
895120,"Casual,Indie,Strategy",4,2,2
1124090,"Adventure,Indie",4,4,0
609340,"Adventure,Casual",1,1,0
400280,"Action,Adventure,Indie",10,8,2
1631170,Indie,0,0,0
1107510,"Casual,Indie,Strategy",3,1,2
690620,"Action,Adventure,Indie",71,58,13
1966300,"Action,Free to Play,Indie,Early Access",0,0,0
691220,"Action,Casual,Indie",2,1,1
724580,"Casual,Indie,Simulation,Strategy",9,2,7
1151670,Simulation,4,2,2
829590,"Action,Adventure,Indie,Massively Multiplayer,RPG,Simulation,Strategy",1173,908,265
2071460,"Casual,Indie",1,1,0
1410140,"Indie,Strategy",4,3,1
1507270,Casual,0,0,0
1172280,"Casual,Free to Play,Indie,Simulation",0,0,0
894330,"Action,Adventure,Indie,Simulation,Early Access",10,6,4
1759430,"Action,Strategy,Early Access",1,1,0
720200,"Adventure,Indie,RPG",13,9,4
749480,"Violent,Gore,Action,Adventure,Casual,Indie",11,5,6
908660,"Action,Early Access",0,0,0
287290,"Action,Adventure",4460,3403,1057
1508440,"Action,Indie",2,2,0
310080,"Casual,Indie,Simulation",3839,3638,201
1712820,"Casual,RPG",11,10,1
1868410,"Casual,Free to Play,Early Access",0,0,0
438720,"Free to Play,Indie,Massively Multiplayer,RPG",1,1,0
768020,"Adventure,Casual,Indie,Simulation",2,1,1
970910,Casual,2,2,0
1698550,"Action,Casual,Indie",0,0,0
1762550,"Animation & Modeling,Design & Illustration,Utilities,Game Development,Early Access",20,16,4
1686520,"Free to Play,Massively Multiplayer,RPG,Early Access",0,0,0
1462910,"Adventure,Casual,Indie,RPG",5,5,0
253110,"Adventure,Indie",2046,1889,157
1558710,"Indie,Strategy",0,0,0
1286680,"Action,Adventure,RPG",2236,1709,527
1206280,"Action,Adventure,Indie",9,7,2
448160,"Action,Indie",47,43,4
1835200,"Action,Casual,Indie,Simulation",28,24,4
613580,"Violent,Gore,Action,Indie,Early Access",4,2,2
1561400,"Casual,Indie,Early Access",151,109,42
1218590,"Action,Adventure,Indie,Simulation,Early Access",0,0,0
751340,Action,39,26,13
1154640,"Action,Casual,Indie",4,2,2
411830,Action,1583,1499,84
1576740,"Action,Adventure,Casual,Indie",3,2,1
825100,"Action,Casual,Indie",0,0,0
780800,"Action,Adventure,Indie",11,7,4
268240,"Action,Adventure,Indie",23,17,6
1785320,"Action,Adventure,Indie,RPG",6,5,1
1214630,"Action,Indie",6,3,3
1618180,"Adventure,Indie,Simulation",4,3,1
605760,"Racing,Simulation,Sports,Early Access",39,14,25
1000760,"Action,Adventure,Indie",262,210,52
1030950,"Adventure,Casual,Indie",12,5,7
358330,Adventure,9,5,4
1050330,"Audio Production,Utilities",9,6,3
1619110,Casual,0,0,0
280560,"Action,Indie",224,211,13
1755170,"Adventure,Casual,Indie,RPG,Simulation,Sports,Strategy",2,2,0
751380,"Violent,Action",6,5,1
820530,"Action,Adventure,Casual,Indie,Strategy",1,1,0
1464090,"Action,Indie",0,0,0
896030,"Adventure,Indie,Simulation",17,7,10
1710920,"Action,Adventure,Indie,RPG,Strategy",0,0,0
1241810,"Casual,Indie,RPG,Early Access",0,0,0
914350,"Action,Casual,Indie",1,1,0
265930,"Casual,Indie,Simulation",26568,23728,2840
770070,"Adventure,RPG",92,59,33
1575650,"Adventure,Casual,Indie,Simulation",6,4,2
37220,Simulation,66,47,19
296890,Action,30,27,3
678170,Simulation,0,0,0
486320,"Indie,Strategy",1,1,0
1895920,"Casual,RPG",0,0,0
598940,"Casual,Indie,Simulation",29,20,9
1602440,Indie,7,7,0
1566990,"Action,Indie",5,4,1
1054660,"Casual,Indie",77,76,1
946990,"Indie,Simulation,Strategy",126,73,53
348870,"Adventure,Casual",42,25,17
1337840,"Casual,Indie,Strategy",0,0,0
1563700,"Adventure,Casual,Indie",4,1,3
1969790,"Design & Illustration,Education,Photo Editing,Software Training,Utilities,Web Publishing",0,0,0
683810,"Action,Adventure,Casual,Indie",3,0,3
831120,"Adventure,Indie",29,27,2
282050,"Racing,Simulation,Sports",356,201,155
377000,Education,1,0,1
1767320,"Adventure,Casual,Free to Play,Indie,RPG",0,0,0
667660,"Action,Indie,Racing",0,0,0
1885480,"Action,Casual",3,3,0
1979550,"Casual,Indie,Simulation",1,0,1
763740,"Casual,Indie",7,2,5
861710,"Casual,Indie",19,16,3
467810,"Action,Casual,Indie",40,39,1
870090,Indie,3,3,0
1425250,Indie,95,70,25
1131360,"Action,Casual,Indie",0,0,0
884390,"Casual,Indie,Strategy",6,3,3
840610,"Indie,RPG,Strategy",28,28,0
876180,Indie,3,3,0
1584440,"Adventure,Indie",3,2,1
1783910,Adventure,1,1,0
1428900,"Action,Adventure,Casual,Free to Play,Indie",0,0,0
744760,"Violent,Gore,Action,Indie,Massively Multiplayer,Early Access",4,2,2
530330,"Adventure,Free to Play,Indie",50,35,15
1746370,"Adventure,Indie",0,0,0
888250,"Violent,Simulation,Early Access",1,0,1
2059550,"Action,Adventure,Indie,Early Access",0,0,0
727150,"Action,Indie",2,2,0
1019240,"Casual,Indie,Simulation",0,0,0
1045140,Simulation,0,0,0
1927050,"Casual,Indie,Strategy",3,3,0
47936,Simulation,0,0,0
1305940,"Action,Simulation,Strategy",5,4,1
1104030,"Action,Adventure,Casual,Indie,Simulation",2,1,1
1755920,"Massively Multiplayer,Simulation,Strategy",0,0,0
1510370,Adventure,3,0,3
1373310,"Free to Play,Indie",0,0,0
961230,"Casual,Indie,Strategy",3,2,1
1534260,"Adventure,Casual,Indie",14,13,1
1967830,"Adventure,Casual,Indie,RPG,Simulation,Strategy,Early Access",0,0,0
1608980,"Adventure,Indie",3,1,2
1743010,"Action,Adventure,Casual,Indie,Simulation",13,7,6
1031590,"Action,Casual,Indie,Strategy",2,0,2
253960,Adventure,82,36,46
255340,"Action,Casual,Indie",144,137,7
1773480,"Casual,Indie,Strategy",0,0,0
1543930,"Action,Casual",0,0,0
750610,"Action,Adventure,Casual,Indie,RPG,Strategy",2,2,0
1499240,"Adventure,Casual,Indie,RPG",77,55,22
1443900,"Casual,Utilities",15,12,3
1600530,"Action,Adventure,Casual,Free to Play,Indie,Simulation,Early Access",0,0,0
1302590,"Adventure,Indie,RPG,Strategy",57,42,15
2026440,"Casual,Indie,RPG,Simulation",2,1,1
1360150,"Action,Adventure,Casual,Indie",0,0,0
465060,Action,9,7,2
1586530,"Indie,Simulation,Sports",4,2,2
700600,"Simulation,Strategy",5681,3717,1964
1140610,"Adventure,Casual,Indie",5,5,0
420560,"Action,Simulation",1624,1300,324
336770,"Adventure,Casual",5,5,0
430070,"Adventure,Indie",161,111,50
1470900,"Casual,Indie",0,0,0
1273070,"Action,Indie,Strategy",1,1,0
657410,"Indie,Simulation",0,0,0
1948680,"Action,Adventure,Early Access",0,0,0
535260,"Action,Adventure,Indie,Simulation,Strategy",7,4,3
323780,Simulation,76,42,34
1056070,"Casual,Indie",1,1,0
313700,"Casual,Indie",11,11,0
1888000,Indie,10,9,1
1920540,"Adventure,Simulation",0,0,0
1161300,"Adventure,Indie",2,2,0
1819230,"Action,Indie",72,71,1
819230,"Sexual Content,Nudity,Casual,Indie",81,74,7
721850,"Action,Casual,Indie,RPG",0,0,0
1544150,Adventure,4,4,0
1078350,"Indie,RPG",103,98,5
1041400,"Action,Indie",98,81,17
919220,"Indie,RPG,Strategy",50,30,20
311190,"Action,Adventure,Indie",411,394,17
1428440,"Adventure,Casual,Indie",0,0,0
977380,"Adventure,Indie,RPG",0,0,0
1340310,"Casual,Indie",1,1,0
453730,"Adventure,Indie,RPG",10,3,7
1180620,"Action,Casual,Indie",11,8,3
494160,"Adventure,Indie,RPG",5,4,1
58570,Adventure,237,183,54
1353660,"Action,Adventure,Indie,Strategy",0,0,0
1852840,"Casual,Indie",14,14,0
685340,"Action,Adventure,Indie,RPG,Simulation,Strategy",87,72,15
1155130,"Casual,Indie,Simulation",4,4,0
414190,"Action,Adventure,Indie",329,251,78
1225580,"Action,Adventure",134,113,21
1355010,"Casual,Indie",5,4,1
1049930,Indie,1,0,1
385940,Strategy,5,3,2
375580,"Action,Adventure,Indie,RPG,Simulation,Strategy",10,7,3
948320,"Action,Indie,Simulation",45,33,12
1900230,"Action,Indie,Massively Multiplayer,Early Access",0,0,0
305940,"Indie,Simulation,Strategy",397,230,167
1481630,"Indie,Strategy,Early Access",5,5,0
695510,"Action,Adventure,Indie,RPG",9,7,2
324680,Strategy,916,883,33
291710,"Adventure,Indie",210,182,28
1822640,"Indie,RPG,Strategy,Early Access",10,7,3
626160,"Casual,Indie,Simulation",5,2,3
1124190,"Indie,Simulation",5,4,1
1580330,"Indie,Strategy,Early Access",2,2,0
1339080,"Action,Indie,Early Access",2,1,1
1264280,Strategy,1229,1161,68
1083580,"Racing,Early Access",0,0,0
696540,"Action,Indie",2,1,1
1193550,Strategy,0,0,0
1876750,"Action,Casual,Indie",1,1,0
1904260,"Casual,Indie",0,0,0
1192950,"Casual,Indie,Simulation",0,0,0
1589370,"Action,Free to Play,Indie,Racing,Simulation",0,0,0
677310,"Free to Play,Accounting,Education,Utilities",0,0,0
1519800,Casual,3,1,2
1058060,"Indie,RPG",36,25,11
1947050,"Casual,Indie",10,9,1
1445040,"Casual,Free to Play,Indie,Simulation,Strategy",0,0,0
924830,"Adventure,Casual,Indie,Early Access",0,0,0
1765470,RPG,1,1,0
1127310,"Action,Adventure,Casual,Indie,Racing,RPG,Simulation,Strategy,Early Access",92,61,31
1670230,"Adventure,Casual,Free to Play,Massively Multiplayer,RPG",0,0,0
778600,"Casual,Sports",1,0,1
1652260,"Adventure,Indie,Strategy",5,4,1
715380,"Adventure,Indie",170,121,49
989190,"Action,Adventure,Casual,Indie",0,0,0
897930,"Adventure,RPG",141,119,22
1707560,"Action,Adventure,Indie,Strategy",28,23,5
1973840,"Action,Casual,Indie,Racing,Strategy",0,0,0
886590,"Casual,Indie",3,3,0
1400680,"Action,Strategy",1,1,0
1666820,"Action,Adventure",0,0,0
2012500,"Indie,Simulation",4,4,0
442780,"Action,Indie",1258,941,317
757040,"Indie,Sports",63,62,1
1354970,"Adventure,Indie",0,0,0
603190,"Action,Indie",70,50,20
1489830,"Casual,Free to Play,Strategy",0,0,0
1985690,Indie,0,0,0
1707610,Strategy,5,3,2
585420,"Action,Adventure,Indie,Racing,Simulation",6994,6573,421
504840,"Casual,Indie",10,10,0
947600,Action,393,340,53
246720,"Adventure,Casual,Indie",21,15,6
476680,"Action,Adventure,Casual,Indie,RPG",0,0,0
1419350,"Action,Adventure,Indie,RPG",18,10,8
1184770,"Indie,Simulation,Strategy,Early Access",1202,1151,51
1331120,"Casual,Free to Play,Indie,Strategy",0,0,0
664090,"Violent,Gore,Action,Adventure,Indie,Early Access",146,114,32
1657540,"Action,Casual,Indie",0,0,0
1193950,"Action,Indie",1,1,0
757860,"Casual,Indie",12,6,6
559650,"Action,Casual,Indie",2449,2282,167
517480,"Action,Indie",3,0,3
491720,"Action,Indie",8,8,0
1851450,Casual,0,0,0
1571910,Indie,11,7,4
715370,"Action,Adventure,Casual,Indie,Simulation,Sports,Strategy",26,24,2
574010,"Adventure,Casual",17,12,5
1358830,"Simulation,Strategy,Early Access",0,0,0
1499230,"Casual,Indie,Simulation,Strategy,Early Access",0,0,0
21120,Action,183,151,32
1053340,Action,0,0,0
1431350,"Action,Casual",51,49,2
730920,"Action,Indie",58,54,4
1314870,"Action,Adventure,Casual,Indie,Simulation",10,8,2
1581940,"Adventure,Casual,Indie",0,0,0
530130,"Action,Casual,Indie",7,6,1
1967320,Indie,26,18,8
1275350,"Action,Casual,Strategy",0,0,0
1599710,"Action,Free to Play,Sports",0,0,0
1148400,"Adventure,Casual,Free to Play,Indie",0,0,0
599430,"Action,Indie,Massively Multiplayer,Early Access",2,2,0
1960170,"Adventure,Indie",13,11,2
1094460,"Action,Casual,Indie",0,0,0
1581580,"Indie,Racing,Simulation",25,24,1
994610,Casual,0,0,0
37340,Casual,9,7,2
1642480,"Casual,Indie",0,0,0
1654800,"Action,Racing,Sports",18,17,1
852630,"Casual,Indie",5,4,1
478010,Casual,9,4,5
1434320,Racing,7,3,4
1110380,"Adventure,RPG,Simulation",38,37,1
1625100,Action,9,9,0
589160,Action,5,3,2
865610,"Adventure,Indie",908,547,361
427490,"Indie,RPG,Strategy",493,414,79
785790,"Action,Adventure,Casual,Indie,Simulation",1135,1059,76
332620,"Action,Adventure,Casual,Indie",65,42,23
1796980,Utilities,2,2,0
1147450,"Indie,RPG",38,25,13
834140,"Indie,Simulation,Early Access",13,6,7
1201930,"Adventure,Casual,Indie,RPG,Strategy",0,0,0
1797250,Casual,5,3,2
698040,"Action,Indie",12,9,3
552080,"Action,Indie,Simulation",755,728,27
1960650,"Action,Casual,Indie",0,0,0
1280930,"Action,Adventure,Indie,Early Access",203,194,9
577990,"Action,Racing,Sports",68,59,9
1062100,"Casual,Free to Play,Indie,Racing",0,0,0
676460,"Action,Adventure,Indie,RPG,Early Access",5,1,4
1510860,"Adventure,Casual,Indie",50,42,8
632040,"Casual,Indie,Simulation",8,8,0
224040,"Action,Adventure,Casual,Racing",129,96,33
589170,"Action,Casual",3,1,2
758370,"Indie,Strategy",703,641,62
1439420,"Action,Casual,Indie,RPG",7,7,0
1804300,Indie,1,1,0
770560,"Action,Casual,Indie",2,0,2
321410,"Simulation,Strategy",324,261,63
1495110,Casual,1,1,0
1384540,Indie,16,10,6
886960,"Action,Adventure,Indie,RPG",140,109,31
1559560,"Action,Adventure,Indie,RPG",0,0,0
613040,"Adventure,Casual,Indie",6,3,3
2007300,"Adventure,Indie",1,0,1
1456900,"Action,Early Access",0,0,0
378810,"Adventure,Indie",21,16,5
1079720,"Adventure,Casual,Indie",1,1,0
419080,Simulation,24,12,12
1328910,"Indie,RPG",16,12,4
1500800,"Adventure,Casual,Indie",2,0,2
777150,"Indie,Massively Multiplayer,RPG,Simulation,Early Access",95,83,12
1802620,"Casual,Indie,Simulation",3,2,1
676660,"Action,Indie,Simulation",2,2,0
1624900,Casual,0,0,0
1638130,Action,0,0,0
1669930,"Adventure,Casual,Indie,RPG",0,0,0
351800,"Adventure,Free to Play,Indie",12,9,3
748330,"Action,Indie",14,13,1
1526500,Action,1,1,0
630160,"Action,Indie",10,8,2
772470,Indie,21,15,6
1713400,"Adventure,Casual,Indie,Strategy",0,0,0
1404500,"Action,Free to Play,RPG,Early Access",0,0,0
1065460,"Casual,Indie",18,18,0
1754490,"Action,Adventure,Indie",1,1,0
450540,"Action,Indie,Simulation,Early Access",13516,13137,379
727830,"Adventure,Casual,Indie,Massively Multiplayer,RPG",1,1,0
747730,"Action,Adventure,Indie,Strategy,Early Access",4,4,0
1507860,"Action,Adventure,Indie",1,1,0
1259130,"Action,Casual,Indie,Strategy",16,13,3
2066920,"Action,Adventure,Indie,Strategy",0,0,0
1346680,Casual,4,3,1
377450,"Adventure,Casual",90,85,5
880950,Adventure,32,30,2
931830,"Casual,Indie",11,8,3
1917740,"Action,Adventure,Casual,Indie,Strategy",1,0,1
1380220,"Action,Adventure,Simulation,Early Access",250,185,65
1919920,"Adventure,Casual,Indie,RPG,Strategy",1,1,0
746660,"Action,Adventure,Casual,Indie",13,11,2
1781380,"Adventure,Casual,Indie",4,4,0
1267280,"Casual,Indie,Early Access",0,0,0
552550,"Action,Adventure,Simulation",4,0,4
1460120,"Simulation,Sports",1,0,1
16710,"Action,Adventure",168,117,51
643980,"Free to Play,Indie,RPG,Strategy",0,0,0
708930,"Casual,Massively Multiplayer,Simulation,Strategy",1,1,0
813110,"Adventure,Indie,RPG,Simulation,Strategy",1,0,1
1179090,Education,0,0,0
1769740,"Adventure,Indie",0,0,0
1487420,"Adventure,Casual,Indie,Simulation",14,11,3
1896190,"Action,Casual,Indie",1,0,1
878590,"Adventure,Casual,Indie,RPG",0,0,0
431930,"Action,Indie,Sports",100,90,10
763680,"Action,Casual,Indie,Simulation,Sports",1,0,1
643810,"Adventure,Casual,Indie,RPG,Simulation,Early Access",319,270,49
342090,"Adventure,Indie,RPG",10,2,8
825210,"Casual,Indie",0,0,0
1749200,"Action,Adventure,Simulation",38,26,12
1022380,"Action,Indie",1,0,1
1209430,Indie,24,21,3
838410,"Casual,Indie,Simulation,Strategy,Early Access",39,35,4
820250,"Adventure,Casual,Indie,Strategy",9,5,4
1016860,"Action,Adventure,Indie,Simulation",134,94,40
1029220,"Action,Adventure,Indie",5,5,0
704860,"Adventure,Casual,Indie",106,83,23
1233270,Adventure,145,134,11
940240,"Action,Adventure,Indie",1,1,0
1404790,Indie,0,0,0
326160,"Adventure,Free to Play,Massively Multiplayer,RPG",693,339,354
440310,"Action,Indie,Early Access",1051,1024,27
950050,"Action,Adventure",87,62,25
1693950,Casual,11,10,1
833950,"Action,Indie",23,22,1
1798480,"Casual,Indie",5,5,0
1010780,"Action,Adventure,Indie",28,26,2
461880,"Casual,Indie",22,5,17
1779590,"Action,Adventure,Casual,Indie,RPG,Strategy",2,2,0
1102230,"Casual,Indie,Simulation",1,1,0
529110,"Adventure,Free to Play,Indie",71,49,22
1624760,"Free to Play,Indie",0,0,0
1356440,"Action,Adventure,Casual,Indie,RPG",17,7,10
1924310,"Adventure,Casual,Indie,Simulation",0,0,0
1443360,"Adventure,Indie,RPG,Strategy",11,6,5
691020,"Violent,Gore,Action,Free to Play,Indie,Massively Multiplayer",1,0,1
802660,"Casual,Indie",4,1,3
214150,"Indie,Strategy",80,34,46
1847160,"Action,Adventure,Casual",6,5,1
915420,"Action,Casual,Indie,Early Access",2,2,0
548860,"Action,Adventure,Indie,Early Access",18,11,7
520510,"Action,Casual,Indie",3,2,1
1309940,"Action,Adventure,Indie",17,14,3
1195530,"Action,Indie",9,9,0
539660,"Adventure,Casual",60,56,4
634180,"Adventure,Casual,Indie",46,35,11
1206560,"Indie,Simulation,Early Access",6103,5740,363
435800,"Action,Indie",34,32,2
479170,"Action,Indie",1,0,1
1023340,"Design & Illustration,Education,Early Access",0,0,0
847890,"Free to Play,Indie",0,0,0
1037470,"Action,Casual,Indie",0,0,0
1285840,Indie,0,0,0
1035690,"Adventure,Indie,RPG",1,1,0
788150,"Action,Casual,Indie",4,4,0
1495350,"Animation & Modeling,Education,Web Publishing,Game Development",0,0,0
1860610,"Action,Indie,Early Access",1,0,1
1112570,"Action,Simulation",11,8,3
1114710,"Action,Adventure,Casual,Indie,RPG,Simulation",3,0,3
444970,"Audio Production,Utilities,Video Production,Game Development",106,79,27
1772800,"Casual,Indie,Racing",1,1,0
102600,"Action,Indie,Strategy",3049,2949,100
449730,"Adventure,Casual,Indie,Strategy",133,117,16
35300,Strategy,38,27,11
1071350,"Casual,Indie,RPG",9,8,1
758660,"Action,Indie,Early Access",27,25,2
278550,Simulation,49,33,16
1644990,Casual,0,0,0
1218920,"Indie,Simulation,Strategy",51,42,9
486470,"Action,Indie",16,8,8
843720,"Action,Adventure,RPG,Early Access",6,4,2
530290,"Action,Adventure,Indie",3,3,0
1374640,"Action,Casual,Indie",4,4,0
1708300,Casual,0,0,0
538060,"Casual,Indie,Simulation",28,16,12
667690,"Indie,Sports,Strategy",7,7,0
1333810,"Casual,Indie,Strategy",1,0,1
803750,Adventure,8,6,2
1131520,"Action,Casual,Indie",3,3,0
688060,"Indie,Simulation,Strategy,Early Access",514,464,50
1651540,Casual,25,25,0
912140,"Action,Indie,Sports",0,0,0
463860,"Action,Adventure,Indie,RPG,Simulation",54,25,29
431810,"Indie,RPG,Strategy",74,47,27
1705730,"Adventure,Indie,RPG,Simulation,Early Access",1,0,1
897330,"Casual,Free to Play,Indie",26,25,1
593100,"Adventure,Indie",4,3,1
542520,"Violent,Adventure,Indie",26,23,3
1793340,Adventure,3,3,0
1487870,"Action,Casual,Indie",13,12,1
1355050,"Casual,Indie",2,1,1
1364360,"Action,Adventure,Casual,Indie,Strategy,Early Access",1,1,0
814600,"Action,Racing",4,4,0
1281100,"Action,Adventure,Indie",3,0,3
839530,"Action,Casual",1,1,0
348860,"Action,Adventure,Casual,Free to Play,Indie,RPG",10,2,8
294590,"Action,Strategy",88,82,6
1862710,"Casual,Indie",12,9,3
1356830,"Casual,Indie",0,0,0
1802080,"Simulation,Strategy",7,4,3
929460,"Casual,Simulation",1,1,0
1019060,"Action,Casual,Indie",3,2,1
292030,RPG,166570,162554,4016
1451560,"Casual,Sports",18,18,0
42850,Strategy,163,137,26
429660,"Action,RPG",5173,4787,386
668190,"Casual,Indie",1,0,1
744880,Strategy,2,2,0
285580,"Action,Free to Play,Indie,Sports,Strategy,Early Access",2,0,2
1379370,"Indie,Simulation,Strategy",8,8,0
792710,"Action,Adventure,Indie,Simulation",547,528,19
1271920,"Indie,Strategy,Early Access",3,1,2
612600,"Action,Indie,Simulation,Sports,Early Access",12,12,0
731670,"Casual,Indie",1,1,0
1670,Strategy,128,81,47
853450,"Action,Indie,RPG,Early Access",280,255,25
1383280,"Action,Adventure,Indie,Early Access",2,2,0
489630,Strategy,3215,2617,598
339000,"Action,Casual,Indie",15,8,7
306660,"Indie,Simulation,Strategy",1791,1485,306
536680,"Casual,Indie,Strategy",16,8,8
732040,"Action,Adventure,Indie,Simulation,Early Access",2,2,0
1540570,"Action,Adventure,Indie",4,4,0
1170370,"Adventure,Casual,Indie",0,0,0
1197770,"Adventure,Casual",141,107,34
1118310,Free to Play,0,0,0
1649280,"Adventure,Free to Play,Indie,RPG",0,0,0
745010,"Action,Adventure,Indie,RPG",110,58,52
1256230,"Adventure,Indie",711,592,119
1521920,"Adventure,Casual,Indie,Strategy",3,2,1
1028760,Action,2,1,1
1074700,"Adventure,Casual",11,11,0
1079810,"Action,Free to Play",0,0,0
850780,"Action,Casual,Simulation",14,9,5
912870,"Audio Production,Video Production",0,0,0
1551150,Casual,19,18,1
515910,"Action,Casual,Indie",22,11,11
1993220,"Adventure,Casual,Early Access",0,0,0
443370,Casual,32,19,13
410890,Adventure,509,495,14
771310,"Casual,Free to Play",0,0,0
1986780,"Action,Free to Play,Indie,Early Access",0,0,0
1462330,"Simulation,Strategy",3,0,3
402890,"Adventure,Free to Play,Indie",2,2,0
1498900,"Adventure,Casual,Indie",3,1,2
1412630,"Adventure,Indie,Simulation",6,6,0
1576480,"Indie,RPG",5,3,2
1044180,"Casual,Free to Play,Massively Multiplayer,Strategy,Early Access",0,0,0
537180,"Action,Adventure,Casual,Free to Play,Massively Multiplayer,RPG",96,50,46
1456710,"Adventure,Indie,RPG",2,1,1
1045730,"Action,Indie,RPG,Early Access",0,0,0
1557690,"Indie,RPG,Strategy,Early Access",0,0,0
1658650,"Casual,Indie,Strategy",8,8,0
1002270,"Action,Casual,Indie,Simulation",22,20,2
1616580,"Casual,Indie",15,15,0
577330,"Violent,Action,Casual,Indie",7,2,5
1152450,"Action,Adventure,Indie,RPG",15,15,0
924800,Simulation,37,27,10
1747850,"Casual,Indie",3,3,0
1314600,"Action,Adventure,Indie",1,0,1
1778280,"Casual,Indie,RPG,Simulation",5,3,2
1519610,"Action,Indie",1,1,0
1435670,"Adventure,Indie,Simulation",175,156,19
277430,Action,2051,1563,488
1474850,"Action,Adventure,Casual,Indie",4,4,0
1250770,"Casual,Indie",3,3,0
471640,"Action,Adventure,Indie",7,5,2
1938220,"Action,Indie",2,2,0
1252030,"Action,Adventure,Free to Play,Indie,RPG",0,0,0
1668720,"Casual,Simulation",9,8,1
461950,"Adventure,Indie,Simulation",862,618,244
1811870,"Adventure,Casual,Indie,Sports,Early Access",0,0,0
535230,"Action,Indie,Simulation,Strategy",5694,4301,1393
703030,"Simulation,Early Access",0,0,0
1030090,"Action,Adventure,Casual,Indie,RPG,Simulation,Sports,Strategy",1,0,1
1547620,"Action,Casual,Indie,Strategy",4,4,0
514730,"Adventure,Casual",5,5,0
380100,Indie,8,8,0
1574060,"Casual,Indie,Massively Multiplayer,Early Access",0,0,0
911660,"Casual,Indie,Strategy",1,1,0
1767560,"Casual,Racing,Sports,Strategy",45,36,9
1088440,"Casual,Indie",4,3,1
348950,Indie,56,52,4
351400,"Action,Strategy",12,10,2
816080,"Adventure,Free to Play,Indie,RPG",0,0,0
1195450,"Casual,Indie,RPG,Strategy",1,1,0
1628270,"Action,Indie",1,0,1
573260,"Action,Adventure,Casual,Indie",7,3,4
1013200,Indie,0,0,0
917850,"Indie,Strategy",11,8,3
1470730,"Action,Adventure,Indie",9,6,3
297410,"Action,Adventure,Indie",22,20,2
1030160,"Adventure,Casual",0,0,0
1919440,"Casual,Indie",10,10,0
1365420,"Simulation,Animation & Modeling,Design & Illustration",11,9,2
1711460,"Casual,Indie",1,1,0
1178060,"Action,Adventure,Casual,Indie,RPG",1,0,1
1175550,"Casual,Strategy",2,0,2
1099530,Casual,21,17,4
1228970,"Indie,RPG,Strategy",2,2,0
685700,"Action,Casual,Indie",0,0,0
849179,"Action,Adventure",0,0,0
284410,"Action,Adventure,Indie",17,12,5
914010,"Casual,Indie,Simulation",750,635,115
1908560,"Action,Adventure,Indie",2,2,0
851370,"Action,Adventure,Indie",10,5,5
343070,"Casual,Indie,Simulation",163,104,59
1990550,"Casual,Indie",0,0,0
1574470,Casual,9,9,0
979680,"Free to Play,Indie",0,0,0
1397690,"Action,Adventure,Casual,Indie",1,0,1
368000,"Action,Indie,Sports",114,80,34
760900,"Action,Adventure,Indie,Early Access",0,0,0
1458100,"Casual,Indie",2176,1969,207
639370,Software Training,6,6,0
1624920,Casual,1,1,0
1755810,"Action,Casual,Indie",0,0,0
1979970,"Action,Free to Play,Indie",0,0,0
931150,"Casual,Indie,Simulation,Strategy",2,2,0
1033210,"Action,Indie,Simulation",16,13,3
954420,"Casual,Indie",3,2,1
1226420,"Adventure,Casual,Indie",1,0,1
747820,"Action,Indie",0,0,0
913500,"Indie,Simulation",3,3,0
1926490,"Action,Adventure,Casual,Indie,RPG,Strategy",5,5,0
252130,"Adventure,Casual,Indie",265,247,18
1354830,"Simulation,Strategy",472,395,77
1997190,"Adventure,Casual,Indie,Simulation",34,29,5
1015120,"Casual,Indie,Early Access",0,0,0
1943220,"Adventure,Casual,Indie,Strategy",0,0,0
915540,Action,5,2,3
1175120,"Casual,Indie,RPG",0,0,0
99830,Action,115,108,7
1157100,"Action,Indie",0,0,0
788120,Indie,3,2,1
548340,Indie,244,225,19
752580,Strategy,53,33,20
560790,Adventure,0,0,0
483770,"Action,Casual,Simulation",146,62,84
394680,"Adventure,Casual",85,66,19
1729660,"Action,Casual,Indie",0,0,0
1258900,"Casual,Indie,Simulation,Strategy",9,5,4
1632160,"Indie,RPG",0,0,0
1486300,"Casual,Indie",1,1,0
1720770,"Action,Indie,Simulation",4,4,0
1226530,"Adventure,Casual,Indie",137,128,9
1713030,"Action,Adventure,Indie,Simulation,Early Access",2,0,2
1799290,"Action,Casual,Indie,Racing,Early Access",1,1,0
667870,"Free to Play,Indie,RPG,Strategy",12,12,0
392120,"Action,Indie",7,1,6
1845180,"Action,Casual,Indie,RPG",1,1,0
1386360,"Casual,Indie",3,3,0
1331540,"RPG,Simulation,Early Access",0,0,0
1823900,"Casual,Simulation",2,1,1
1196500,"Action,Casual,Indie,Strategy",21,16,5
1167970,Indie,7,5,2
266410,"Massively Multiplayer,Racing,Simulation,Sports",747,589,158
630670,"Adventure,Casual,Early Access",7,3,4
1649860,"Action,Adventure,Indie",2,1,1
925060,"Casual,Indie",4,4,0
789510,Indie,1,0,1
718920,"Casual,Indie",2,0,2
1848150,Indie,10,9,1
1339410,"Adventure,Casual,Indie",0,0,0
1716590,Indie,0,0,0
1406990,"Adventure,Casual,Indie",1420,1399,21
1927930,"Action,Casual,Free to Play,Strategy,Early Access",0,0,0
1838820,"Adventure,Indie,RPG",27,23,4
2630,Action,2609,2421,188
1373430,Adventure,221,184,37
1910420,Simulation,4,4,0
897000,"Adventure,Casual",2,2,0
453480,"Free to Play,Strategy",190,153,37
1123020,"Action,RPG",0,0,0
1516190,"Indie,Simulation",2,1,1
1172830,"Action,Indie,Early Access",0,0,0
1055240,"Action,Adventure,Indie",1,1,0
264420,Design & Illustration,28,22,6
47780,"Action,Adventure",7356,6882,474
1345940,"Casual,Indie",7,6,1
1118390,"Action,Casual,Indie",0,0,0
988250,"Action,Adventure,Indie,RPG,Early Access",2,2,0
2010440,"Adventure,Casual,Indie",6,5,1
1379200,"Adventure,Indie",40,23,17
1778490,"Casual,Indie,Simulation,Strategy",2,2,0
685570,"Indie,Strategy,Early Access",0,0,0
1282590,Simulation,2481,1950,531
916330,"Action,Strategy",0,0,0
628040,Strategy,14,5,9
1524340,"Adventure,Casual,Indie,RPG,Sports",14,14,0
1679880,"Action,Adventure",1,1,0
573170,"Indie,RPG",211,201,10
302870,"Action,Adventure,Indie",8,2,6
929230,"Action,Adventure,Indie",7,5,2
2059230,"Casual,Indie",0,0,0
1775100,"Action,Casual",1,1,0
431830,"Action,Adventure,Indie",9,7,2
1360430,Adventure,0,0,0
1509720,"Action,Casual,Indie,Strategy",9,9,0
1200180,"Action,Casual,Indie",3,3,0
1666070,"Adventure,Indie,Simulation,Early Access",8,8,0
525530,"Indie,Simulation",10,3,7
1825460,Simulation,0,0,0
600480,"Indie,Simulation,Strategy",1538,1453,85
771350,"Casual,Indie,Simulation,Strategy",221,179,42
909380,"Casual,Indie,Simulation,Strategy,Early Access",2,2,0
1015750,"Indie,RPG",11,9,2
423800,"Indie,Simulation,Strategy",38,25,13
1300100,"Action,Indie",53,50,3
810640,"Indie,Strategy",60,53,7
1245580,"Action,Adventure,Casual,Indie,Simulation,Early Access",0,0,0
1622050,"Indie,Early Access",0,0,0
1094030,"Action,Free to Play,Indie",2,1,1
802450,"Adventure,Indie",63,55,8
58400,"Casual,Indie",54,18,36
1426230,"Adventure,Indie",19,16,3
602890,"Indie,Simulation",100,49,51
1409250,Indie,2,1,1
574270,"Adventure,Casual",35,28,7
1394420,Indie,6,5,1
1384570,"Adventure,Simulation",0,0,0
1072930,"Action,Indie",0,0,0
216260,"Indie,Simulation,Sports",479,415,64
1962840,"Casual,Indie",3,2,1
588440,"Action,Free to Play,Indie,Early Access",30,22,8
1936210,"Casual,Indie",2,2,0
300610,"Casual,Simulation,Sports",228,118,110
611080,"Action,Casual,Indie,Early Access",0,0,0
1859670,Indie,0,0,0
1985410,"Casual,Indie",1,0,1
284100,"Indie,Simulation,Strategy",125,64,61
485270,"Casual,Simulation",8,1,7
491620,"Action,Casual,Indie,Racing,Sports",37,30,7
541370,"Action,Casual,Indie",12,3,9
1397170,"Action,Indie",30,19,11
1657880,"Free to Play,Indie,Sports",0,0,0
1574540,Action,1,1,0
2077530,Casual,0,0,0
818780,"Action,Indie",1,0,1
990030,"Casual,Indie,Simulation,Sports",37,29,8
1948930,"Adventure,Indie,RPG",1,0,1
914420,"Action,Casual,Indie,Sports",3,2,1
663190,"Casual,Simulation",34,22,12
1800640,"Action,Adventure,Indie",0,0,0
1502240,"Casual,Indie",1,1,0
1094690,"Casual,Free to Play,Massively Multiplayer",8,6,2
1835020,"Action,Casual,Free to Play,Indie",0,0,0
1056590,"Adventure,Indie",9,7,2
1480690,"Adventure,Indie,RPG,Strategy",0,0,0
1706310,"Indie,RPG,Strategy",18,16,2
985420,"Action,Early Access",1,0,1
1968160,Free to Play,0,0,0
1742080,"Action,Casual,Simulation",2,1,1
1267950,Indie,1,1,0
1430180,"Casual,Indie",1,1,0
1524290,"Casual,Indie",1,1,0
800600,"Adventure,Indie,RPG",240,228,12
1825670,"Action,Casual,Indie,Simulation,Sports",9,9,0
543870,"Action,Adventure,Strategy",628,564,64
1136110,"Adventure,Casual,Indie,Strategy",12,3,9
844350,"Casual,Indie,Strategy",2,1,1
1242710,"Casual,Audio Production,Utilities,Video Production",1,1,0
362870,"Design & Illustration,Web Publishing",358,332,26
1714380,"Action,Adventure,Indie,RPG,Strategy",5,3,2
1125400,"RPG,Simulation",11,8,3
1097960,"Indie,Massively Multiplayer,RPG",73,47,26
1121770,"Action,Adventure,Indie",2,1,1
1480030,"Adventure,Indie,Early Access",19,13,6
1984710,"Action,Casual,Indie,Racing,Simulation,Early Access",4,4,0
1881140,"Action,Adventure,Casual,Indie,Simulation,Sports",74,54,20
1225740,Casual,3,1,2
529100,"Action,Adventure,Indie",31,28,3
1743720,"Casual,Indie",1,0,1
1657080,"Action,Indie,Early Access",0,0,0
1727100,"Casual,Indie,Simulation,Early Access",8,7,1
342990,"Adventure,Casual,Indie",61,24,37
919330,"Adventure,Indie",26,23,3
898040,"Casual,Indie",0,0,0
1734810,"Casual,Indie",0,0,0
977100,"Casual,Indie,Strategy",16,15,1
436510,"Action,Indie,RPG,Strategy,Early Access",8,5,3
412380,Action,9,8,1
389050,"Action,Indie,Early Access",116,87,29
1490500,"Adventure,Indie",1,0,1
1657600,"Adventure,Casual",11,9,2
1013680,"Action,Adventure,Free to Play,Indie",0,0,0
1528800,"Adventure,Simulation",0,0,0
1303630,"Action,Adventure,Indie",0,0,0
444460,"Action,Indie,Strategy,Early Access",28,3,25
656020,"Adventure,Casual,Indie,Simulation",1,1,0
711540,"Action,Indie,Racing,Simulation,Sports",845,769,76
431250,"Action,Indie,Strategy",135,109,26
1803690,"Casual,Indie,Simulation",11,11,0
983990,"Action,Free to Play,Indie",4,4,0
577480,Adventure,242,233,9
264120,"Free to Play,Indie,Racing,Simulation,Sports",82,36,46
1547310,"Casual,Indie,Strategy",0,0,0
320140,"Action,Casual,Indie,Racing,Simulation,Sports",1340,1216,124
511230,"Action,Adventure,Indie",3,2,1
1787860,Action,1,0,1
510490,"Action,Adventure,Indie",392,313,79
693830,"Action,Adventure,Free to Play,Indie,Early Access",3,2,1
1447410,"Action,Adventure,Indie",0,0,0
298480,"Action,Simulation,Strategy",335,244,91
65530,"RPG,Strategy",63,40,23
691090,"Adventure,RPG",4,0,4
1952170,"Casual,Indie,Simulation,Strategy",17,17,0
827330,"Action,Racing",17,13,4
1002950,"Adventure,Casual,Indie",0,0,0
1785470,"Casual,Indie",1,1,0
510650,"Adventure,Casual",80,60,20
1648900,"Casual,Free to Play,Indie",0,0,0
488950,"Casual,RPG,Simulation,Strategy",94,60,34
1679930,"Indie,Sports",5,5,0
1018240,"Action,Indie",5,5,0
1724010,"Adventure,Indie,Strategy",11,11,0
796910,"Sexual Content,Violent,Adventure,Free to Play,Indie",0,0,0
288650,Racing,21,13,8
1375110,Education,0,0,0
1305660,"Adventure,Indie",6,6,0
931220,"Action,Free to Play,Early Access",0,0,0
661950,"Free to Play,Indie",0,0,0
1036550,Indie,3,2,1
1271460,"Casual,Indie",3,2,1
387880,"Action,Adventure,Indie",18,10,8
253770,Simulation,372,124,248
1194160,"Adventure,Casual,Indie",11,11,0
801870,"Casual,Simulation",0,0,0
1546910,"Casual,Indie,Simulation",1,1,0
908320,"Adventure,Casual,Indie,Simulation,Strategy,Early Access",0,0,0
1211830,"Indie,RPG",19,12,7
1964000,"Adventure,Free to Play",0,0,0
1532170,"Action,Adventure,Free to Play",0,0,0
1661390,"Action,Casual,Indie,Early Access",0,0,0
2061280,"Action,Adventure",3,3,0
422210,"Indie,RPG,Strategy,Early Access",9,1,8
1373780,"Free to Play,Indie,Simulation",4,3,1
1541690,Indie,8,4,4
32140,"Adventure,Casual",48,36,12
1526260,Action,27,17,10
1899710,"Free to Play,Indie",0,0,0
644000,"Action,Adventure,Indie,RPG,Simulation,Strategy,Early Access",24,12,12
818730,"Adventure,Casual,Indie",30,20,10
1834390,"Action,Casual,Indie,RPG,Simulation,Sports,Strategy",0,0,0
1693500,"Casual,Indie",2,1,1
1042670,"Indie,RPG",53,36,17
1990190,"Casual,Indie",1,0,1
1565430,"Action,Adventure,Casual,Indie,RPG,Simulation",4,1,3
1048470,"Casual,Indie,Strategy",0,0,0
1383960,"Action,Casual,Racing",151,123,28
874840,"Casual,Indie,Simulation",1,0,1
1922130,Casual,0,0,0
1383690,"Action,Adventure,Indie",29,18,11
896180,"Violent,Action,Casual,Indie,Simulation",12,9,3
2000180,"Action,Casual,Free to Play,Indie",0,0,0
1767740,"Adventure,Casual,RPG",1,1,0
571350,"Action,Free to Play,Indie",28,24,4
717720,"Action,Adventure,Strategy",6,5,1
706380,"Casual,Indie,Strategy",1,1,0
1067280,"Casual,Indie,Simulation",0,0,0
989250,"Action,Adventure,Casual,Indie",3,1,2
262980,"Action,Indie",17,5,12
1395540,"Casual,Indie,Strategy",42,41,1
685130,"Indie,Strategy",3,2,1
1066090,"Action,Adventure,Indie,RPG",2,2,0
966070,"Action,Indie,Massively Multiplayer,Early Access",29,26,3
750130,"Action,Adventure,RPG",465,320,145
263320,"Indie,RPG",241,190,51
46340,"Simulation,Strategy",64,43,21
521000,"Action,Adventure,Casual,Indie",5,3,2
1930180,"Adventure,Casual",0,0,0
645340,Simulation,15,8,7
892960,"Free to Play,Indie,Strategy",0,0,0
416180,"Action,Indie,Strategy",20,18,2
1730290,"Casual,Free to Play,Simulation",0,0,0
1388840,"Casual,Indie,Simulation",0,0,0
922250,"Action,Indie",15,14,1
1812140,"Action,Indie",1,1,0
406780,"Indie,Simulation",16,14,2
1410370,"RPG,Strategy",0,0,0
907380,"Adventure,Indie,RPG",28,18,10
1030330,"Casual,Indie",1,0,1
1563760,"RPG,Early Access",0,0,0
1467080,Action,0,0,0
1366700,"Action,Adventure,Free to Play,Indie",1,1,0
860090,"Sexual Content,Nudity,Casual,Indie,Simulation",15,11,4
891510,"Casual,Indie",88,76,12
1009350,"Action,Adventure,Indie",6,5,1
575650,Adventure,129,114,15
1132830,"Action,Casual,Free to Play",0,0,0
683630,Indie,1,1,0
372960,"Action,Casual,Indie",39,38,1
637050,"Indie,RPG,Strategy,Early Access",33,23,10
769360,"Violent,Gore,Adventure,Indie",17,5,12
700730,"Nudity,Violent,Action,Adventure,RPG",6,6,0
333260,"Adventure,Casual,Indie",65,65,0
1331420,"Action,Indie,RPG",10,9,1
290990,"Casual,Indie,Simulation",39,23,16
1183980,"Action,Adventure,Indie",0,0,0
1379570,"Action,Adventure,Indie",3,3,0
1031260,"Indie,RPG",6,3,3
1355290,Simulation,1,0,1
454570,"Indie,RPG,Simulation,Strategy",22,14,8
413760,"Action,Casual,Indie",2,1,1
1813560,Adventure,1,1,0
1380830,"Action,Adventure,Casual,Indie",8,6,2
327950,"Adventure,Simulation",106,101,5
1153540,"Action,Indie,Racing",38,32,6
1727420,"Audio Production,Utilities",18,18,0
869580,"Adventure,Casual,Indie,Racing",0,0,0
1252710,"RPG,Strategy",128,83,45
917810,"Action,Indie",1,1,0
1377430,"Action,Adventure,Indie,RPG,Early Access",69,53,16
1632020,"Free to Play,RPG,Simulation,Strategy",0,0,0
596970,"Adventure,Indie,RPG",1858,1568,290
988910,"Action,Free to Play,Indie,Simulation,Sports",1187,1099,88
597970,"Indie,Strategy",160,134,26
521670,Strategy,0,0,0
1238040,"Action,Adventure,RPG",1477,1212,265
1497830,"Casual,Indie",0,0,0
982350,"Action,Casual,Indie",34,34,0
1368240,"Casual,Indie,Strategy,Early Access",1,1,0
1734280,"Casual,Free to Play,Indie,Early Access",0,0,0
264240,"Action,Adventure,Indie,RPG",516,397,119
1462730,"Casual,Indie",28,23,5
1196080,"Free to Play,Indie,Simulation,Early Access",49,44,5
971740,"Indie,Strategy",4,4,0
1117810,"Action,Casual,Free to Play,Indie",0,0,0
307290,"Adventure,Casual,Free to Play,Indie,RPG",7,3,4
1432980,"Casual,Simulation",1,0,1
205020,"Adventure,Casual,Indie",283,244,39
1188660,"Casual,Indie",8,8,0
1081720,"Adventure,Casual,Indie",2,0,2
1085280,"Action,Casual",0,0,0
782280,"Casual,Indie",11,10,1
1839350,"Adventure,Strategy",1,1,0
1880640,"Casual,Indie,Simulation",10,10,0
1511540,"Adventure,Indie,RPG",3,3,0
245010,"Action,Adventure",85,37,48
1555160,"Adventure,Indie,Sports",2,0,2
871810,Indie,10,5,5
1483390,"Action,Casual,Indie",0,0,0
949800,"Adventure,Casual",27,19,8
12210,"Action,Adventure",37769,28177,9592
730190,"Action,Adventure,Casual,Simulation",4,2,2
1150480,"Action,Indie,Massively Multiplayer,Racing,Simulation",2,2,0
1798600,"Action,Indie",17,16,1
222420,Action,536,493,43
716310,"Casual,Indie",1,0,1
1813550,"Adventure,Casual,Indie",6,6,0
1175200,"Action,Adventure,Indie,Massively Multiplayer",69,48,21
1365590,"Action,Strategy",3,3,0
1041940,Strategy,54,45,9
1009300,"Action,Adventure,Indie",1,1,0
1575920,"Action,Adventure",31,25,6
1430970,"Adventure,Indie,Strategy,Early Access",45,38,7
245430,"Adventure,RPG",119,107,12
981670,"Action,Adventure,Indie,Strategy",1,1,0
745000,Indie,91,64,27
750290,"Adventure,Indie",168,157,11
1677580,"Action,Indie,RPG,Strategy",16,15,1
1478600,"Adventure,Casual,Indie",21,15,6
715490,"Adventure,Indie",3,2,1
1082220,"Action,Adventure,Indie,RPG",8,5,3
1270870,"Casual,Indie",6,5,1
1019720,"Casual,Indie",0,0,0
922800,"Casual,Indie,Simulation",19,5,14
494780,Casual,8,5,3
1368260,"Casual,Indie,Simulation",0,0,0
434410,Indie,103,99,4
1040430,"Action,Adventure,Casual,Free to Play,Racing,Simulation,Sports",0,0,0
759950,"Action,Early Access",9,4,5
766740,"Adventure,Casual,Indie,Early Access",8,7,1
1069670,"Casual,Free to Play,Indie,RPG",0,0,0
464620,"Indie,RPG",380,354,26
1061430,Casual,0,0,0
1696740,"Adventure,Indie",0,0,0
1686130,"Adventure,Indie,RPG,Simulation",41,35,6
903730,"Action,Casual,Free to Play,Indie,Racing,Sports,Early Access",0,0,0
965810,Adventure,116,100,16
1119940,"Casual,Indie",30,28,2
1825200,"Massively Multiplayer,Sports,Early Access",0,0,0
1124430,"Action,Adventure,Indie",7,6,1
1627520,"Casual,Indie",0,0,0
284220,"Action,Indie",12,10,2
684320,"Action,Casual,Indie",13,12,1
881820,"Violent,Indie,Strategy,Early Access",0,0,0
679590,"Design & Illustration,Photo Editing,Software Training,Utilities,Video Production",0,0,0
949450,"Action,Adventure,Indie",3,3,0
756860,"Gore,Action,Adventure,Indie",3,2,1
1923920,"Action,Indie,Strategy",0,0,0
1719140,"Action,Adventure,Indie,RPG",0,0,0
551570,"Adventure,Indie,RPG",7,7,0
1330180,"Action,Adventure,Indie,Early Access",8,2,6
506280,Simulation,0,0,0
1401080,"Action,Early Access",0,0,0
1884440,"Adventure,Casual,Indie,Simulation",1,1,0
1123510,"Adventure,Indie,Simulation",0,0,0
1446100,Indie,6,4,2
736930,"Adventure,Casual,Indie",21,14,7
1396610,"Action,Adventure,Indie,Simulation",3,2,1
1370470,"Action,Casual,Indie,Early Access",10,2,8
995160,"Action,Casual,Indie",7,7,0
1877370,"Action,Casual,Indie,Simulation,Strategy",9,6,3
1606580,Action,0,0,0
854510,Strategy,2,0,2
377980,"Action,Casual,Indie",16,7,9
1309440,"Action,Casual,Indie,Simulation",10,7,3
407720,Casual,48,26,22
860440,"Adventure,Casual,Indie,Simulation",25,14,11
1561800,"Action,Adventure,Casual,Indie",10,6,4
609100,"Adventure,Indie,Strategy",10,5,5
580060,"Action,Casual,Indie,Simulation,Early Access",0,0,0
1485600,"Casual,Indie,Sports",4,3,1
1753800,"Indie,Strategy",1,1,0
1523170,"Action,Adventure,Casual,Indie,Strategy",14,14,0
1657860,"Free to Play,Simulation,Education",0,0,0
934510,"Adventure,Casual,Indie,Early Access",0,0,0
766780,"Action,Casual,Indie",7,7,0
492800,Free to Play,5,3,2
761460,"Adventure,Indie",386,346,40
1368670,"Action,Sports",0,0,0
812140,"Action,Adventure,RPG",40122,36192,3930
1424850,"Action,Adventure,Indie",18,12,6
1527830,Indie,18,13,5
1168250,"Adventure,Free to Play,Indie,RPG,Strategy,Early Access",0,0,0
767680,"Action,Adventure,Indie",0,0,0
1272660,"Action,Indie",0,0,0
1032090,"Indie,Simulation,Strategy,Early Access",0,0,0
842430,"Indie,RPG,Simulation,Strategy",7,6,1
1346860,"Adventure,Indie",1,0,1
1039960,"Adventure,Casual",12,12,0
214490,Action,18948,17404,1544
1752500,"Racing,Simulation",3,3,0
1392750,"Action,RPG,Simulation",2,0,2
1725950,"Adventure,RPG,Strategy",0,0,0
472690,"Action,Indie",7,6,1
1652220,RPG,6,4,2
1903780,Adventure,6,1,5
490430,"Action,Adventure,Casual",1,1,0
1854730,"Casual,Indie,Strategy",1,0,1
1116890,"Adventure,Casual,Indie,Simulation,Strategy",5,4,1
1573170,"Casual,Indie",17,17,0
1144970,"Action,Casual,Indie,Strategy",184,133,51
682820,"Casual,Indie,Strategy",0,0,0
925490,"Casual,Indie",10,9,1
1660910,"Action,Casual,Free to Play,Indie,Strategy",0,0,0
1063830,"Action,Indie,RPG",27,22,5
924100,"Action,Adventure,Indie",14,6,8
1298340,Action,4,3,1
347730,"Adventure,Indie",22,20,2
1578760,Casual,2,2,0
665210,"Casual,Indie,Simulation,Sports",3,3,0
467090,"Casual,Indie",10,5,5
1076530,"Adventure,Indie",3,3,0
756410,"Free to Play,Indie,Massively Multiplayer,Simulation,Strategy,Early Access",0,0,0
1126600,"Adventure,Casual,Indie",65,60,5
1881390,"Action,Adventure,Indie,RPG,Early Access",0,0,0
652980,"Casual,Free to Play,Indie,Simulation",0,0,0
1135480,"Action,Indie",1,1,0
1810840,"Indie,RPG,Simulation,Early Access",0,0,0
778360,"Violent,Action,Adventure,Casual,Indie,RPG,Strategy",2,1,1
1820690,"Casual,Indie",16,15,1
254370,"Action,RPG,Simulation",145,72,73
1654530,"Action,Adventure,Casual,Strategy,Early Access",0,0,0
713650,"Adventure,Free to Play,Indie",0,0,0
1203710,"Action,Adventure,Indie",444,418,26
898380,"Casual,Indie",4,3,1
1840920,"Casual,Indie",20,19,1
824570,"Indie,Strategy",41,38,3
632080,"Casual,Indie,Simulation",0,0,0
233550,"Action,Adventure",751,625,126
1976980,Indie,19,10,9
364880,"Action,Casual,Indie",0,0,0
1355360,"Adventure,Indie",7,6,1
1305250,"Action,Adventure,Indie,RPG,Simulation",1,1,0
686580,"Action,Adventure,Casual,Indie,Strategy",4,4,0
592200,"Adventure,Indie,RPG",7,6,1
905450,Racing,283,212,71
1673940,"Action,Indie",17,14,3
422130,"RPG,Simulation",51,22,29
1044790,"Action,Indie",5,3,2
355080,"Action,Casual,Indie",6,3,3
1603460,"Action,Indie",2,2,0
1579780,"Adventure,Casual,Indie,Strategy",1,1,0
770440,"Adventure,Casual,Indie",21,9,12
668010,"Action,Simulation,Sports",4,4,0
12640,RPG,191,141,50
2013650,"Adventure,Indie",11,8,3
1047190,"Adventure,Indie,RPG",0,0,0
495960,"Adventure,Casual,Indie",18,9,9
1308350,"Action,Adventure,Casual,Indie,Simulation",6,2,4
1276550,"Adventure,Casual,Free to Play,Indie",0,0,0
488020,"Action,Strategy",3,1,2
1903830,"Adventure,Casual",1,0,1
25980,"Simulation,Strategy",495,320,175
490170,"Action,Indie",16,15,1
1389450,"Action,Adventure,Casual,Indie,RPG",3,2,1
10680,Action,5650,5032,618
1920790,Indie,0,0,0
1636970,"Adventure,Casual,Indie,Strategy",0,0,0
1546830,"Action,Adventure,Indie,RPG",3,2,1
1550430,Action,4,4,0
1232550,"Adventure,Indie",2,2,0
600460,"Action,Indie,Strategy",185,135,50
778330,"Adventure,Indie",134,130,4
1074220,"Adventure,Indie",14,13,1
639650,"Action,Casual,Free to Play,Indie",0,0,0
262630,"Action,Adventure,Indie",5,3,2
1149660,"Casual,Indie",232,183,49
874330,"Casual,Indie,RPG",3,1,2
529020,"Simulation,Sports,Early Access",45,39,6
661290,"Action,Adventure,Indie,Racing,RPG,Simulation,Sports",305,242,63
466130,"Action,Adventure,Indie",193,161,32
995900,"Adventure,Casual",9,7,2
1415630,"Action,Adventure,Indie,Early Access",3,2,1
1385810,"Action,Adventure,Indie",5,5,0
365340,"Action,Adventure,Indie",17,12,5
1158650,"Action,Adventure,Indie,RPG,Simulation,Strategy",1,0,1
1063340,"Adventure,Indie,RPG",0,0,0
1431240,"Casual,Free to Play",0,0,0
433400,"Adventure,Indie,RPG,Simulation,Strategy",24,18,6
639840,"Casual,Indie,Simulation,Strategy,Early Access",8,3,5
685370,"Adventure,Casual,Indie,Strategy",8,2,6
939230,"Action,Indie,Simulation,Sports,Early Access",8,6,2
1561390,"Action,Adventure,Free to Play,Indie",0,0,0
1736740,"Casual,Indie,Simulation",12,11,1
1452270,"Casual,Indie,Strategy",0,0,0
12790,"Action,Adventure",121,59,62
1285440,"Adventure,Casual,Indie,RPG,Strategy",0,0,0
1409350,"Adventure,Casual",1,0,1
1605050,"Casual,Indie,Racing,Simulation",0,0,0
973310,"Action,Simulation,Strategy",0,0,0
1169020,"Adventure,Indie",96,86,10
364100,"Action,Indie",4,4,0
1134050,"Adventure,Strategy",5,2,3
313200,Adventure,37,22,15
1512370,"Adventure,Casual,Indie",0,0,0
1673220,"Action,Casual",0,0,0
447270,Free to Play,2,2,0
1413290,Action,0,0,0
296630,"Action,Adventure,Free to Play,Indie",63,47,16
230150,"Action,Adventure,Casual,Indie,Simulation",107,82,25
244690,"Adventure,Indie",43,30,13
1012710,"Action,Early Access",1,0,1
289800,"Adventure,Casual",110,48,62
690740,"Casual,Indie",47,25,22
104900,"Action,Adventure,Indie,RPG",11661,9106,2555
1665010,Casual,3,3,0
1137700,"Action,Free to Play,Indie,Sports",0,0,0
821480,Strategy,1,0,1
306630,"Simulation,Strategy",205,157,48
1930040,"Action,Adventure,Casual,Indie,Strategy",1,0,1
1953020,"Action,Indie",9,9,0
1763350,"Casual,Indie,Strategy",2,2,0
351160,"Casual,Indie,Simulation",38,27,11
1854140,Adventure,13,12,1
348510,"Action,Casual,Simulation",221,73,148
1950830,"Action,Indie,Simulation,Early Access",1,1,0
1076610,"Adventure,Casual,Indie",14,13,1
1010290,Indie,6,6,0
409850,"RPG,Strategy",256,195,61
821760,"Photo Editing,Video Production",0,0,0
1282900,RPG,12,11,1
57700,"Action,Casual,Indie",73,51,22
1903630,"Action,Casual,Indie,Simulation",16,15,1
1897350,"Action,Casual",1,1,0
1640880,"Action,Casual,Free to Play,Indie",0,0,0
273860,Simulation,8,2,6
551360,"Adventure,Casual",3,3,0
1357670,"Casual,Simulation",155,117,38
1102040,Strategy,12,11,1
1185630,"Casual,Indie,Simulation",2,2,0
575540,"Action,Casual,Sports",14,7,7
1516560,"Indie,Simulation,Strategy",3,2,1
1251980,"Adventure,Indie",54,35,19
615670,"Adventure,Casual,Indie",54,43,11
1759610,"Animation & Modeling,Design & Illustration,Game Development",10,8,2
1292940,"Adventure,Indie",862,848,14
1005480,"Adventure,Indie,RPG",0,0,0
563560,"Action,Free to Play",0,0,0
1065870,"Adventure,Casual,Indie",0,0,0
325320,"Adventure,RPG",37,27,10
774781,"Casual,Indie",12,8,4
1324730,"Action,Adventure,Casual,Indie,Racing,RPG,Simulation,Strategy,Early Access",3,2,1
1171620,"Casual,Indie",1,1,0
1123410,"Action,Adventure,Indie",0,0,0
1797440,"Casual,Indie,RPG",1,0,1
694980,"Casual,Indie",7,6,1
976320,"Casual,Indie",0,0,0
238010,"Action,RPG",10775,9882,893
1786570,"Casual,Indie,Racing,Simulation,Sports",0,0,0
698360,"Adventure,Indie",6,4,2
364720,"Action,Adventure,Indie",10,8,2
351870,Strategy,92,72,20
606490,"Casual,Indie,Racing,Simulation,Sports",66,56,10
551770,"Action,Adventure,Indie",886,720,166
1824260,Casual,2,0,2
532840,"Adventure,Casual,Free to Play,Indie",209,151,58
1144450,"Adventure,Casual,Indie",2,2,0
244930,"Casual,Indie,Simulation,Sports",1548,969,579
2021540,"Indie,Strategy",0,0,0
1498490,"Adventure,Free to Play,Indie",0,0,0
1805260,Adventure,1,1,0
418940,"Casual,Indie,Simulation,Early Access",14,9,5
2013180,"Casual,Indie",0,0,0
99700,"Casual,Indie,Strategy",169,155,14
1702380,"Casual,Indie,Simulation,Strategy",1,0,1
1510100,"Action,Adventure,Casual,Indie,Racing,Early Access",0,0,0
273850,Simulation,9,0,9
823310,"Casual,Indie",7,5,2
1389730,"Action,Adventure,Casual,Free to Play,Indie,Simulation,Strategy",2,2,0
583740,"Free to Play,Massively Multiplayer,Simulation",1,1,0
907870,"Action,Casual,Indie,Early Access",2,1,1
545940,Simulation,13,12,1
1416820,"Action,Indie",4,2,2
500580,Casual,69,66,3
414080,"Adventure,Indie,Simulation,Strategy",131,69,62
1685610,"Casual,Indie",3,3,0
799640,"Action,Adventure,Indie,RPG",538,501,37
701900,Adventure,0,0,0
1603990,"Action,Casual,Indie",0,0,0
658250,"Action,Strategy,Early Access",0,0,0
410330,"Indie,Strategy",6,4,2
889910,"Action,Adventure",260,245,15
1266800,"Adventure,Casual,Indie,RPG,Simulation,Strategy",175,156,19
668850,Casual,1,0,1
572570,"Casual,Indie,Simulation,Strategy",9,8,1
657510,"Casual,Indie,Simulation",35,33,2
1781040,Casual,1,0,1
1278710,Indie,2,2,0
840800,"Action,Adventure,Casual,Indie,Massively Multiplayer,RPG,Strategy,Early Access",2701,1686,1015
666930,"Adventure,Free to Play,Indie",3,1,2
1323540,"Action,Adventure,Casual,Indie",37,35,2
80310,"Adventure,Indie",785,686,99
1910560,"Action,Indie",1,1,0
1716470,"Action,Adventure,Indie",0,0,0
685790,"Action,Indie",45,33,12
390870,Action,23,18,5
626630,"Action,Adventure,Indie,RPG",15,6,9
1178180,Indie,6,4,2
718240,"Indie,Simulation,Strategy",6,4,2
1171120,"Action,Adventure,Indie,RPG",32,21,11
1551340,"Indie,RPG",2,2,0
1386510,"Adventure,Indie",5,5,0
280910,"Action,Indie,Racing",140,127,13
865940,Action,54,45,9
1754260,"Adventure,Casual,Indie",13,11,2
272040,"Casual,Indie",320,307,13
1005870,"Action,Free to Play,Indie",0,0,0
1579120,"Action,Adventure,Indie,Simulation",0,0,0
331220,"Action,Indie",81,57,24
1632480,"Casual,Indie,Racing",0,0,0
1659650,"Adventure,Indie",26,19,7
1137680,"Action,Adventure",3,3,0
1013970,"Action,Casual,Indie,Early Access",0,0,0
1170050,"Action,Indie,Simulation",14,13,1
1592900,"Action,Adventure,Casual,Indie",0,0,0
911120,"Action,Indie",10,10,0
1620110,"Adventure,Casual,Indie",5,5,0
943920,"Casual,Indie,Sports",4,4,0
710620,"Action,Adventure,Casual,Indie,Early Access",0,0,0
1659710,"Action,Free to Play,Indie",5,5,0
921850,Indie,0,0,0
830430,"Adventure,Indie",3,1,2
290890,"Action,Casual,Indie,RPG,Strategy",516,422,94
923530,"Action,Indie,Simulation,Early Access",5,1,4
367220,"Casual,Simulation,Strategy",4,0,4
291270,"Action,Casual,Indie",18,7,11
417430,Racing,65,36,29
1123790,"Casual,Indie,Sports",21,16,5
1830490,Simulation,0,0,0
1381980,Indie,130,113,17
1370140,"Action,Adventure,Casual",134,96,38
1746780,"Adventure,Free to Play,Indie,RPG",0,0,0
303550,"Action,Adventure,Indie",99,84,15
702270,Action,1,1,0
323320,"Adventure,Casual,Indie",2558,2394,164
1047170,"Adventure,RPG",4,4,0
1915660,"Adventure,Free to Play,RPG",0,0,0
1772160,"Utilities,Game Development,Early Access",1,1,0
543290,"Sexual Content,Adventure,Indie",6,4,2
1517830,"Action,Adventure,Casual,Free to Play,Indie",0,0,0
1169640,"Adventure,Indie",0,0,0
1807380,Action,0,0,0
946190,"Adventure,Indie",1,1,0
432170,"Action,Adventure,Casual,Indie,RPG,Early Access",18,10,8
365090,"Action,Indie",3,3,0
611040,"Casual,Indie,Simulation,Strategy",266,193,73
1746970,"Casual,Indie",6,6,0
772480,"Casual,Indie,Sports",49,37,12
1259160,"Indie,Simulation,Early Access",2,0,2
1045620,RPG,92,78,14
1383510,"Indie,Strategy,Early Access",3,1,2
679490,"Adventure,Indie,RPG",2,2,0
514130,Simulation,10,9,1
287070,Strategy,117,103,14
1272330,"Casual,Indie",1,1,0
1098670,"Adventure,Indie",3,1,2
508180,"Action,Adventure,Casual,Indie,Strategy",53,36,17
838340,"Casual,Indie",8,6,2
1351550,"Adventure,Casual",10,10,0
2068040,"Action,Indie,RPG",2,0,2
1237220,"Casual,Indie,Strategy",33,24,9
1065320,"Action,Indie,Racing,Sports",30,28,2
1538400,Action,3,3,0
969990,"Action,Adventure,Casual",7386,7085,301
1519640,"Adventure,Casual,Indie",8,6,2
288970,Adventure,41,27,14
1915330,"Action,Adventure,Indie",1,0,1
1084730,RPG,0,0,0
706990,"Action,Free to Play,Indie",0,0,0
1519040,"Adventure,Casual",13,12,1
753390,"Action,Adventure,Indie,Simulation",2,1,1
773930,"Action,Casual,Simulation",14,12,2
1673600,"Adventure,Indie",0,0,0
1689310,"Adventure,Indie",6,5,1
1463170,"Adventure,Casual,Indie",21,9,12
1025460,"Action,Adventure,Indie",13,13,0
485510,"Action,RPG",6729,5453,1276
314590,"Action,Casual,Indie",17,15,2
944020,"Adventure,Casual,Indie",49,46,3
1479460,"Action,Adventure,Casual,Indie,RPG,Simulation,Sports,Strategy",0,0,0
1611060,"Indie,Simulation,Strategy,Early Access",1,1,0
769170,"Violent,Gore,Action,Adventure,Casual,Indie,Early Access",2,1,1
1206510,"Adventure,Casual,Indie,Strategy",0,0,0
1546600,"Action,Adventure,Indie",0,0,0
556780,"Action,Casual,Indie",26,17,9
1840860,"Action,Adventure,Indie,RPG,Simulation",3,3,0
1145820,"Adventure,Indie",6,4,2
378850,"Action,Casual,Indie,Early Access",10,6,4
1761820,"Action,Casual,Free to Play,Indie,Sports,Early Access",0,0,0
1427140,"Adventure,Casual,Indie",3,3,0
575670,"Indie,RPG,Strategy",11,8,3
1514610,"Adventure,RPG,Simulation,Strategy",38,32,6
1004620,"Action,Indie,Sports",30,30,0
1181020,"Action,Indie,Early Access",6,3,3
940810,"Casual,Strategy",7,3,4
964060,"Action,Indie",0,0,0
1614010,Action,0,0,0
897700,"Action,Adventure,Casual,Indie",7,4,3
1089770,"Casual,Indie,Strategy",6,6,0
1080060,"Adventure,Free to Play,Indie",0,0,0
778810,"Adventure,Indie,RPG",0,0,0
1420290,Action,596,432,164
1225220,Action,0,0,0
1782710,"Casual,Indie,Simulation",20,16,4
1450720,"Action,Adventure",2,2,0
918670,"Casual,Indie",49,49,0
1593250,"Adventure,Casual,Early Access",0,0,0
520930,"Casual,Indie,Simulation,Sports,Early Access",7,5,2
757690,Indie,1,0,1
1946650,"Action,Adventure,Casual,Racing,Simulation,Strategy",0,0,0
616680,"Action,Indie",9,7,2
1260230,"Casual,Indie",0,0,0
384120,"Action,Casual,Indie",25,17,8
503710,"Action,Adventure,Casual,Indie,Simulation,Strategy",9,5,4
699010,"Adventure,Indie,Early Access",7,1,6
1630180,"Adventure,Indie",25,16,9
843250,"Action,Indie",18,10,8
1377120,"Casual,Indie",8,7,1
22360,"Action,Free to Play",0,0,0
1477590,"Action,Casual,Sports",230,195,35
1018080,"Action,Adventure,Indie",3,2,1
1788710,"Indie,Simulation",0,0,0
398850,"Action,Adventure,Indie",1867,1789,78
1009450,"Adventure,Casual,Simulation",151,145,6
266270,"Casual,Sports",69,52,17
1275630,"Action,Casual,Free to Play,Indie,Simulation",0,0,0
929330,"Casual,Indie,Strategy",6,4,2
375210,"Indie,Simulation",33,28,5
1507930,"Casual,Indie,Strategy",2,2,0
1526180,"Adventure,Indie,Massively Multiplayer,RPG",32,24,8
1952490,"Action,Adventure,Casual,Indie",7,5,2
1049400,Indie,0,0,0
2057910,"Action,Casual,Indie",0,0,0
486760,"Casual,Indie,Strategy",1,0,1
269690,"Adventure,Indie,RPG",161,114,47
1816380,"Action,Adventure,Simulation,Strategy",2,1,1
1127480,"Action,Adventure,Indie",1,1,0
340380,"Action,Indie",8,6,2
648190,"Action,Indie,Simulation",3,3,0
1140100,"Action,Adventure,Indie",58,38,20
1476680,"Adventure,Casual,Indie,Early Access",24,20,4
1313,Action,148,120,28
576370,"Casual,Strategy",5,3,2
318440,"Casual,Indie,Strategy",23,14,9
1529410,"Casual,Free to Play,Indie",1,0,1
1095610,"Casual,Early Access",0,0,0
1673560,"Adventure,Casual",4,4,0
350080,Action,5922,5202,720
1567680,"Action,Indie,Early Access",1,1,0
1757900,Utilities,1,0,1
1368950,"Animation & Modeling,Design & Illustration,Video Production,Game Development",0,0,0
955890,"Action,Adventure,Casual,Indie,Racing,RPG,Simulation,Strategy",2,0,2
1465260,"Action,Adventure,Indie,Simulation,Early Access",13,10,3
770380,"Action,Adventure,Indie,RPG",1,1,0
1653320,RPG,6,5,1
1884140,"Action,Adventure,Indie,RPG,Early Access",0,0,0
1111330,"Action,Casual,Indie",0,0,0
345240,"Action,Strategy",426,383,43
596710,"Adventure,Casual,Free to Play,Indie",1,1,0
299820,"Adventure,Casual,Indie",12,1,11
1707070,"Indie,Simulation,Strategy,Early Access",0,0,0
865760,"Adventure,Indie",1,1,0
1834310,Casual,23,18,5
999350,"Adventure,Casual,Indie,RPG",8,7,1
644110,"Action,Adventure",15,8,7
397740,"Indie,RPG",2196,2151,45
57000,"Action,Adventure",68,60,8
941350,"Action,Indie",3,2,1
560760,"Adventure,Casual",26,14,12
1927310,"Casual,Free to Play,Massively Multiplayer,Strategy",0,0,0
70420,"Action,RPG,Indie",437,330,107
370660,"Adventure,Casual,Indie,RPG",25,16,9
575690,"Adventure,RPG,Simulation,Strategy",5,5,0
327510,"Action,Indie,RPG",508,401,107
620360,"Casual,Indie,Strategy",24,24,0
586430,"Action,Adventure,Indie",3,2,1
438160,"Action,Casual,Indie,Early Access",3,3,0
986070,"Action,Adventure,Indie,Strategy",13,11,2
556640,"Action,Indie,Early Access",162,126,36
699720,"Adventure,Strategy,Early Access",0,0,0
1855590,"Casual,Indie",2,2,0
232790,"Adventure,Casual,Indie",3101,2531,570
501760,"Action,Adventure,Casual,Indie",74,35,39
1655930,"Casual,Indie",4,3,1
1491570,"Casual,Indie",0,0,0
1546960,Indie,5,3,2
703400,"Action,Indie,RPG",7,5,2
2006320,"Indie,Strategy",0,0,0
391340,"Adventure,Casual,Indie",31,11,20
678800,"Action,Free to Play,RPG",0,0,0
460230,"Simulation,Sports,Strategy",73,55,18
1894680,"Action,Adventure,Casual,Free to Play,Indie",0,0,0
680310,"Casual,Free to Play,Simulation",0,0,0
1355450,"Action,Adventure,Indie,RPG",2,1,1
1745220,"Casual,Indie,RPG,Strategy",7,5,2
1699860,"Action,Indie,Sports",74,67,7
607190,"Action,Adventure,Casual,RPG,Early Access",2,1,1
1777950,"Action,Adventure,Casual,Indie,Racing,RPG,Simulation,Strategy",0,0,0
780120,"Casual,Free to Play,Indie,Racing,Sports",0,0,0
766210,Indie,0,0,0
388730,"Adventure,Indie",62,58,4
1304350,"Action,Adventure,Casual,Indie,Simulation,Early Access",6,5,1
819640,"Casual,RPG,Simulation",2,1,1
573050,"Adventure,Indie",17,15,2
449820,"Adventure,Indie,RPG",49,22,27
864060,"Action,Casual,Indie,Racing",471,444,27
508440,"Indie,Simulation,Strategy",52709,51765,944
1322300,"Action,Adventure,Indie",32,18,14
50620,"Action,Adventure",2859,2498,361
1662480,"Action,Adventure,Indie",166,160,6
1340530,"Action,Adventure,Free to Play,Indie,Simulation",0,0,0
1778520,"Action,Adventure,Indie",3,3,0
1033510,"Adventure,Indie,Simulation",11,4,7
1750410,"Action,Racing",0,0,0
1093130,"Adventure,Casual",10,10,0
1678510,"Casual,Indie",0,0,0
416190,"Indie,Simulation",131,111,20
1898050,"Casual,Indie",1,1,0
1092650,"Casual,Indie",2,1,1
1069760,"Adventure,Indie,RPG,Simulation",349,330,19
865330,Action,2,1,1
1650790,"Action,Casual",2,2,0
1931470,"Adventure,Casual,Indie,Racing,Strategy",0,0,0
1868850,"Casual,Indie,RPG",9,6,3
324120,"Adventure,Casual,Indie",168,121,47
1583820,"Action,Casual,Indie",4,2,2
1218090,"Adventure,Indie",3,2,1
1131800,"Casual,Indie,Simulation",42,41,1
936890,"Casual,Indie,RPG,Early Access",0,0,0
516250,"Action,Adventure,Indie,Early Access",9,2,7
1023040,"Indie,Simulation,Sports",2,1,1
963570,"Action,Casual,Indie",10,8,2
1697300,"Simulation,Strategy",0,0,0
1820320,"Indie,Massively Multiplayer,RPG",1,0,1
662410,"Casual,Indie",13,13,0
550560,"Casual,Indie",0,0,0
308360,"Casual,Indie",21,18,3
1937970,"Action,Casual,Indie",8,7,1
1113220,"Indie,RPG,Early Access",6,5,1
1157820,"Action,Adventure,Indie",1,1,0
803760,"Adventure,Casual,Indie",1,1,0
1137460,"Action,Adventure,Indie",1110,1006,104
1516080,"Adventure,RPG",24,21,3
1930140,"Action,Casual,Indie",7,6,1
1404630,"Action,Adventure,Indie",1,1,0
857760,"Adventure,Casual,Indie,RPG,Early Access",17,11,6
1761250,"Casual,Indie",0,0,0
245150,"Adventure,Casual,Indie",431,342,89
1301770,"Casual,Indie,Simulation",14,14,0
453270,"Action,Adventure,Indie,Massively Multiplayer,Simulation",75,50,25
1194050,"Action,Adventure",52,36,16
1132970,"Action,Indie",74,51,23
746030,"Adventure,Casual,Indie",4,2,2
1111250,"Action,Indie",1,1,0
654390,"Indie,RPG,Simulation",1,0,1
242820,"Action,Indie",1159,1100,59
94400,"Action,Indie,Sports",3744,3384,360
1409710,"Casual,Free to Play,Indie",0,0,0
378790,RPG,10,9,1
1363840,RPG,45,36,9
1037150,"Action,Adventure,Casual,Indie",1,1,0
806160,"Action,Adventure,Casual,Indie",9,2,7
817620,Casual,0,0,0
1653400,"Action,Adventure,Casual,Indie",0,0,0
518740,Indie,1,1,0
998660,"Action,Casual,Free to Play,Simulation,Early Access",0,0,0
520680,"Casual,Indie,Strategy",17,7,10
839740,"Adventure,Indie,RPG",0,0,0
1876980,"Casual,Indie",0,0,0
431120,"Indie,Strategy",143,121,22
596560,"Violent,Gore,Action,Adventure",23,17,6
1000130,"Casual,Indie",5,5,0
563400,"Adventure,Free to Play,Indie",1,0,1
1705520,"Adventure,Casual,Indie",81,64,17
1348760,"Action,Indie,Early Access",9,8,1
1532640,"Casual,RPG,Strategy",0,0,0
2057370,"Adventure,Casual,Free to Play,Indie",0,0,0
812040,"Action,Adventure,Indie,Simulation,Strategy",829,622,207
367340,"Action,Indie,Strategy",23,6,17
856050,"Action,Adventure",0,0,0
1497510,"Adventure,RPG",5,4,1
1603780,"Adventure,Casual,Indie",0,0,0
1433430,"Action,Adventure,Indie,RPG",8,8,0
659480,"Action,Adventure,Indie",131,101,30
1020980,"Adventure,Casual,Strategy",2,0,2
864150,"Indie,Simulation,Early Access",9,5,4
335240,"Free to Play,Indie,Massively Multiplayer",85,73,12
1205690,"Action,Adventure,Casual,Indie",0,0,0
264380,Indie,10,9,1
517790,"Simulation,Strategy",729,677,52
339710,"Action,Adventure,Indie",3,1,2
318350,"Adventure,Casual",26,11,15
1386310,"Action,Adventure,Racing,Simulation,Sports",4,3,1
1008650,"Action,Adventure,Casual,Indie",0,0,0
280460,"Action,Indie",40,26,14
1902200,"Action,Indie,Strategy,Early Access",0,0,0
1246250,"Adventure,Casual,Indie",127,117,10
341940,"Action,Indie",5659,4451,1208
871850,"Action,Indie",6,4,2
1892890,"Casual,Indie,Simulation",0,0,0
307190,"Adventure,Casual,Simulation",62,48,14
1966590,"Adventure,Casual,Indie",1,0,1
284870,"Adventure,Casual",266,232,34
1542330,"Action,Adventure,Casual",1,1,0
1103140,"Audio Production,Utilities,Video Production,Early Access",10,5,5
1522220,"Action,Indie",0,0,0
1782010,"Adventure,Casual,Indie",0,0,0
1722300,"Casual,Strategy",0,0,0
1062090,"Indie,Simulation,Strategy,Early Access",7637,7271,366
1141510,"Action,Indie",0,0,0
1062390,"Casual,Indie",0,0,0
1263370,"Action,Adventure,Casual,Indie,RPG,Strategy",116,83,33
321350,"Action,Indie,Simulation,Strategy",12,8,4
11260,"Simulation,Strategy",97,43,54
1239740,"Action,Indie",0,0,0
421810,"Adventure,Casual,Indie,RPG,Strategy",146,98,48
890970,Indie,155,127,28
992680,"Casual,Indie",0,0,0
735320,Casual,4,4,0
976830,"Adventure,Indie,RPG",3,3,0
691770,"Casual,Simulation,Strategy",146,130,16
811940,"Action,Casual,Indie,Racing,Sports",0,0,0
1045220,"Action,Adventure,Massively Multiplayer",1,0,1
1738630,"Casual,Indie",1,1,0
1452260,"Adventure,Indie",13,13,0
567860,"Casual,Indie",2,2,0
357480,"Casual,Free to Play",12,10,2
999360,"Adventure,Indie,Simulation",0,0,0
903700,"Action,Adventure,Indie",0,0,0
1361290,Action,1,1,0
1127870,"Audio Production,Design & Illustration,Utilities,Video Production,Web Publishing",8,6,2
528190,"Simulation,Strategy",3,1,2
1386620,"Action,Indie,RPG",16,15,1
39650,"Simulation,Strategy",253,168,85
225080,"Action,Adventure,Indie",15832,14968,864
98800,"Casual,Indie,RPG",2896,2734,162
464150,"Indie,RPG,Simulation,Strategy",254,192,62
1577150,"Free to Play,Strategy",0,0,0
1605580,"Casual,Free to Play",0,0,0
1775170,"Adventure,Casual",0,0,0
1908680,Casual,9,9,0
1925340,"Indie,Simulation",1,1,0
1839360,"Adventure,Strategy",1,1,0
522340,"Adventure,Indie,RPG,Strategy",33,32,1
1458540,"Action,Adventure,Casual,Indie,Racing,Simulation,Sports,Strategy",4,4,0
1502180,Casual,3,3,0
430080,"Casual,Indie,Simulation,Sports,Strategy",35,17,18
820640,"Action,Adventure,Casual,Indie,Racing",6,6,0
527290,RPG,145,126,19
1893960,RPG,4,1,3
1268960,"Action,Casual,Indie",159,149,10
433830,"Action,Adventure,Indie,RPG,Strategy",4,2,2
886180,"Adventure,Indie,RPG",14,11,3
569940,"Casual,Indie,Sports,Strategy",6,5,1
1053090,Simulation,5,4,1
339350,"Indie,RPG",1611,1556,55
519540,"Casual,Sports",4,4,0
1737200,"Casual,Indie,Simulation,Strategy",9,9,0
890910,"Adventure,Indie,Simulation",1,1,0
733940,"Adventure,Casual,Indie",5,0,5
754510,"Action,Casual,Indie",8,6,2
371140,"Action,Adventure,Indie,RPG,Strategy",84,65,19
857090,"Casual,Indie",0,0,0
654950,"Action,Indie",5,1,4
475530,"Action,Indie",1,1,0
935790,"Adventure,Indie,Simulation",9,8,1
1899240,Utilities,0,0,0
773630,"Action,Adventure,Simulation",0,0,0
434620,"Casual,Indie",111,80,31
942300,"Action,Adventure,Casual,Indie,RPG",8,3,5
1460230,"Adventure,Free to Play,Simulation",0,0,0
1451480,"Action,Adventure,Indie,Early Access",570,510,60
412050,"Action,Indie",289,246,43
318530,"Action,Adventure,Indie",662,556,106
817440,"Action,Indie",0,0,0
1651850,"Action,Adventure,Casual,Free to Play,Indie,RPG",0,0,0
1480910,"Adventure,Indie",2,2,0
1125590,"Adventure,Indie,Simulation",0,0,0
251570,"Action,Adventure,Indie,RPG,Simulation,Strategy,Early Access",81410,72060,9350
1222360,"Action,Sports,Utilities,Game Development",0,0,0
453390,"Adventure,Casual",29,26,3
1723700,"Adventure,Casual,Indie",1,1,0
663120,"Adventure,Casual",3,3,0
1151200,"Indie,Racing,Sports",13,11,2
366970,"Action,Indie",161,148,13
1600810,"Casual,Indie,Racing",6,6,0
1475670,"Casual,Strategy",1,0,1
1518640,Adventure,5,5,0
1673540,Action,0,0,0
564080,"Action,Indie",6,6,0
382350,"Action,Adventure,Indie",72,37,35
1777800,"Free to Play,Simulation",0,0,0
1327080,"Action,Adventure,RPG",341,309,32
1333990,"Adventure,Casual,Indie,Simulation",1,0,1
454320,Indie,94,84,10
1058200,"Action,Adventure,Casual,Free to Play,Indie,Simulation,Sports,Strategy",32,27,5
34870,Action,3255,2202,1053
898760,Indie,0,0,0
994880,"Adventure,Indie,Simulation",1,1,0
1987470,"Casual,Indie,Strategy",7,7,0
1188540,"Action,Indie,Early Access",177,148,29
1785450,"Action,Adventure,Indie,Early Access",2,2,0
17340,Action,17,10,7
488580,"Action,Casual,Indie",27,21,6
1565870,"Action,Indie,Sports",0,0,0
745530,"Indie,Simulation,Sports,Strategy",11,6,5
1374480,"Casual,Indie,RPG",6,4,2
1191860,Indie,15,15,0
816410,"Action,Casual,Indie",1,1,0
957820,Indie,36,31,5
827640,Casual,69,56,13
654900,"Casual,Indie",248,223,25
547090,"Action,Adventure,Indie",10,6,4
1840580,"Casual,Indie",0,0,0
1567930,"Action,Casual,Indie",8,8,0
827920,"Casual,Indie",10,4,6
989780,"Action,Adventure,Casual,Indie,Simulation",9,0,9
1442410,"Action,Casual,Indie",4,4,0
1172050,"Action,Adventure,Casual,Indie,Simulation,Sports",423,293,130
295990,Strategy,54,10,44
1954830,Simulation,2,2,0
738580,Strategy,6,5,1
1031200,"Action,Adventure,Indie,Simulation",3,0,3
269330,"Adventure,Indie",155,135,20
1971880,"Adventure,Casual",1,1,0
1050850,"Action,Casual,Indie,Early Access",0,0,0
1311690,"Adventure,Free to Play,Indie,RPG",0,0,0
1878620,Action,0,0,0
259940,"Casual,Indie",35,32,3
1108740,"Action,Indie,Strategy",84,55,29
1667490,"Adventure,Indie",36,33,3
845520,"Indie,Simulation,Strategy",10,3,7
1301580,"Indie,Strategy",4,3,1
1087950,"Action,Casual,Indie",4,2,2
487580,Casual,11,6,5
985720,"Action,Adventure,Indie,Massively Multiplayer,Simulation,Early Access",18,6,12
1908850,"Casual,Indie",10,10,0
674520,"Action,Indie",857,796,61
1647360,"Action,Casual,Indie,Racing",3,3,0
1298600,"Action,Casual,Indie",1,1,0
1837060,"Indie,Massively Multiplayer,Strategy,Early Access",0,0,0
1127100,"Casual,Indie",1,1,0
912770,"Casual,Indie",0,0,0
997170,"Action,Adventure,Indie",8,8,0
842120,"Adventure,Casual",8,7,1
246580,Action,1803,1555,248
409380,"Casual,Simulation",58,50,8
1496450,"Action,Indie",0,0,0
913770,"Action,Adventure,Casual,Indie,Simulation,Sports",1,1,0
1307920,"Action,Casual,Early Access",0,0,0
665640,"Casual,Indie,Simulation,Strategy,Early Access",4,3,1
27050,"Adventure,Casual,Indie",71,35,36
856160,"Violent,Action,Early Access",1,1,0
1173730,"Indie,Strategy,Early Access",12,9,3
812410,"Casual,Indie,Simulation",100,87,13
749870,"Casual,Indie,Strategy",0,0,0
980770,"Action,Simulation,Early Access",2,1,1
1710040,"Action,Casual,Indie",1,1,0
1568430,Simulation,0,0,0
667930,"Action,Adventure,Indie,Sports",1,1,0
1005910,"Casual,Free to Play,Indie,RPG",0,0,0
318680,"Adventure,Indie",2,0,2
947060,"Adventure,Indie",2,2,0
1222800,"Adventure,Free to Play,RPG",0,0,0
1462210,"Simulation,Strategy",6,6,0
923180,"Action,Adventure,Casual,Indie,Massively Multiplayer,Racing,RPG,Simulation,Strategy",1,0,1
1011940,"Indie,RPG",181,163,18
1065850,"Action,Casual,Indie,Simulation",21,21,0
1638410,"Action,Indie",88,80,8
485890,Simulation,375,187,188
1355210,"Adventure,Indie",0,0,0
911480,"Adventure,Casual",3,3,0
1285750,"Adventure,Indie,Strategy",0,0,0
454230,"Violent,Gore,Adventure,Casual,Indie",16,4,12
1708030,"Action,Adventure,Indie,Simulation,Strategy",0,0,0
1420730,"Action,Indie",0,0,0
970580,"Adventure,Indie",7,5,2
810360,"Casual,Indie,Simulation",9,6,3
1297190,"Casual,Indie,Strategy",0,0,0
246960,"Action,Indie",112,94,18
606370,RPG,78,60,18
1759640,"Adventure,Indie,RPG,Simulation",6,2,4
1521870,Adventure,58,50,8
844060,"Video Production,Early Access",0,0,0
1086920,"Animation & Modeling,Design & Illustration",4,3,1
15560,"Action,Indie,Sports",383,327,56
480450,"Action,Casual,Indie",96,94,2
1219030,"Casual,Indie,Strategy",1,1,0
434610,"Indie,Strategy",36,12,24
1785820,"Free to Play,Simulation,Strategy",0,0,0
1058020,Action,2056,1984,72
699100,"Action,Casual,Strategy,Early Access",21,9,12
513440,"Free to Play,Indie,Massively Multiplayer,Strategy",0,0,0
1966070,"RPG,Simulation",9,7,2
1112430,"Casual,Indie",0,0,0
914800,"Adventure,Casual,Indie",2435,2327,108
1045010,"Action,Indie,RPG,Simulation",10,10,0
814660,"Action,Adventure,Casual,RPG",8,4,4
470170,Indie,17,8,9
1737920,"Adventure,Casual",0,0,0
550440,"Adventure,Casual,Indie",3,2,1
1619780,"Indie,Simulation",1,0,1
1174500,"Adventure,Casual",51,41,10
460120,"RPG,Strategy",1406,1319,87
827410,"Action,Indie",0,0,0
677260,"Free to Play,Indie",0,0,0
1508460,"Action,Indie",230,226,4
1062670,Indie,1,1,0
885790,"Action,Adventure,Casual,Indie,RPG,Strategy",5,4,1
650340,"Action,Adventure,Casual,Indie,Simulation,Strategy",1,0,1
219890,"Adventure,Indie",8943,8517,426
804270,"Action,Free to Play,Indie",0,0,0
675360,Adventure,10,3,7
942900,"Indie,RPG,Simulation,Strategy",15,5,10
2061050,Simulation,0,0,0
395500,"Action,Adventure,Indie",142,120,22
51010,"Casual,Simulation",77,59,18
322540,"Indie,Strategy",35,13,22
1700220,"Action,Casual,Indie",4,4,0
919370,"Action,Adventure,Casual,Indie,RPG,Strategy",244,187,57
506840,"Adventure,Indie,RPG",7,3,4
492150,"Action,Adventure,Indie,RPG",147,97,50
1461570,"Casual,Indie,Simulation",1,1,0
1149800,"Action,RPG,Early Access",1,1,0
1585250,"Adventure,Indie",14,12,2
414120,"Action,Adventure,Casual,Indie,Simulation,Early Access",168,146,22
804490,"Action,Indie,Simulation,Sports",854,665,189
520210,"Accounting,Animation & Modeling,Audio Production,Design & Illustration,Education,Photo Editing,Software Training,Utilities,Video Production,Web Publishing",11,3,8
303310,Adventure,928,881,47
835910,"Adventure,Casual,RPG,Simulation,Strategy",16,8,8
2000150,"Action,Casual,Free to Play,Indie,Strategy,Early Access",0,0,0
1150890,"Adventure,Indie",78,58,20
1263510,Casual,1,0,1
801320,"Action,Adventure,Indie,Simulation,Strategy",15,11,4
404640,"Indie,Simulation,Strategy",51,14,37
1706240,"Action,Indie",3,3,0
1191080,"Action,Adventure,Casual,Indie,Simulation,Strategy,Early Access",3,1,2
1491730,"Action,Indie,Early Access",1,1,0
1584500,"Action,Casual,Indie",2,2,0
1355830,Indie,0,0,0
962130,"Action,Adventure,Early Access",14970,13520,1450
1127690,"Action,Casual,Indie,Strategy",1,0,1
526290,"Action,Indie",5,0,5
1021850,"Adventure,Indie,RPG",0,0,0
34900,Indie,5179,4184,995
1398400,"Adventure,Indie,Strategy",0,0,0
749560,"Action,Indie",26,20,6
1345150,"Action,Adventure,Casual,Indie,Simulation",7,4,3
634200,Strategy,4,3,1
834390,"Adventure,Casual",40,27,13
1092170,"Action,Early Access",0,0,0
320120,"Indie,Simulation",30,15,15
777870,"Adventure,Indie",4,4,0
1138800,"Indie,RPG",1,0,1
1707630,"Action,Adventure,Casual,Indie,RPG",0,0,0
1641510,"Adventure,Indie,RPG,Simulation,Strategy",2,2,0
1773110,"Action,Indie",1,1,0
695290,"Indie,Simulation,Sports,Strategy",1383,1016,367
338050,"Action,Adventure,Indie",17,7,10
1888740,"Action,Indie",0,0,0
1633580,Adventure,2,2,0
368770,"Casual,Indie,Strategy",10,5,5
1469220,"Adventure,Casual,Indie,RPG,Simulation,Early Access",23,17,6
1339750,Indie,0,0,0
397670,"Casual,Indie",7,1,6
722910,Casual,1,1,0
1289310,"Adventure,Free to Play,Indie",151,149,2
764010,"Casual,Indie",45,22,23
1549550,"Adventure,Indie,RPG",212,207,5
1727720,"Action,RPG,Strategy",1,1,0
286830,"Action,Racing",43,8,35
677060,Casual,24,16,8
32150,"Casual,Indie,Strategy",283,279,4
1326700,"Action,Casual,Free to Play,Indie,Strategy,Early Access",0,0,0
222980,"Action,Indie,RPG",1064,916,148
724980,"Action,Indie",20,18,2
1389030,"Action,Indie",3,3,0
1208860,"Adventure,Indie,Strategy",0,0,0
915120,"Casual,Indie",1,1,0
311980,"Action,Indie,Strategy,Early Access",33,6,27
1293230,"Action,Adventure,Indie,Massively Multiplayer,RPG,Simulation,Sports,Strategy",886,814,72
1565180,"Casual,Indie,Strategy",1,0,1
1212620,"Casual,Indie,RPG,Simulation",616,576,40
504710,Audio Production,64,28,36
485390,"Indie,RPG",4,2,2
1384910,"Action,Adventure,RPG",0,0,0
787980,"Casual,Indie",2,1,1
1098790,"Action,Casual,Indie",17,7,10
1110470,"Action,Adventure,Casual,Indie,Simulation,Sports,Strategy",0,0,0
1424910,"Action,Indie,Racing,Early Access",13,9,4
1501920,Indie,4,4,0
1529140,Simulation,8,6,2
801630,Action,1688,1598,90
1512170,"Action,Indie",2,0,2
1132050,"Adventure,Free to Play,Indie,Strategy",0,0,0
1366830,"Adventure,Casual,Free to Play,Indie,Simulation,Sports,Strategy",1,0,1
1012560,"Action,Casual,Indie",1453,1361,92
1794030,"Adventure,Casual,Indie",3,1,2
1674660,"Action,Adventure,Free to Play,Indie,RPG,Simulation,Strategy",0,0,0
1135570,"Action,Casual,Indie",1,1,0
432250,"Indie,Simulation,Strategy,Early Access",63,42,21
1564090,"Adventure,Casual,Indie",198,194,4
1697730,"Action,Indie",3,3,0
1387060,"Action,Indie,Early Access",6,3,3
872680,"Indie,RPG,Simulation,Strategy",108,72,36
1341710,"Action,Adventure,Indie",6,5,1
1705970,Action,0,0,0
951470,Indie,2,1,1
1973020,Indie,0,0,0
38460,Action,96,75,21
627070,"Action,Indie,Early Access",29,26,3
1325470,"Casual,Indie",64,52,12
647640,Action,11,7,4
1457370,"Casual,Indie",0,0,0
1512470,"Adventure,Free to Play,Indie,Simulation",0,0,0
37240,Simulation,141,43,98
876310,"Adventure,Casual,Indie,Sports",7,7,0
1502560,"Action,Adventure",31,28,3
1088870,"Action,Adventure,Indie,RPG",0,0,0
256290,RPG,5046,4555,491
1686340,"Indie,Simulation",11,11,0
1440530,Indie,6,6,0
1541790,"Indie,Strategy",35,25,10
1015890,"Action,Adventure",93,70,23
1330710,"Casual,Indie",1,0,1
1745000,"Action,Adventure,Casual,Indie,Early Access",4,2,2
1093290,"Adventure,Indie,Strategy",114,110,4
1839280,"Adventure,Indie,RPG",0,0,0
972850,Indie,0,0,0
1245950,Action,120,95,25
1192580,"Action,Adventure,Indie,RPG",13,10,3
457550,"Action,Free to Play,Simulation",28,25,3
717760,"Action,Adventure,Indie,Early Access",3,3,0
1107100,"Adventure,Indie",0,0,0
910590,"Action,Casual,Indie",7,5,2
695910,"Action,Casual,Indie",5,3,2
787530,"Action,Casual,Indie,Early Access",4,3,1
1435660,"Action,Casual,Indie",5,4,1
924130,"Action,Adventure,Indie",0,0,0
377470,"Adventure,Indie",51,29,22
1147240,"Action,Adventure,Indie,Simulation,Early Access",3,2,1
1479360,"Adventure,Indie",0,0,0
728420,"Adventure,Indie",23,17,6
18120,"Action,Casual,Indie,Strategy",126,91,35
1052440,"Action,Casual,Indie",23,19,4
734580,"Action,Adventure,Free to Play,Indie,Massively Multiplayer",2,1,1
1583410,"Casual,Free to Play,Indie,Racing",0,0,0
658570,"Racing,Simulation,Sports",499,384,115
532110,"Adventure,Indie",1076,1034,42
1818080,"Indie,Strategy",0,0,0
1881950,"Adventure,Casual,Indie",8,8,0
1204700,"Action,Indie,Massively Multiplayer,RPG,Simulation,Early Access",36,22,14
34440,Strategy,39,37,2
1043180,"Casual,Indie,Simulation",0,0,0
1964810,"Action,Casual,Indie",3,3,0
1110720,"Adventure,Indie",1,1,0
371620,"Action,Indie,Strategy",2,1,1
1787770,"Adventure,Free to Play",0,0,0
1486670,Action,0,0,0
688470,"Action,Adventure,Casual,Indie,RPG,Strategy",48,34,14
262080,"Action,Indie",16,1,15
1374220,"Adventure,Casual,Indie",0,0,0
1029080,"Action,Indie",5,5,0
1586010,"Adventure,Casual,Indie",1,1,0
437520,"Adventure,Casual,Indie",37,36,1
1325220,"Casual,Indie,Strategy",0,0,0
444000,"Indie,Racing,Simulation,Sports",107,99,8
1198210,"Action,Adventure,Indie",70,68,2
2069500,"Adventure,Indie,RPG",0,0,0
768130,"Action,Adventure,Indie,RPG",2,1,1
1149550,"Adventure,RPG,Simulation,Strategy",247,231,16
525100,"Utilities,Video Production",1,0,1
828960,"Action,Indie,Racing,Sports",52,29,23
1558180,"Casual,Free to Play,Indie",0,0,0
1545690,"Action,Casual,Strategy",0,0,0
1393650,"Casual,Indie",1,1,0
1769770,Simulation,2,1,1
1871310,Casual,130,128,2
1973260,"Casual,Indie,Strategy",0,0,0
865170,"Casual,Indie,Strategy,Early Access",3,3,0
351420,"Action,Casual",9,7,2
751060,Adventure,33,24,9
1531070,"Adventure,Casual,Indie",3,3,0
1243370,"Action,Casual,Indie",2,2,0
1413070,Action,12,9,3
2018530,Action,0,0,0
102850,"Action,Adventure,Indie",192,125,67
743830,"Action,Indie,Racing,Sports",20,13,7
457670,Utilities,0,0,0
688800,"Violent,Gore,Action,Casual,Indie,Early Access",11,8,3
664030,"Casual,Indie",0,0,0
956990,"Action,Adventure,Indie",7,7,0
496650,"Action,Indie",36,12,24
1380480,"Adventure,Indie",2,2,0
649970,"Action,Adventure,Indie,RPG,Early Access",2,1,1
1908250,"Adventure,Casual,Indie,RPG",0,0,0
35480,"Strategy,Indie,Casual",425,328,97
1942440,"Casual,RPG,Strategy",6,4,2
764030,Free to Play,0,0,0
523090,"Action,Casual,Indie,Sports",30,27,3
592730,"Action,Casual,Indie,Simulation,Strategy",32,21,11
1194220,"Action,Adventure,Casual,Indie,Early Access",2,2,0
1500410,"Action,Adventure,Casual,Massively Multiplayer,Simulation,Strategy",2,1,1
1611550,"Casual,Free to Play,RPG",0,0,0
1359630,"Adventure,Casual,Indie",0,0,0
298610,"Adventure,Casual,Free to Play",2164,1227,937
1164060,"Action,Adventure,Casual,Indie",19,18,1
346780,"Action,Casual,Indie,Strategy",3,2,1
1006950,"Action,Adventure",0,0,0
1642620,RPG,34,27,7
1257170,"Indie,RPG",41,33,8
673140,"Action,Indie,Racing,Simulation",3,3,0
1826290,"Action,Indie,Simulation",17,16,1
934850,"Action,Adventure,Free to Play,Indie",0,0,0
12180,Action,112,98,14
1511450,"Casual,Indie",8,7,1
944730,"Casual,Indie",0,0,0
679820,"Adventure,Casual,Indie",14,6,8
1023280,Casual,1,1,0
1892210,"Casual,Indie,Strategy",0,0,0
577320,Casual,4,4,0
582360,"Casual,Sports",2,2,0
1363650,"Design & Illustration,Game Development",3,2,1
1100620,"Simulation,Sports",300,259,41
564140,"Indie,Strategy,Early Access",1,0,1
1464290,"Action,Casual,Indie,Racing",4,3,1
927930,"Action,Adventure,Casual,Indie",21,16,5
995480,"Adventure,Indie",5,1,4
1363390,"Action,Indie",6,3,3
1881850,"Casual,Indie",1,1,0
1152020,"Action,Adventure,Casual,Indie",41,33,8
406940,"Action,Indie,Racing",67,46,21
1519780,"Action,Adventure",17,11,6
732090,"Adventure,Indie",6,2,4
1847460,"Casual,Indie,RPG,Simulation",1,1,0
1875610,"Adventure,Casual,Free to Play,Indie,RPG",0,0,0
2057850,"Action,Adventure,Casual,Indie",0,0,0
899770,"Action,Adventure,Indie,RPG,Early Access",7000,6063,937
294830,"Simulation,Strategy",106,45,61
1145570,"Action,Adventure,Indie,RPG",65,46,19
71340,Action,8835,8257,578
1164990,"Action,Adventure,Indie",2,0,2
1041780,"Adventure,Indie",10,7,3
328000,RPG,19,10,9
868270,"Action,Free to Play,Massively Multiplayer",225,175,50
610180,"Casual,Indie,Strategy",1439,1362,77
1896880,"Action,Adventure,Casual,Indie",83,80,3
964050,"Casual,Indie",3,0,3
972180,"Action,Adventure,Indie",8,6,2
2070640,RPG,0,0,0
1495320,"RPG,Early Access",1219,996,223
1343970,"Action,Adventure,Indie,Racing",0,0,0
1491460,"Action,RPG",23,18,5
1945000,Free to Play,0,0,0
451140,"Casual,Simulation,Strategy",24,18,6
1076550,Action,215,198,17
1197380,"Action,Indie",1,1,0
1676710,"Casual,RPG",9,2,7
211120,Strategy,213,153,60
911320,"Action,Adventure,Indie,RPG,Early Access",0,0,0
849840,"Casual,Indie,Simulation,Strategy",2,1,1
1063380,"Casual,Indie,Strategy",14,10,4
1148770,Casual,3,3,0
1780960,"Casual,Indie,Strategy",1,1,0
1704080,"Action,Adventure,Indie",94,81,13
2070830,"Casual,Indie,Strategy",3,3,0
1597350,"Indie,RPG,Simulation,Strategy",3,0,3
823420,"Nudity,Violent,Adventure,Indie,RPG",0,0,0
475620,"Casual,Simulation",9,8,1
439440,"Action,Casual,Indie",20,14,6
718370,"Casual,Indie",93,46,47
728530,"RPG,Strategy",1545,1420,125
345690,"Action,Indie",4,0,4
1579950,"Casual,Indie",0,0,0
674860,"Action,Adventure,Indie,Simulation",9,2,7
1680870,Casual,0,0,0
270630,"Action,Casual,Indie",798,685,113
924980,RPG,1764,1637,127
1537930,"Casual,Indie",1,1,0
1360760,"Action,Adventure,Casual,Indie,Strategy",0,0,0
1344860,"Action,Indie",2,2,0
1743570,"Action,Adventure,Casual,Indie,RPG,Simulation,Early Access",10,6,4
658420,"Adventure,Casual,Indie,Massively Multiplayer,RPG,Strategy",3,2,1
1218640,"Action,Adventure,Indie,RPG",5,5,0
1386320,Strategy,2,2,0
486640,"Casual,Simulation,Strategy",6,2,4
1117340,"Casual,Indie,Simulation,Strategy",2,2,0
1967620,"Adventure,Casual,Indie,Racing,Simulation,Sports",12,8,4
1149190,"Adventure,Indie",1,0,1
1368030,"Action,Adventure,Indie,RPG",709,636,73
934580,Indie,0,0,0
853060,"Action,Adventure,Indie",4,3,1
1481660,"Casual,Indie",1,1,0
987250,"Indie,Simulation,Strategy",2,0,2
1877960,"Casual,Free to Play,Indie,Strategy",0,0,0
1259510,"Action,Adventure,Indie",134,123,11
1366930,"Action,Indie",3,3,0
1375530,"Adventure,Casual,Indie,Simulation",0,0,0
704660,"Adventure,Casual,Indie",0,0,0
608760,"Casual,Indie,Simulation",38,31,7
1061930,"Action,Adventure,RPG",92,16,76
479010,"Simulation,Animation & Modeling,Design & Illustration,Education,Game Development,Early Access",181,137,44
1450880,"Indie,Strategy,Early Access",3,3,0
563250,"Adventure,Indie,RPG",6,4,2
733460,"Indie,Strategy",162,117,45
328310,Simulation,18,5,13
525480,RPG,1666,1463,203
1650610,"Action,Adventure,Simulation,Early Access",11,9,2
1174560,Indie,0,0,0
1165430,Casual,0,0,0
1605220,"Strategy,Early Access",2969,2445,524
324760,"Action,Racing",105,61,44
1240210,"Adventure,Casual,Indie",5861,5693,168
591420,"Casual,Indie",661,601,60
781820,"Casual,Indie",33,28,5
1646230,"Action,Indie",0,0,0
935580,"Adventure,Casual",199,184,15
803390,"Action,Casual,Indie",6,3,3
316180,"Action,Indie",29,19,10
1309000,"Indie,RPG,Strategy",202,178,24
1503820,Indie,26,20,6
1432620,"Free to Play,Indie,RPG",0,0,0
1707280,"Action,Indie",1,1,0
1087080,Utilities,0,0,0
289890,"RPG,Simulation,Strategy",132,98,34
1467410,"Action,Free to Play,RPG,Strategy",0,0,0
1135300,"Adventure,RPG,Strategy",720,416,304
878750,"Casual,Indie,RPG,Simulation",2523,2341,182
942970,"Indie,RPG,Simulation",1928,1772,156
1944210,"Indie,Simulation,Strategy",22,16,6
249050,"Adventure,Indie,RPG,Strategy",5995,5295,700
1127290,"Action,Indie",8,5,3
1335440,"Action,Casual,Indie",15,11,4
1091030,"Indie,Simulation,Strategy,Early Access",1,1,0
2010410,Indie,14,12,2
1440350,"Indie,Early Access",7,6,1
1720750,"Casual,Indie",8,4,4
553490,"Action,Early Access",2,1,1
558060,"Casual,Indie",3,1,2
767390,"Adventure,Racing,Simulation,Sports",208,143,65
913780,"Adventure,Indie,Massively Multiplayer,RPG,Simulation,Early Access",62,10,52
580300,"Action,Adventure,Indie,RPG",13,12,1
983150,Adventure,5,5,0
885810,"Adventure,Casual,Indie,RPG",518,498,20
1563840,"Action,Casual,RPG,Simulation,Early Access",8,8,0
858870,"Adventure,Indie",21,16,5
1478410,"Casual,Indie,RPG",2,1,1
275310,Simulation,26,6,20
1582680,"Casual,Indie,Simulation",306,227,79
1373630,"Casual,Indie",11,11,0
724180,"Casual,Free to Play,Indie",0,0,0
328430,Adventure,14,9,5
661340,"Action,Casual,Indie,Early Access",3,3,0
1494470,Adventure,158,145,13
1392650,"Action,Adventure,Indie,RPG,Early Access",60,50,10
1991950,"Adventure,Indie,Early Access",8,4,4
1933090,"Action,Adventure,RPG",0,0,0
659890,"Casual,Indie",6,6,0
1754740,"Adventure,Casual,Strategy",1,1,0
1183840,"Adventure,Indie,RPG,Strategy",12,10,2
611810,"Violent,Gore,Action,Adventure,Casual,Indie",6,2,4
1694300,"Casual,Indie,Strategy",0,0,0
574530,"Action,Adventure,Indie,Early Access",0,0,0
1509780,"Casual,Free to Play",0,0,0
586020,"Action,Casual,Indie,Simulation",27,24,3
1892470,Adventure,0,0,0
890840,"Free to Play,Strategy",0,0,0
1444920,"Adventure,Indie",128,76,52
1841850,"Action,Adventure",0,0,0
2071560,"Action,RPG,Early Access",0,0,0
1304470,"Action,Adventure,Casual,Indie,RPG,Simulation,Early Access",1,1,0
764870,"Action,Casual,Indie",0,0,0
1461630,"Action,Indie",10,10,0
1681540,Casual,0,0,0
535840,"Casual,Indie",7,7,0
1045520,Indie,3050,2953,97
1275190,"Casual,Indie",5,5,0
2053050,"Indie,Strategy,Early Access",3,3,0
264400,Adventure,23,23,0
291960,"Action,Adventure,RPG,Strategy",119,74,45
1066260,"Action,Adventure,Casual,Indie,Sports",686,624,62
1753110,"Indie,RPG,Simulation,Early Access",0,0,0
1318090,"Action,Adventure,Indie",604,567,37
1570480,"Action,Indie,Massively Multiplayer",0,0,0
1024450,"Action,Adventure,Indie",1,0,1
1105870,"Casual,Indie,Simulation",1,1,0
2012450,"Casual,Indie",0,0,0
776820,"Indie,Simulation",21,17,4
1796450,RPG,1,1,0
1820700,"Action,Indie,Early Access",0,0,0
1765340,Utilities,0,0,0
498460,"Violent,Action,Adventure,Indie,Simulation,Strategy",7,0,7
464170,Utilities,52,29,23
341120,Indie,69,65,4
764720,"Casual,Indie",2,2,0
1072110,"Action,Adventure,Indie,RPG",5,3,2
1839600,"Casual,Indie,Strategy",0,0,0
1519420,"Action,Adventure,Indie",1,1,0
1871000,"Adventure,Casual,Indie,RPG,Simulation,Strategy",6,3,3
583030,"Casual,Indie",5,2,3
1460600,Simulation,4,2,2
727280,"Action,Free to Play,Indie",0,0,0
1608450,"Adventure,Indie,RPG,Strategy",133,117,16
1508270,"Adventure,Casual,Indie",209,185,24
1579200,"Action,Adventure,Indie,RPG,Strategy,Early Access",1,1,0
1007540,"Action,Adventure,Free to Play,Indie,Massively Multiplayer",0,0,0
1274290,"Adventure,Casual,Free to Play,Indie,Simulation",0,0,0
1102890,"Action,Indie",0,0,0
602920,"Indie,Early Access",1,1,0
527510,"Casual,Indie,Simulation,Strategy",22,4,18
787640,Simulation,0,0,0
1541150,"Adventure,Casual,Indie",0,0,0
1346960,"Action,Adventure,Indie,Simulation",84,76,8
1307530,"Action,Indie",2,2,0
670440,"Adventure,Casual,Indie,Early Access",0,0,0
1137820,"Action,Casual,Indie,Early Access",0,0,0
838350,"Adventure,Casual,Indie,RPG,Strategy,Early Access",480,380,100
577910,"Action,Indie",21,21,0
1081100,"Action,Adventure,Indie,RPG",12,12,0
907030,"Action,Early Access",0,0,0
874010,"Casual,Indie",17,13,4
1852100,"Action,Adventure,Indie",5,3,2
244830,Utilities,11,10,1
948490,"Adventure,Indie",0,0,0
331200,"Adventure,Casual,Indie,Simulation",369,250,119
676960,"Action,Casual,Indie,Racing,Sports,Early Access",10,8,2
788250,"Action,Adventure,Casual,Indie",3,2,1
660980,Indie,0,0,0
1316910,Action,798,699,99
716150,"Action,Adventure,Indie",15,14,1
594810,"Action,Indie",7,6,1
1943460,Casual,0,0,0
1464100,"Action,Adventure,Indie",4,4,0
1228700,"Adventure,Casual,Indie,RPG,Strategy",0,0,0
443800,"Action,Indie",45,29,16
1020410,"Action,Adventure,Indie",0,0,0
1906000,"Action,Casual,Indie",1,1,0
1252250,"Adventure,Indie,Massively Multiplayer,RPG",1,1,0
1733880,Action,133,94,39
1451490,"Adventure,Casual,Indie",2,2,0
582200,"Casual,Simulation",4,3,1
476370,"Casual,Indie,RPG",2,1,1
1407860,"Adventure,Free to Play,Indie,Simulation,Strategy,Early Access",0,0,0
680690,"Violent,Gore,Action,Adventure,Indie",15,8,7
832020,"Adventure,Indie",0,0,0
1338100,"Action,Adventure,Indie",8,7,1
1468960,"Action,Adventure,Free to Play,Massively Multiplayer",0,0,0
355980,"Indie,Strategy",777,741,36
1949670,Adventure,3,3,0
1705880,Indie,7,6,1
2010360,"Indie,Strategy,Early Access",0,0,0
612230,"Action,Free to Play,Massively Multiplayer",0,0,0
988980,"Action,Casual,Indie,Strategy",8,6,2
1055380,"Adventure,Free to Play,Indie,Early Access",0,0,0
357900,"Adventure,Indie,Simulation",184,79,105
252230,"Action,Adventure",256,161,95
574150,"Action,Casual",4,3,1
924040,"Casual,Indie,Strategy",6,2,4
1139660,"Indie,RPG",2,2,0
312990,"Action,Adventure,Free to Play,Indie",59,56,3
1568590,"Casual,Free to Play,Indie,Massively Multiplayer,Strategy",0,0,0
801020,"Action,Casual,Indie",6,3,3
1005630,"Casual,Indie,RPG,Strategy",8,5,3
886530,"Action,Casual,Indie",1,1,0
1422570,"Action,Adventure,Indie,RPG,Simulation",9,9,0
1640930,"Indie,Strategy",7,5,2
1720790,"Adventure,Indie",2,2,0
1675760,"Action,Casual,Free to Play,Indie",4,3,1
1804450,Indie,1,0,1
1763740,"Action,Free to Play,Indie",0,0,0
1019700,"Action,Indie",0,0,0
413710,"Action,Adventure,Indie,RPG,Strategy",712,410,302
1845260,"Action,Free to Play,Massively Multiplayer,RPG,Strategy,Early Access",0,0,0
659720,"Action,Adventure,Indie,Early Access",3,3,0
449960,"Action,Adventure,Casual,Indie,RPG",3950,3559,391
722010,Indie,3,0,3
862110,"Casual,Indie,Simulation,Strategy",24,22,2
1770550,"Action,Adventure,Casual,Simulation",58,53,5
580880,"Action,Indie",4,2,2
509820,"Action,Adventure,Indie,Racing",11,10,1
839960,"Action,Indie,Early Access",20,18,2
1190820,"Action,Adventure,Casual,Indie",6,6,0
1776900,"Adventure,Casual,Indie",9,9,0
336210,"Action,Indie,Early Access",13,2,11
671610,"Action,Free to Play,Indie,RPG,Early Access",0,0,0
1106830,"Adventure,Indie,RPG",49,46,3
434250,"Action,Indie",345,273,72
835740,"Action,Casual,Indie",1,1,0
1589460,"Action,Casual,Massively Multiplayer,Early Access",2,2,0
1055210,"Action,Free to Play,Indie",3,3,0
234490,"Action,Indie,Racing",135,75,60
513600,"Casual,Indie",4,2,2
1513640,"Adventure,Casual,Indie,Strategy",4,4,0
1683140,"Indie,Early Access",3,3,0
1100860,Indie,0,0,0
606190,"Action,Indie",6,5,1
1761680,"Action,Adventure,Casual,Free to Play,Indie",0,0,0
1500650,"Action,Casual,Indie,RPG,Simulation",6,3,3
482890,"Casual,Indie,Simulation,Strategy",34,7,27
545010,Strategy,0,0,0
1322180,"Action,Casual,Indie,Simulation",13,11,2
1815880,"Casual,Indie",1,1,0
1906150,Indie,10,9,1
893330,"Casual,Indie,Racing",28,14,14
425410,"Action,Adventure,Indie,Racing",20,18,2
336840,"Action,Indie",7,7,0
1400060,"Action,Adventure,Indie",0,0,0
1965520,RPG,1,1,0
1670880,RPG,5,4,1
503010,"Action,Adventure,Indie,Simulation",16,7,9
1639120,"Casual,Indie",14,12,2
801750,"Action,Indie,Sports",37,32,5
92300,"Action,Indie",362,259,103
1285970,"Action,Indie",1,1,0
1862260,Simulation,1,1,0
1691040,"Animation & Modeling,Audio Production,Design & Illustration,Video Production",0,0,0
601520,"Action,Casual,Indie",0,0,0
1160820,"Adventure,Casual,Indie",9,9,0
242940,RPG,235,181,54
907240,"Adventure,Indie,RPG",1,1,0
1710460,"Action,Indie",0,0,0
266370,"Action,Racing,Early Access",22,9,13
1519360,"Action,Adventure,Indie,RPG,Strategy",1,0,1
10140,Sports,77,49,28
1189680,"Casual,Indie",10,10,0
1907900,"Action,Adventure,RPG,Early Access",102,84,18
1767940,"Casual,Indie",0,0,0
832770,"Indie,RPG,Strategy",57,55,2
269190,"Action,Adventure,Indie,RPG,Strategy",1417,1122,295
1151630,"Adventure,Casual,Indie",34,32,2
1029100,"Action,Adventure,Indie",27,20,7
1412170,"Action,Adventure,Casual,Free to Play,Indie",0,0,0
809770,"Casual,Indie,Simulation",11,3,8
849210,"Action,Adventure,Indie,Early Access",20,17,3
758480,"Adventure,Casual,Indie,Simulation",407,385,22
2076240,"Adventure,Casual,Indie",3,3,0
1689730,"Action,Adventure,Free to Play,Indie",0,0,0
339230,"Action,Adventure",1021,619,402
352030,"Action,Adventure,Indie,RPG",19,17,2
789830,"Adventure,Casual",30,29,1
728990,"Casual,Indie,Racing",9,4,5
717000,"Action,Casual,Indie",1,1,0
1247490,"Casual,Indie,Strategy",0,0,0
21600,"Casual,Strategy",154,57,97
34314,"Action,Simulation",2,1,1
1069940,"Action,Adventure,Free to Play",0,0,0
392580,"Action,Indie,RPG,Strategy",391,265,126
1015770,"Indie,RPG",59,49,10
802930,"Adventure,Indie,RPG",6,6,0
503080,"Adventure,Casual",4,3,1
652310,"Casual,Indie",1,1,0
1463760,"Casual,Indie,Simulation,Strategy",3,3,0
1817250,"Adventure,Casual,Free to Play",0,0,0
896650,"Action,Casual,Indie,Simulation,Strategy",3,2,1
1982430,"Action,Free to Play",0,0,0
1719130,"Adventure,Indie",0,0,0
604110,"Casual,Indie,Simulation,Strategy,Early Access",6,4,2
617830,"Action,Indie",4578,3831,747
1828870,"Action,Adventure,Free to Play,Indie,RPG",0,0,0
583530,"Casual,Simulation",24,21,3
1106770,Free to Play,0,0,0
738470,"Action,Adventure,Indie",0,0,0
503630,"Adventure,Casual",5,5,0
1738550,"Action,Adventure,RPG",0,0,0
937620,"Action,Adventure,Casual,Indie",2,0,2
1304360,"Action,Adventure,Casual,Indie,RPG,Strategy",1,1,0
503900,"Action,Casual,Indie,Simulation,Sports",4,1,3
1757960,"Casual,Simulation",0,0,0
1452320,"Casual,Indie",0,0,0
706710,"Adventure,Indie,Early Access",19,17,2
813310,"Sexual Content,Gore,RPG,Simulation,Strategy",0,0,0
746890,"Casual,Indie,Simulation",4,4,0
575600,"Gore,Action,Indie,RPG",63,36,27
664420,"Casual,Indie",1,1,0
954410,"Casual,Indie",0,0,0
1365550,"Adventure,Indie,RPG",3,3,0
354290,"Action,Casual,Free to Play,Massively Multiplayer",5,3,2
1358260,"Adventure,Casual,Indie,RPG,Simulation,Strategy",22,15,7
2018030,"Adventure,Casual,Free to Play,Indie",0,0,0
342920,"Action,Casual,Indie",11,8,3
636570,RPG,58,50,8
1952100,"Adventure,Casual",2,0,2
1248820,"Adventure,Free to Play,Indie,RPG",0,0,0
1051990,"Casual,Indie",3,3,0
1927570,"RPG,Strategy",7,6,1
1107640,"Action,Casual,Indie",0,0,0
823280,"Adventure,Casual,Indie,Simulation,Strategy",11,6,5
504800,"Adventure,Indie,RPG",61,50,11
1834620,"Action,Adventure,Indie",17,5,12
1215060,Indie,0,0,0
1786330,"Action,Casual,Indie",1,1,0
1951140,Casual,3,3,0
1388150,"Action,Casual,Indie",0,0,0
1387970,"Action,Adventure,Indie",13,10,3
1346330,"Action,Adventure,Indie",3,2,1
377870,Action,252,207,45
774331,"Adventure,Indie",12,4,8
379420,"Action,Indie,Simulation,Early Access",106,87,19
1706610,"Casual,Indie",2,2,0
1383020,Strategy,1,1,0
1040310,"Casual,Indie",5,3,2
1093870,"Adventure,Casual,Free to Play,Indie",0,0,0
1219580,"Adventure,Casual,Indie,Simulation,Strategy",17,12,5
663080,"Casual,Indie,Racing",0,0,0
467570,"Action,Adventure,Indie,Massively Multiplayer,Simulation,Early Access",114,40,74
366050,"Adventure,Casual,Indie,Sports",3,3,0
970030,"Adventure,Casual,Strategy",2,1,1
648880,"Action,Indie",7,7,0
653940,"Indie,RPG,Strategy",93,68,25
1083300,"Casual,Indie,Simulation,Strategy",32,29,3
1575480,"Adventure,Casual",1,0,1
294580,"Adventure,Casual",19,13,6
1262910,"Adventure,Casual,Indie,Simulation",43,26,17
1879170,"Action,Indie",1,1,0
1066440,"Action,Adventure,Casual,Indie,Early Access",1,0,1
1794490,"Action,Indie,Early Access",0,0,0
1831770,"Action,Casual,Indie,Massively Multiplayer,Strategy",1,0,1
580510,"Action,Adventure,Indie,Early Access",1,1,0
714590,"Action,Indie,Early Access",30,29,1
1066700,"Adventure,Casual,Indie",1,1,0
619810,"Adventure,Casual,Indie,Simulation",20,19,1
680990,"Action,Indie",11,5,6
452570,"Action,Adventure,Indie,RPG",653,637,16
985640,"Action,Casual,Indie,Strategy",6,2,4
1934420,"Adventure,Indie",0,0,0
803330,"Action,Adventure",5305,5008,297
1871810,"Adventure,Casual,Indie,RPG",0,0,0
1923640,"Audio Production,Education,Software Training,Utilities,Video Production,Web Publishing",0,0,0
693890,"Casual,Indie,Simulation,Strategy",14,9,5
735680,"Adventure,Indie,RPG",0,0,0
544870,"Adventure,Casual,Indie,RPG,Strategy",22,12,10
1965970,"Action,Adventure,Casual,Free to Play,Indie,Early Access",0,0,0
711750,"Racing,Simulation,Sports",330,258,72
1426890,"Casual,Indie",6,4,2
1093790,"Action,Adventure,Indie,RPG,Early Access",33,30,3
1106690,"Adventure,Casual,Simulation,Strategy",2,0,2
803310,"Casual,Indie,Simulation,Strategy",11,2,9
366410,"Casual,Indie",4,4,0
238280,"Action,Indie,RPG",869,652,217
761570,"Action,Adventure,Indie",0,0,0
1392060,"Adventure,Indie",145,55,90
868100,"Action,Casual,Massively Multiplayer",0,0,0
355010,"Indie,Racing,Sports",34,20,14
831110,"Action,Adventure,Indie,RPG,Simulation,Strategy,Early Access",21,15,6
428880,"Adventure,Indie,RPG",310,269,41
1934980,"Adventure,RPG,Simulation,Strategy",0,0,0
1957910,"Indie,Simulation",2,2,0
1621980,"Indie,Simulation,Strategy",21,17,4
579040,"Indie,Strategy",0,0,0
1514010,"Action,Adventure,Casual,Indie",0,0,0
529360,"Action,Indie",28,22,6
1592180,"Action,Adventure,Casual,Free to Play,Indie",0,0,0
1381610,"Action,Indie",5,1,4
806140,"Action,Casual,Indie,Sports",234,198,36
17570,"Action,Free to Play,Indie",51,48,3
908990,"Action,Casual,Indie",25,24,1
760920,Simulation,29,26,3
12710,RPG,634,589,45
786640,"Casual,Indie,Racing",0,0,0
734840,"Casual,Strategy",6,4,2
1065880,"Adventure,Casual,Indie,RPG,Strategy",80,78,2
1833360,Indie,9,7,2
33390,"Action,Indie",14,11,3
487040,"Action,Indie",18,13,5
1371930,Casual,2,1,1
1353100,"Action,Adventure,Free to Play,Indie,Early Access",0,0,0
1489220,"Action,Adventure,Casual,Indie,Strategy",0,0,0
998990,Action,15,13,2
1458620,Casual,8,7,1
407830,"Action,Adventure,Indie",2,0,2
1286180,"Action,Adventure,Casual,Free to Play,Indie,Racing,RPG,Simulation,Sports,Strategy",11,5,6
529240,"Action,Casual,Indie,Early Access",88,36,52
1183500,"Casual,Indie,Strategy",45,42,3
768970,Utilities,0,0,0
552880,"Adventure,Casual,Indie",158,139,19
958510,"Action,Free to Play,Indie",0,0,0
1196280,"Casual,Indie",5,5,0
1201630,"Action,Indie",129,103,26
530040,Strategy,88,45,43
1423080,"Casual,Indie",7,4,3
761830,"Action,Adventure,Casual,Indie,RPG,Simulation",1292,1089,203
429470,"Adventure,Indie",424,396,28
819280,"Action,Indie",5,4,1
1548660,"Casual,Indie,Strategy",5,5,0
1871170,"Adventure,Casual,Free to Play,Massively Multiplayer,RPG,Strategy",0,0,0
25890,Strategy,2523,1961,562
1483140,"Action,Adventure,Indie",3,3,0
812940,"Action,Indie",2,1,1
1263230,"Adventure,Casual,Indie",502,478,24
1416700,"Casual,Indie,Strategy",0,0,0
656610,"Action,Indie",92,38,54
945340,"Action,Adventure,Indie",21,19,2
217290,"Action,Indie,RPG",161,134,27
1061820,"Animation & Modeling,Audio Production,Design & Illustration,Utilities,Early Access",23,13,10
620040,"Accounting,Animation & Modeling,Audio Production,Design & Illustration,Education,Photo Editing,Software Training,Utilities,Video Production,Web Publishing",8,5,3
1658210,Action,1,1,0
356100,"Casual,Indie,Strategy",17,13,4
1452200,"Action,Casual,Indie",28,24,4
833390,"Casual,Indie,Strategy",2,1,1
601510,"Free to Play,Strategy",0,0,0
1485230,"Casual,Indie",2,0,2
1121980,"Casual,Free to Play,Indie",0,0,0
1455660,"Indie,Simulation,Sports,Strategy",934,843,91
2011330,"Action,Casual,Free to Play,Indie,Strategy",0,0,0
1346210,"Casual,Indie,Strategy",9,9,0
1990580,"Adventure,Casual,Indie,Racing,RPG",0,0,0
789890,"Action,Racing",5,0,5
1639490,"Action,Casual,Indie",0,0,0
1876900,Casual,0,0,0
868430,Indie,3,3,0
1756340,"Casual,Indie",2,2,0
788310,"Casual,Indie",0,0,0
1836770,"Action,Casual,Indie,Strategy",2,2,0
881980,"Casual,Indie,Simulation,Early Access",1,1,0
1658480,"Indie,Racing,Simulation",5,2,3
342230,"Action,Indie,Simulation",52,28,24
1144850,"Action,Adventure,Indie",0,0,0
1068070,"Action,Indie,Simulation",0,0,0
1925530,"Adventure,Casual,Indie,Early Access",2,0,2
671100,Adventure,23,19,4
1898970,"Action,Adventure,Casual,Indie",2,2,0
438600,"Free to Play,Indie,Massively Multiplayer,Simulation,Sports,Strategy",4,4,0
1028160,Action,3,0,3
548390,Indie,6,5,1
1240810,"Adventure,Free to Play,Indie",0,0,0
1081120,"Action,Indie,Racing,Simulation,Sports",26,24,2
1850340,Adventure,0,0,0
1509220,"Casual,Indie,RPG",8,3,5
887910,"Adventure,Casual",2,1,1
9800,"Action,Adventure",268,186,82
712210,"Action,Casual,Indie",2,2,0
1685520,"Adventure,Casual,Indie",1,0,1
1280210,"Action,Adventure,Free to Play,RPG,Strategy,Early Access",9,9,0
956030,"Adventure,Casual,Indie",917,869,48
290510,"Adventure,Casual,Indie",229,208,21
1315910,Action,0,0,0
1515600,"Indie,Simulation,Early Access",0,0,0
1450050,"Adventure,Casual,Indie,Strategy",5,5,0
1643490,"Action,Adventure,Casual,Free to Play,Indie",0,0,0
332880,"Action,Indie,Strategy",20,16,4
329240,"Action,Indie,RPG",16,9,7
1497290,"Adventure,Indie",4,4,0
1090700,"Action,Indie",2,2,0
542350,"Action,Indie",97,69,28
1410500,"Adventure,Casual,Indie",10,5,5
1031110,"Casual,Free to Play,Indie",0,0,0
947270,"Action,Casual,Indie",1,0,1
821770,Audio Production,0,0,0
1014200,"Action,Indie,Simulation,Early Access",1,0,1
589110,"Indie,Simulation,Strategy",15,7,8
1430750,"Casual,Indie,Simulation,Strategy,Early Access",51,28,23
1927140,"Indie,Simulation",19,18,1
769220,"Action,Indie",12,10,2
505140,"Indie,Simulation,Strategy",6,3,3
464630,Casual,5,0,5
1581170,"Casual,Indie,Simulation,Strategy",17,13,4
412670,"Action,Indie",247,243,4
646050,"Action,Indie",11,4,7
1996710,"Casual,Indie",12,12,0
1288170,"Indie,Strategy",0,0,0
1640810,"Casual,Indie,RPG",1,0,1
561440,"Simulation,Early Access",3,3,0
1163570,Indie,6,6,0
281940,"Action,Adventure,Indie",396,210,186
1360700,"Casual,Indie,RPG",6,6,0
755520,"Action,Casual,Indie,Sports,Strategy",9,8,1
747920,"Free to Play,Massively Multiplayer",0,0,0
233230,"Adventure,Indie",994,739,255
1554280,"Casual,Indie,Simulation",0,0,0
1970750,"Action,Adventure,Casual,Indie",0,0,0
933540,"Casual,Free to Play,Strategy",0,0,0
1319060,"Action,Casual,Indie,Massively Multiplayer,Strategy",1,1,0
1668850,"Casual,Indie",5,5,0
527710,"Action,Adventure,Indie,RPG",109,88,21
1110100,Action,672,598,74
1668780,"Action,Adventure,Indie,RPG",11,8,3
412730,"Adventure,Indie",8,0,8
756170,"Action,Casual,Indie",0,0,0
359220,"Racing,Simulation",318,230,88
763650,"Action,Adventure,Free to Play,Indie,Early Access",0,0,0
241320,"Adventure,Indie",286,263,23
709280,"Action,Indie,Simulation",3,1,2
2025060,"Casual,Indie",0,0,0
1344930,"Action,Indie,Massively Multiplayer,RPG",1,1,0
373330,"Adventure,Free to Play",6,2,4
1516730,"Action,Casual,Indie,Early Access",0,0,0
263620,"Action,Indie",1091,884,207
1172310,Education,0,0,0
812430,Simulation,0,0,0
1167430,Strategy,0,0,0
219070,"Action,Indie",5,1,4
276750,Strategy,48,34,14
1889200,"Adventure,Casual,Indie",8,8,0
750710,"Indie,RPG",2,1,1
1690710,"Adventure,Free to Play,Indie,RPG,Strategy,Early Access",5,4,1
1218680,"Action,Indie",5,2,3
1564010,"Adventure,Indie",2,2,0
728710,"Action,Indie",1,1,0
852480,Casual,772,723,49
1726450,"Action,Adventure",1,1,0
748580,"Adventure,Casual",2,2,0
946720,"Casual,Indie,Simulation",891,618,273
1478220,"Casual,Free to Play,Indie",0,0,0
1750900,"Action,Indie,Early Access",2,2,0
792880,"Action,Indie",22,13,9
428900,"Action,Casual,Indie",326,269,57
288690,Casual,6,3,3
613270,"Action,Adventure,Indie,Simulation",102,58,44
607880,RPG,262,189,73
1927540,"Adventure,Casual,Indie,Simulation",2,1,1
862390,"Indie,Simulation,Early Access",90,59,31
1679130,"Casual,Indie",0,0,0
1184310,"Action,Casual,Indie",3,3,0
1572150,"Action,Adventure,Casual,Indie,Early Access",5,1,4
952950,"Action,Adventure,Indie",64,52,12
503180,"Action,Indie",124,102,22
343830,"Adventure,Indie",10,6,4
1088710,"Action,Adventure",2155,1850,305
2065420,Action,1,0,1
976360,"Casual,Indie,Strategy",2,2,0
963190,"Action,Indie",0,0,0
1371320,"Casual,Indie",1,1,0
1851570,"Action,Free to Play",0,0,0
1029840,"Action,Casual",1,1,0
275830,"Casual,Strategy",18,18,0
1862660,"Casual,Indie",85,64,21
255163,Action,4,3,1
970730,"Action,Indie,Racing,Sports",4,4,0
1920210,"Action,Adventure,Indie",0,0,0
1311610,Adventure,0,0,0
1429400,"Adventure,Casual,Indie,Early Access",1,1,0
604340,"Adventure,Casual",2,2,0
802040,"Indie,RPG",46,42,4
4230,Racing,32,27,5
1936140,"Action,Adventure,Casual,Indie,Simulation",7,6,1
496590,"Action,Adventure,Casual,Indie",5,3,2
2056880,"Adventure,Casual,Indie",5,5,0
654820,"Casual,Indie",6,2,4
1263110,"Adventure,Casual,Indie,Simulation",5,3,2
1025070,"Adventure,Casual",6,6,0
590840,"Action,Casual,Indie",13,11,2
1649440,"Action,Casual,Indie,Racing,Sports",2,2,0
1564830,"Casual,Indie",0,0,0
1121720,"Adventure,Indie,RPG,Strategy",21,19,2
232750,"Action,RPG",1131,831,300
1425510,"Adventure,Casual,Indie,Simulation",23,20,3
1342910,"Adventure,Casual,Indie",2,2,0
1532150,"Casual,Indie",1,1,0
1842360,"Casual,Indie",2,2,0
477200,"Adventure,RPG",8,8,0
534870,Action,8,6,2
578800,"Adventure,Indie,RPG,Early Access",11,6,5
553570,"Casual,Indie",2,0,2
1093770,"Adventure,Casual,Indie,Simulation",0,0,0
1117380,"Adventure,Casual,Indie,Simulation",65,62,3
1609080,"Indie,Simulation",1008,923,85
1271050,Action,0,0,0
638740,"Indie,RPG",5,2,3
906480,"Action,Adventure,Indie",2,1,1
1581740,Casual,10,10,0
600100,"Simulation,Sports,Strategy",7,3,4
1556550,"Casual,Indie",1,1,0
870890,"Adventure,Casual,Indie,Simulation",0,0,0
1694150,"Casual,Indie,Early Access",1,1,0
882080,"Action,Indie",3,2,1
570810,"Adventure,Indie,RPG",8,8,0
1580560,"Casual,Indie",7,7,0
1659560,Action,1,1,0
1878840,"Action,Indie",5,4,1
521760,RPG,8,7,1
916470,"Action,Casual,Indie",1,0,1
331450,"Action,Adventure",45,30,15
24480,"RPG,Strategy",194,107,87
1596540,Adventure,49,48,1
1186510,Indie,2,1,1
652120,"Adventure,Indie",4,3,1
569860,"Adventure,Indie",1777,1638,139
971100,"Adventure,Casual",2,2,0
593730,"Indie,Early Access",5,2,3
1429160,"Action,Adventure,Indie,RPG",0,0,0
1349290,"Casual,Indie",2,2,0
1270330,Indie,2,2,0
1279580,"Action,Casual,Indie,Sports,Strategy,Early Access",10,9,1
1074180,"Simulation,Strategy",61,41,20
1482580,"Casual,Indie",3,2,1
790740,"Adventure,Casual,Indie",2509,2319,190
1139020,"Casual,Indie,Strategy",7,3,4
1014900,"Action,Casual,Simulation,Strategy",11,6,5
1223810,"Casual,Indie,Simulation",204,196,8
846530,"Casual,Indie,Simulation,Strategy",1,0,1
911270,Indie,2,2,0
1002200,"Adventure,Indie,RPG",4,3,1
1603170,"Action,Adventure,Free to Play,Indie",0,0,0
1891350,Casual,12,11,1
1109840,"Casual,Simulation",11,11,0
769420,"Casual,Indie,Early Access",5,4,1
1387410,"Action,Free to Play,Strategy",0,0,0
1624860,Casual,0,0,0
268320,Indie,185,165,20
1784990,"Action,Indie",9,7,2
359440,"Indie,RPG",108,81,27
448720,"Action,Adventure,Casual,Indie,Strategy",11,8,3
582980,Action,29,22,7
1462490,Casual,30,28,2
1161880,"Action,Adventure,Indie,RPG",112,97,15
1686680,"Adventure,Casual,Indie",1,0,1
1840700,"Action,Adventure,Indie",11,5,6
1269850,"Casual,RPG,Strategy",0,0,0
2050470,"Casual,Indie",10,9,1
380080,Audio Production,32,19,13
982250,"Action,Adventure,Indie,RPG",5,4,1
402710,"Action,Adventure,Indie,RPG,Early Access",6884,4188,2696
1310690,Sports,12,12,0
1922070,"Adventure,Casual,Indie,RPG",0,0,0
1348770,"Action,Adventure,Indie",0,0,0
891330,"Indie,Racing",5,3,2
1097000,"Adventure,Casual,Free to Play,Indie",0,0,0
488920,Sports,263,207,56
1908220,"Adventure,Casual",0,0,0
25930,Strategy,89,53,36
45770,"Action,Adventure",1158,923,235
540550,"Violent,Action,Casual,Indie,Simulation,Early Access",12,4,8
294160,"Free to Play,Indie,Strategy",1,0,1
211900,"Indie,Strategy",233,190,43
667400,Indie,0,0,0
666790,Indie,1,1,0
322080,"Action,Indie",55,39,16
1965940,Action,0,0,0
1368330,Casual,1,1,0
252950,"Action,Indie,Racing,Sports",211337,187973,23364
1667190,"Action,Adventure,Casual,Indie,RPG,Simulation,Strategy",0,0,0
465670,Indie,3,3,0
1279610,"Free to Play,Animation & Modeling,Utilities,Video Production",3,3,0
598820,"Free to Play,Simulation,Strategy",0,0,0
743640,"Action,Adventure,Casual,Indie,Simulation,Strategy",921,752,169
1714320,"Casual,Free to Play,Indie",2,2,0
459830,"Action,Casual,Indie",42,36,6
570470,"Adventure,Casual,Indie",11,6,5
1719990,"Action,Adventure,Indie",3,3,0
242980,Action,363,233,130
1937030,"Action,Adventure,Casual,Indie,RPG,Early Access",0,0,0
596540,"Adventure,Indie,RPG",30,18,12
906300,"Adventure,Indie,RPG",63,56,7
1181600,"Action,Indie",22,19,3
973060,"Action,Adventure,Indie,RPG,Strategy",13,11,2
1665600,"Action,Adventure,Casual,Indie,Early Access",0,0,0
2000360,Indie,13,9,4
1610650,"Indie,RPG",12,11,1
1411770,"Action,Indie",0,0,0
1773470,"Action,Adventure",0,0,0
946340,"Action,Adventure,Indie,Early Access",7,6,1
1229190,"Casual,Indie",1,1,0
657040,"Adventure,Casual",59,52,7
1563170,"Action,Adventure,Casual,Early Access",4,3,1
389010,"Action,Indie",0,0,0
1251910,"Adventure,Indie",39,33,6
573800,"Adventure,Free to Play,Indie,RPG",0,0,0
303290,Adventure,387,321,66
1042380,"Indie,Simulation,Strategy",315,242,73
819670,"Adventure,Casual,Indie,Simulation,Strategy",2,2,0
994670,"Casual,Indie,Simulation,Strategy",34,30,4
979360,"Action,Indie,Racing,Sports",0,0,0
1481030,"Adventure,Indie,Simulation,Strategy,Early Access",0,0,0
1945170,"Adventure,Indie",1,0,1
1256490,"Casual,Indie,Strategy",7,7,0
1169520,"Action,Adventure,Indie,RPG,Strategy",22,19,3
1296970,Action,23,21,2
1026070,"Adventure,Strategy",7,6,1
1808630,"Adventure,Casual,Indie",0,0,0
559910,"Indie,Simulation,Strategy",210,152,58
1788970,Casual,3,3,0
1429870,"Action,Indie",1,1,0
34830,Action,1440,749,691
461580,"Action,Casual,Indie",2,1,1
338840,"Action,RPG",32,17,15
314370,Indie,53,46,7
768570,"Action,Indie,Simulation,Early Access",3,0,3
969350,"Casual,Indie",3,3,0
682780,"Casual,Indie",29,24,5
1444490,Action,2,2,0
1671240,"Action,Adventure,RPG,Early Access",5,3,2
993520,Indie,6,2,4
581120,Indie,0,0,0
793880,"Casual,Indie,Simulation",15,13,2
1731700,"Action,Strategy",1,1,0
340200,"Casual,Indie,Simulation",15,5,10
207140,"Action,Casual,Indie,Racing,Sports",8512,8037,475
1368620,"Casual,Free to Play,Simulation",0,0,0
1229880,"Action,Adventure,Indie",37,29,8
209830,"Action,Adventure,Indie,RPG,Simulation",567,499,68
437610,"Action,Casual,Indie,Early Access",39,36,3
324190,"Action,Adventure,Indie,Simulation,Early Access",172,72,100
1394940,"Action,Adventure,Indie,Early Access",0,0,0
1051600,"Adventure,Casual",1,1,0
1802520,"Action,Adventure,Sports,Early Access",4,4,0
1229060,Indie,34,34,0
972280,"Action,Indie",7,5,2
682270,"Action,Indie",4,2,2
576810,"Action,Indie",69,49,20
252010,"Action,Indie",278,226,52
1094520,"Adventure,Indie,RPG,Strategy",1293,1052,241
1058130,"Adventure,Indie,RPG,Strategy",205,167,38
1043500,"Casual,Indie,Simulation",170,163,7
1282770,"Indie,Simulation,Early Access",2,0,2
1222220,"Action,Adventure,Casual,Indie,Early Access",1,1,0
352210,"Casual,Indie",4,2,2
680450,"Action,Casual,Indie",3,3,0
857050,"Casual,Simulation,Sports",18,9,9
1597330,"Adventure,Casual",7,7,0
1158740,"RPG,Simulation,Early Access",0,0,0
361360,"Adventure,Casual",128,115,13
1292910,"Indie,Simulation",0,0,0
2058980,Strategy,0,0,0
1301310,Casual,0,0,0
371010,"Indie,Strategy",145,99,46
495890,"Casual,Indie",3947,3769,178
1221250,"Adventure,Indie",582,553,29
525240,"Action,Adventure,RPG",107,56,51
779790,"Action,Casual,Indie",1,0,1
979110,"Indie,RPG,Simulation,Strategy,Early Access",3265,2854,411
1263090,"Action,Indie",1,1,0
959030,"Action,Indie",17,16,1
1545260,"Action,Adventure,Casual,Indie,RPG,Early Access",1,1,0
513620,"Action,Casual,Indie",38,15,23
548430,Action,75654,74008,1646
393150,"Adventure,Casual",26,18,8
1043200,"Adventure,Casual,Indie,RPG,Simulation",5,5,0
1506010,"Action,Adventure,Indie,Strategy,Early Access",2,2,0
282590,"Indie,Strategy",534,439,95
564420,"Violent,Gore,Action,Indie",6,6,0
1990830,"Action,Casual,Indie,Simulation",1,0,1
790950,"Action,Adventure,Indie,Simulation,Strategy,Early Access",4,1,3
814370,"Action,Adventure,Indie,RPG,Strategy",2934,2742,192
1117890,"Action,Adventure,Indie",4,4,0
1652080,"Action,Adventure,Indie,Strategy",2,2,0
952970,"Action,Casual,Indie,Simulation,Strategy",1,1,0
942340,"Action,Adventure",1,0,1
657560,"Indie,Sports,Early Access",2,1,1
1048790,"Action,Adventure,Indie,RPG,Early Access",1,1,0
204880,"Action,Indie,Simulation,Strategy",6422,6081,341
499940,"Indie,Strategy",15,8,7
917920,"Action,Adventure,Indie,RPG",64,54,10
656440,"Casual,Indie",11,7,4
966010,"Action,Indie",15,12,3
1056720,"Action,Casual,Indie",44,44,0
1351350,"Action,Adventure,Indie",7,6,1
1357390,Casual,0,0,0
229810,"Action,Indie",70,41,29
913160,"Casual,Indie,RPG",1,1,0
322680,"Action,Adventure,Indie",180,134,46
659130,"Casual,Indie,Simulation,Strategy",20,10,10
466490,"Adventure,Casual",42,19,23
695650,Action,0,0,0
1108120,"Adventure,Casual",1,1,0
517620,"Action,Casual,Indie",4,4,0
2056920,"Action,Casual,Free to Play,Indie,Sports",0,0,0
1126840,"Action,Adventure,Indie,Simulation",6,4,2
1436240,"Action,Adventure,Indie,RPG",21,9,12
1303260,"Action,Adventure,Casual,Indie,Racing,Simulation,Sports,Strategy",7,5,2
1103980,"Action,Early Access",0,0,0
1683590,"Adventure,Indie,Simulation",9,9,0
1337060,Education,0,0,0
1505390,"Action,Adventure,Indie",7,7,0
1643460,"Adventure,Indie,RPG,Early Access",0,0,0
338390,"Action,RPG",1293,896,397
1534490,"Animation & Modeling,Early Access",10,6,4
1603720,"Adventure,Indie,Early Access",14,12,2
1689720,"Free to Play,Indie,Massively Multiplayer,RPG,Early Access",0,0,0
349840,"Indie,Strategy",12,4,8
1105500,"Action,Adventure",1389,1302,87
1662260,"Action,Indie",2,1,1
1411740,"Indie,Simulation,Strategy",286,269,17
352610,"Violent,Gore,Indie",106,93,13
1627630,"Adventure,Indie,RPG,Simulation,Strategy",0,0,0
1342640,"Adventure,Casual,Indie,RPG",1,1,0
1836170,"Action,Adventure,Free to Play,Indie",0,0,0
1433040,"Action,Adventure,Indie,RPG,Simulation,Sports,Strategy,Early Access",3,1,2
1012670,"Casual,Indie",2,2,0
885150,Action,250,216,34
397100,"Free to Play,Indie,Simulation,Early Access",10,9,1
433930,"Animation & Modeling,Design & Illustration,Education,Photo Editing,Software Training",13,5,8
1105480,"Action,Casual,Indie",0,0,0
1341430,"Adventure,Indie",1,0,1
1657570,"Casual,Indie",0,0,0
402570,"Free to Play,Strategy",790,728,62
485380,"Sexual Content,Nudity,Violent,Gore,Indie,Simulation",1388,1144,244
731910,Casual,0,0,0
1191730,"Indie,RPG,Simulation,Strategy",12,6,6
1463960,"Indie,RPG,Simulation",7,7,0
1028470,Free to Play,0,0,0
658810,Indie,5,5,0
848080,"Action,Adventure,Indie,Early Access",17,17,0
495320,"Adventure,Casual,Indie,Simulation",12,7,5
1991830,"Casual,Racing,Strategy",0,0,0
34274,Action,2,2,0
976310,Action,16009,13668,2341
1137880,Action,0,0,0
688630,"Action,Indie,Simulation",1,0,1
1227580,"Action,Adventure,Casual,Indie,RPG",1,0,1
264220,"Action,Adventure,Indie",57,49,8
1765730,Casual,0,0,0
378370,"Action,Adventure,Free to Play,Indie,Massively Multiplayer,RPG,Early Access",192,131,61
1791430,"Casual,Free to Play,Indie",0,0,0
1522530,"Action,Casual,Indie,Simulation,Sports",1,0,1
785640,Casual,30,17,13
1614040,"Action,Adventure,Casual,Free to Play,Indie,RPG,Simulation",0,0,0
523160,"Casual,Indie",32,27,5
1549850,"Indie,Simulation,Early Access",43,30,13
1142530,"Adventure,Casual,Free to Play,Indie",0,0,0
1655850,Casual,0,0,0
819520,Indie,8,7,1
31160,Adventure,0,0,0
1674770,Indie,0,0,0
786990,"Casual,Indie,Strategy",16,14,2
1067810,"Casual,Free to Play,Indie,RPG,Simulation,Strategy,Early Access",4,3,1
828550,"Action,Casual,Indie,Simulation",15,10,5
844990,"Action,Adventure",2,1,1
872200,"Action,Free to Play",30,25,5
1392340,"Casual,Indie,Simulation,Strategy",17,12,5
1363740,"Action,Strategy,Early Access",171,154,17
777460,"Action,Casual,Indie,Racing,Sports,Early Access",9,8,1
1924100,"Casual,Free to Play,Early Access",0,0,0
453750,"Casual,Indie,Simulation,Strategy",351,270,81
1450160,"Action,Casual,Indie,Early Access",0,0,0
427950,"Action,Adventure,Indie,RPG,Simulation,Strategy",217,109,108
1972020,"Casual,Indie,Simulation,Strategy,Early Access",0,0,0
997700,"Casual,Indie,RPG",13,12,1
18460,"Casual,Strategy",2,2,0
1038120,Indie,2,1,1
770820,"Action,Indie,Simulation",7,7,0
592620,"Action,Adventure,Indie",9,3,6
648780,"Casual,Indie,Strategy",96,75,21
1175430,"Action,Adventure,Casual,Indie",45,44,1
1505570,"Casual,Indie",1,1,0
997010,"Simulation,Early Access",3630,3187,443
520040,Utilities,5,3,2
1276690,"Action,Adventure,Casual,Indie,Simulation",0,0,0
1618340,"Adventure,Indie",2,2,0
511270,"Adventure,Casual,Indie,RPG,Simulation",4,4,0
857450,"Adventure,Casual",152,143,9
1893460,Casual,2,1,1
1893870,"Free to Play,Indie",0,0,0
1367750,"Adventure,Indie",9,6,3
848750,Casual,0,0,0
1542970,"Action,Casual,Sports",3,0,3
671970,"Simulation,Early Access",414,218,196
800670,Sports,18,13,5
817390,Strategy,6,3,3
1850860,"Action,Indie",0,0,0
1863490,Indie,0,0,0
1777100,Indie,0,0,0
1829800,"Casual,Indie,Sports,Strategy,Early Access",0,0,0
823470,"Casual,Free to Play,Indie,Sports",0,0,0
847240,Strategy,12,9,3
645230,"Action,Free to Play,Indie,Sports,Early Access",0,0,0
897610,"Action,Adventure",26,21,5
759870,"Violent,Gore,Action,Adventure,Indie,Strategy",22,4,18
661040,"Adventure,Casual,Indie",60,39,21
1146160,"Adventure,Indie",1,1,0
618510,"Action,Indie",132,126,6
671290,"Action,Indie,Racing,Strategy",0,0,0
6129,"Action,Indie",0,0,0
828030,"Action,Adventure,Casual,Free to Play,Indie",0,0,0
1069650,"Indie,Simulation,Strategy",923,729,194
1948440,"Action,Adventure,Indie",0,0,0
1079800,"Action,Indie",2360,2206,154
992910,"Action,Adventure,Indie,RPG,Early Access",602,410,192
286730,"Action,Simulation",31,16,15
819510,"Casual,Game Development",12,11,1
748360,Action,751,596,155
1137100,"Casual,Indie,Simulation",4,3,1
348360,"Casual,Indie,Simulation",315,244,71
1243820,"Casual,Indie,Simulation,Sports",3,2,1
869030,"Action,Indie",4,3,1
1844860,"Adventure,Casual,Free to Play,Indie",0,0,0
858760,"Casual,Indie",414,404,10
403270,"Action,Casual,Indie",16,16,0
1494440,"Indie,Simulation,Strategy",0,0,0
227100,Action,1530,1345,185
1771620,"Action,Adventure,Indie,RPG",9,8,1
623840,"Casual,Free to Play,Indie",0,0,0
602150,"Action,Adventure",1,0,1
698700,"Action,Adventure,Indie,RPG",176,161,15
1073380,"Action,Adventure,Casual,Indie",0,0,0
514570,"Action,Casual,Indie",13,7,6
1139890,"Casual,Indie,Simulation,Strategy",1405,1347,58
852220,"Indie,Simulation",326,245,81
1942850,"Action,Indie,Early Access",1,1,0
1326110,"Action,Indie,Early Access",9,6,3
458230,"Action,Indie",2,1,1
1054790,"Action,Adventure,Indie",9,7,2
819500,"Action,Adventure,Massively Multiplayer",514,263,251
519030,Indie,38,24,14
754610,"Action,Adventure,Indie",11,3,8
2017020,"Action,Adventure,Casual,Indie,Simulation,Strategy",1,1,0
663060,"Indie,Simulation",1,0,1
795960,"Action,Adventure,Indie",4,3,1
1897490,"Casual,Free to Play,Indie,RPG,Early Access",0,0,0
1077970,"Adventure,Indie",56,46,10
699670,"Action,Adventure,Indie,RPG",182,125,57
671980,"Nudity,Violent,Adventure,Indie",37,29,8
705240,"Action,Casual,Indie",2,1,1
1243880,"Adventure,Indie",49,24,25
1534250,"Action,Indie",5,4,1
1848140,Racing,10,10,0
6300,"Adventure,RPG",625,515,110
1596850,Free to Play,0,0,0
763970,Adventure,68,57,11
1740850,"Adventure,Indie,RPG,Simulation,Strategy",2,2,0
699540,Adventure,55,51,4
1495870,Utilities,11,9,2
898690,"Action,Casual,Indie,Simulation",2,1,1
1725560,"Action,Adventure,Indie,Massively Multiplayer,RPG,Early Access",5,0,5
890470,RPG,0,0,0
669490,"Casual,Indie",1,1,0
1715250,"Action,Adventure,Indie,RPG,Strategy",2,0,2
315480,"Action,Indie",4,1,3
1889620,"Adventure,Indie,RPG,Early Access",36,26,10
1706340,Casual,1,1,0
580040,"Action,Casual,Indie,Simulation,Strategy",440,288,152
635220,"Adventure,Indie",14,8,6
1034700,"Action,Adventure,Casual,Indie",215,158,57
750840,Video Production,2,0,2
339400,"Casual,Indie,RPG,Strategy",106,79,27
504560,"Casual,Indie,Simulation",25,15,10
1428480,"Casual,Early Access",0,0,0
1404870,"Action,Casual,Indie",3,3,0
935950,"Indie,Sports",1,1,0
845900,"Casual,Indie",35,27,8
863580,"Action,Casual",11,4,7
809050,"Adventure,Casual,Indie",25,16,9
629640,"Violent,Action,Adventure,Indie,Massively Multiplayer,Racing,RPG,Simulation,Sports,Strategy",7,2,5
514460,"Action,Indie,Racing",31,13,18
661470,"Adventure,Casual,Indie",27,16,11
614970,"Action,Casual,Massively Multiplayer,Racing,Simulation,Sports,Early Access",43,21,22
912810,"Action,Adventure,Free to Play,Indie",0,0,0
846670,"Adventure,Casual,Indie,RPG",3,3,0
1848580,"Action,Strategy",17,17,0
1477640,"Adventure,RPG",2,1,1
1414060,"Action,Casual,Indie,RPG",1,1,0
1453000,"Action,Indie,Simulation",4,4,0
231200,"Adventure,Indie",1910,1593,317
730090,"Casual,Free to Play",0,0,0
1243580,"Adventure,Casual,Indie,RPG,Early Access",0,0,0
662230,"Casual,Free to Play,Indie,Massively Multiplayer,Simulation,Sports,Strategy",40,29,11
662400,"Action,Adventure,Simulation,Strategy",5,2,3
469890,Casual,82,70,12
1803640,"Action,Adventure,Casual,Indie",0,0,0
770830,"Action,Adventure,Indie",0,0,0
1800070,"Action,Indie,Simulation",1,1,0
1655840,"Action,Free to Play,Indie,Racing",0,0,0
1009700,"Casual,Indie",29,28,1
1327720,"Action,Indie",2,2,0
1838170,"Adventure,Indie,Early Access",1,1,0
533820,RPG,17,11,6
771840,"Casual,Indie",30,24,6
1711300,"Action,Casual",0,0,0
451630,"Action,Indie",13,12,1
757310,"Adventure,Indie,RPG",1882,1609,273
287740,"Adventure,Casual,Indie",5,0,5
818150,Simulation,15,13,2
1658310,"Casual,Indie,Strategy",40,31,9
502320,"Action,Casual,Indie",41,28,13
250420,"Action,Adventure,Free to Play,Indie,Massively Multiplayer,RPG",12,6,6
339160,"Casual,Indie",20,18,2
962630,"Adventure,Indie",87,53,34
1500470,"Adventure,Casual,Indie,RPG,Strategy",17,17,0
762630,"Adventure,Indie",4,2,2
1635450,"Action,Adventure,Massively Multiplayer,RPG,Simulation,Early Access",1039,707,332
862880,"Casual,Indie",7,4,3
1114140,"Casual,Simulation",0,0,0
1786250,Indie,0,0,0
502530,"Adventure,Casual,Indie",9,7,2
2017980,Indie,3,0,3
775570,"Action,Indie",1,0,1
1398420,"Adventure,Indie,RPG,Strategy",6,5,1
520120,"Action,Adventure,Indie,Early Access",8,5,3
452440,Casual,187,173,14
1349060,"Action,Indie",330,327,3
1663930,"Action,Adventure,Free to Play,Indie",0,0,0
445170,"Action,Adventure,Casual,Indie",10,10,0
1657200,"Casual,Indie",1,1,0
712700,"Action,Casual,Indie",2,2,0
410550,Simulation,4,3,1
406290,"Simulation,Strategy",1095,961,134
458600,"Action,Adventure,Casual,Indie",24,8,16
1273780,Indie,19,15,4
1054930,"Adventure,Casual,Indie,Simulation,Sports",7,2,5
770880,"Adventure,Casual",1,1,0
1309700,Indie,6,2,4
1809530,"Adventure,Indie,RPG,Early Access",20,20,0
853320,"Simulation,Sports",0,0,0
593090,Design & Illustration,0,0,0
779050,"Casual,Indie,Massively Multiplayer,Strategy,Early Access",0,0,0
670970,RPG,0,0,0
1420300,Action,211,135,76
1322100,"Indie,Strategy,Early Access",79,70,9
1225240,"Action,Casual,Indie,Early Access",0,0,0
289500,Strategy,60,43,17
1128450,"Indie,RPG,Simulation",2,2,0
665670,"Action,Indie,Early Access",5,3,2
594330,"Action,Adventure,Indie,Simulation",3061,2701,360
1982660,Casual,0,0,0
1281280,"Casual,Early Access",5,3,2
553880,"Action,Free to Play,Simulation",121,85,36
688500,"Action,Free to Play,Indie,Strategy,Early Access",0,0,0
365880,"Adventure,Indie",70,45,25
407630,"Action,Casual,Indie",15,12,3
458180,"Action,Adventure,Casual,Indie",2,2,0
337930,Simulation,432,400,32
1048850,"Casual,Indie",0,0,0
489810,"Casual,Indie,Strategy",5,5,0
1072760,"Casual,Indie,Strategy",3,2,1
474910,"Adventure,Indie,Strategy",43,23,20
726710,"Action,Racing",9,5,4
512250,"Indie,Simulation",2501,2287,214
1212780,"Adventure,Indie",0,0,0
427570,"Indie,Strategy",115,59,56
1430040,"Action,Adventure,Indie",1,1,0
573600,Action,73,45,28
611620,"Gore,Action,Adventure,Indie",14,7,7
1391050,"Action,Casual,Indie,Simulation,Sports",5,5,0
1229420,"Action,Indie,RPG,Strategy",50,26,24
1582720,"Action,Adventure,Indie,RPG",9,6,3
1717160,"Action,Adventure,Indie,Racing",0,0,0
461810,"Adventure,Casual,Indie",28,24,4
1286870,"Adventure,Casual",2,2,0
308600,"Action,Indie,RPG,Early Access",97,94,3
828890,"Casual,Indie,Early Access",21,13,8
342640,"Action,Adventure,Indie,RPG,Simulation",452,312,140
1849170,Indie,1,1,0
1887990,Indie,12,11,1
838540,Indie,1,1,0
700540,"Action,Adventure,Casual,Indie,Racing,Early Access",2,1,1
869650,"Adventure,Casual,Indie",0,0,0
1400510,"Adventure,Casual,Free to Play,Indie,Simulation",5,3,2
1772380,Casual,0,0,0
1925250,"Casual,RPG,Strategy",0,0,0
1157120,"Action,Casual,Indie,Early Access",2,1,1
1049340,"Education,Utilities",0,0,0
1785000,"Action,Casual,Indie",24,23,1
1199180,"Action,Indie,RPG,Simulation,Strategy",18,15,3
1742330,"Adventure,Casual,Indie",7,4,3
1370410,"Casual,Free to Play,RPG,Early Access",0,0,0
858380,"Adventure,Casual,Free to Play",0,0,0
662840,"Action,Adventure,Casual,Indie,RPG",35,25,10
425400,"Casual,Indie,Simulation,Early Access",5,2,3
1575380,"Adventure,Casual,Indie,RPG,Simulation,Early Access",2,2,0
618500,"Action,Indie,Early Access",13,9,4
639780,"Action,Casual,Indie",1032,963,69
961910,"Adventure,Casual,Indie",0,0,0
575710,"Adventure,Indie",6,6,0
288080,"Action,Adventure,Indie,Simulation",269,210,59
1675640,"Action,Adventure,Indie",19,17,2
423710,"Action,Adventure,Casual,Indie,RPG,Simulation,Strategy",97,40,57
1058660,"Action,Indie,Massively Multiplayer,RPG",5,1,4
1477440,Casual,2,2,0
1735610,"Casual,Indie,Simulation,Strategy",3,3,0
691160,"Casual,Indie",325,299,26
1473870,"Action,Casual,Indie,Strategy",13,10,3
1394750,Casual,6,5,1
1289690,"Adventure,Indie",5,5,0
291390,"Action,Indie",9,6,3
1044950,"Adventure,Casual",13,6,7
559970,"Adventure,Casual",2,2,0
1353560,"Action,Adventure,Casual,Indie,RPG",7,4,3
543580,"Action,Indie,Simulation",27,22,5
562290,"Action,Indie,RPG",8,4,4
751330,"Action,Casual,Indie",7,5,2
588180,"Casual,Free to Play,Indie",17,17,0
680890,"Action,Casual,Indie,Strategy",5,5,0
497800,"Adventure,Indie,RPG,Strategy",207,197,10
1642580,"Casual,Simulation",9,8,1
1602770,"Casual,Indie",0,0,0
238210,"Action,RPG",3994,3796,198
39630,Action,118,84,34
915320,"Action,Free to Play,Indie,Massively Multiplayer",0,0,0
1720040,"Indie,RPG",7,7,0
549170,"Action,Strategy",68,44,24
1373580,"Action,Adventure,Indie",0,0,0
1924740,"Indie,RPG,Early Access",1,0,1
1600070,"Casual,Indie",3,3,0
396060,"Casual,Indie",6,5,1
1266690,"Action,Casual,Indie",951,820,131
1805720,"Adventure,Indie",2,2,0
1636380,Action,1,1,0
673060,"Adventure,Indie",60,53,7
302380,"Casual,Free to Play,Indie",34,32,2
942600,Indie,0,0,0
647890,"Adventure,Casual",5,3,2
866790,"Adventure,Casual",1,1,0
1090790,"Casual,Indie",29,27,2
1161110,"Free to Play,Indie,Simulation",0,0,0
672480,Sports,2,0,2
551500,"Casual,Simulation",5,1,4
1216710,"Indie,RPG,Simulation",468,392,76
1955380,RPG,1,0,1
1084010,Strategy,3,2,1
1343850,"Action,Adventure,Indie",3,2,1
1097840,"Action,Adventure",6028,4386,1642
818530,"Adventure,Indie",32,27,5
530950,"Action,Indie",141,87,54
1079890,"Adventure,Casual,Indie,Racing,Early Access",0,0,0
1048660,Action,95,90,5
963860,"Indie,Strategy",7,5,2
521880,Web Publishing,40,33,7
1421710,Strategy,6,6,0
993850,"Action,Casual,Indie",3,2,1
1093310,"Design & Illustration,Education,Software Training,Utilities,Web Publishing,Game Development",5,2,3
459410,"Indie,Strategy",5,2,3
869350,"Adventure,Indie",69,66,3
523970,"Action,Indie",5,4,1
1025740,"Adventure,Indie,Strategy",11,4,7
50510,Action,78,33,45
572410,"Action,Simulation,Strategy",2474,1815,659
1192740,Indie,3,3,0
858880,"Action,Adventure,Indie",18,18,0
43000,Action,362,216,146
1115960,Massively Multiplayer,0,0,0
265950,"Adventure,Indie",222,170,52
1258290,"Adventure,Casual,Indie,RPG,Strategy",0,0,0
870820,"Animation & Modeling,Video Production",0,0,0
853040,"Action,Adventure,Indie",5,3,2
1502610,"Indie,Early Access",0,0,0
510740,"Casual,Indie,Simulation",24,21,3
547670,"Casual,Indie,Simulation,Early Access",1,1,0
366870,"Adventure,Indie",489,361,128
1493800,"Action,Simulation",0,0,0
1439070,"Action,Adventure,Indie,Simulation,Early Access",1,0,1
1379020,"Casual,RPG,Simulation",346,325,21
1600190,Casual,0,0,0
1908190,"Action,Casual,Indie,RPG,Early Access",0,0,0
377100,"Adventure,Indie",3,3,0
464080,Adventure,50,36,14
1272200,"Adventure,Free to Play,Indie,RPG",0,0,0
2059400,"Action,Adventure,Casual,Indie,RPG,Strategy",0,0,0
1132600,"Casual,Indie,Strategy",4,2,2
1647490,Casual,0,0,0
1214210,"Action,Adventure,Indie",2,1,1
1020030,"Adventure,Casual,Indie",65,47,18
950360,"Adventure,Indie",43,23,20
1954570,"Indie,Strategy",0,0,0
1877360,"Action,Adventure,Indie,Simulation",2,0,2
1060370,"Adventure,Indie",0,0,0
1230340,"Action,Adventure,Indie",14,12,2
611690,"Action,Indie",5,2,3
1464190,"Adventure,Indie",1,1,0
714610,"Adventure,Free to Play",0,0,0
1204970,"Adventure,Casual,Indie,RPG,Simulation,Strategy",0,0,0
663130,Action,27,23,4
710820,"Adventure,Indie",4,3,1
322900,"Indie,Strategy",136,72,64
476420,"Indie,RPG,Simulation,Strategy",133,91,42
882960,"Indie,Strategy",18,11,7
729000,"Adventure,Casual,Indie,RPG",727,690,37
723100,"Indie,Racing,Simulation",17,11,6
886820,RPG,56,40,16
773830,"Casual,Indie,Simulation",29,14,15
761290,"Adventure,Casual,Indie",3,3,0
1612900,"Action,Adventure,Casual,Indie",4,4,0
1098370,"Adventure,Indie,Simulation",79,75,4
1274630,Indie,17,16,1
525920,"Simulation,Sports",84,49,35
670760,Casual,0,0,0
509210,"Action,Adventure,Casual,Indie,Strategy",21,13,8
983900,"Action,Casual",1,1,0
1034560,"Adventure,Indie,RPG",7,6,1
229790,"RPG,Strategy",3,2,1
1223350,Action,12,5,7
1398100,"Adventure,Indie",66,55,11
1387120,"Indie,RPG",8,7,1
1859030,"Casual,Free to Play,Indie,Simulation,Early Access",0,0,0
351240,"Action,Indie",36,33,3
899000,"Action,Casual,Indie,Early Access",2,2,0
723930,"Adventure,Casual",15,13,2
2054100,"Casual,Indie,Strategy",10,4,6
1305190,"Action,Indie",0,0,0
517360,"Adventure,Casual",67,40,27
1974080,"Casual,Simulation",0,0,0
924360,"Action,Free to Play,Indie",0,0,0
1497680,Action,15,14,1
427270,"Action,Free to Play,Strategy",98,61,37
638270,"Adventure,Casual",2,2,0
1067540,"Adventure,Indie",590,556,34
1524160,"Adventure,Indie,RPG",0,0,0
1408420,"Indie,Simulation,Strategy,Early Access",3,2,1
989370,"Adventure,Indie",3,2,1
472680,"Adventure,Casual,Free to Play,Indie",13,8,5
1589500,"Adventure,Indie",0,0,0
697450,Strategy,0,0,0
1215550,"Indie,Simulation",21,12,9
369280,Casual,22,16,6
591140,"Action,Indie,Sports,Early Access",0,0,0
787620,"Casual,Indie",5,5,0
1688800,"Action,Casual,Indie",0,0,0
1644200,"Action,Indie",2,1,1
1695670,"Action,Adventure,Casual,Indie,Massively Multiplayer,RPG",150,104,46
1337780,"Adventure,Casual,Indie,RPG,Strategy",0,0,0
29130,"Indie,Casual",70,64,6
1612120,"Casual,Racing",5,5,0
664530,"Adventure,Indie,RPG",18,14,4
506700,"Adventure,Early Access",6,6,0
367500,"Action,Adventure,RPG",13959,12552,1407
930210,"Indie,RPG,Simulation,Strategy",6551,6010,541
1105970,Free to Play,0,0,0
1555580,Casual,4,4,0
1021230,"Casual,Indie",0,0,0
1085610,"Casual,Indie",10,7,3
1157220,"Free to Play,Indie,Simulation,Strategy",502,398,104
1400700,"Casual,Free to Play,Indie",27,23,4
1135730,"Casual,Indie,Strategy",3,3,0
356160,"Adventure,Casual",22,7,15
716010,"Casual,Indie,Strategy",21,20,1
1392780,"Adventure,Casual,Indie",17,16,1
950330,"Simulation,Strategy",1,0,1
314340,"Indie,Sports,Strategy",55,24,31
1706670,"Action,Indie,Simulation,Strategy",4,4,0
1000380,"Action,Adventure,Free to Play,Indie",0,0,0
1121460,"Adventure,Casual,Indie,Strategy",0,0,0
1244470,"Casual,Indie",1,1,0
825000,"Action,Adventure,Casual,Indie,Simulation",3,1,2
438220,"Action,Adventure,Indie",8,5,3
629720,"Action,Indie",0,0,0
1709950,Casual,1,0,1
1087040,"Action,Adventure,Indie",1,0,1
1937160,"Action,Adventure,Indie,Early Access",0,0,0
418040,"Casual,Indie",276,247,29
1467260,"Action,Adventure,Casual,Indie",10,7,3
1536690,"Action,Adventure,Casual,Indie",3,3,0
1706190,"Casual,Indie,Strategy",36,36,0
516740,"Casual,Strategy",1,1,0
875550,"Action,Adventure,Casual,Indie",3,0,3
1656240,"Adventure,Casual,Simulation",111,95,16
1375260,"Action,Indie",2,0,2
311290,"RPG,Strategy",2255,1665,590
1840540,"Casual,Free to Play",0,0,0
1201800,"Casual,Strategy",14,13,1
1970590,"Action,Adventure,Casual,Indie,Racing",1,0,1
1474420,"Action,Indie",0,0,0
1434480,"Adventure,Casual",18,17,1
1659670,"Adventure,Casual,Indie",0,0,0
1520150,"Action,Indie,Strategy",1,1,0
790840,"Casual,Indie",1,0,1
1439040,"Casual,Indie",6,6,0
2014390,"Casual,Indie,Simulation,Strategy",0,0,0
1683610,"Adventure,Indie,Simulation,Early Access",1,1,0
661900,"Action,Casual,Indie",4,3,1
864700,"Action,Adventure,Indie,Simulation",175,139,36
420920,"Adventure,Casual,Indie,RPG",27,15,12
1271760,"Action,Casual,Indie",2,2,0
714730,"Adventure,Casual,Indie,RPG",2,2,0
591790,"Action,Indie,Strategy,Early Access",139,72,67
990500,"Casual,Indie",5,3,2
946790,"Indie,Strategy",0,0,0
817890,"Action,Adventure,RPG",0,0,0
1818940,Casual,5,5,0
1102150,"Casual,Indie,Simulation,Strategy,Early Access",3,2,1
718790,"Action,Free to Play,Massively Multiplayer,Strategy",0,0,0
311240,Adventure,1886,1597,289
283470,Casual,17,3,14
1686820,"Action,Free to Play,Massively Multiplayer,RPG,Strategy",0,0,0
688780,"Violent,Gore,Action",1,1,0
397020,"Action,Casual,Indie,Early Access",2,1,1
587690,"Adventure,Casual,Indie",4,2,2
1354690,"RPG,Simulation",10,5,5
1946260,"Action,Casual,Indie",1,1,0
1243670,Adventure,224,209,15
1107450,"Adventure,Casual,Free to Play,Indie,RPG,Strategy",0,0,0
1175160,"Adventure,Casual,Indie",13,13,0
363460,"Action,Indie,Racing",255,227,28
1008510,"Action,Adventure,Indie,Simulation,Strategy",70,47,23
1223160,"Animation & Modeling,Utilities",0,0,0
408400,"Adventure,Indie,RPG",60,47,13
746580,"Action,Indie",422,385,37
864850,Indie,3,2,1
931450,"Action,Adventure,Indie,RPG,Early Access",17,14,3
506750,"Animation & Modeling,Design & Illustration",11,7,4
2007420,"Animation & Modeling,Education",0,0,0
798810,"Simulation,Utilities",426,372,54
1804990,"Action,Indie,Massively Multiplayer,RPG,Early Access",1,0,1
333330,"Action,Indie,RPG",48,41,7
877750,"Casual,Indie,Simulation",0,0,0
1655420,"Casual,Indie,Strategy,Early Access",0,0,0
1337080,Indie,5,5,0
886970,"Action,Adventure,Indie",27,20,7
1148620,"Action,Adventure,Indie,RPG",7,7,0
305280,"Audio Production,Utilities",0,0,0
1485580,"Casual,Indie",16,15,1
1662670,"Action,Adventure,Free to Play,Indie,Early Access",0,0,0
437180,"Action,Indie",4,4,0
361020,"Casual,Strategy",29,28,1
404080,"Adventure,Indie",163,73,90
1337070,"Action,Adventure,Casual,Indie,Simulation,Sports,Strategy",1,1,0
1559850,"Action,Adventure,Free to Play",0,0,0
440120,"Action,Adventure,Casual,Free to Play,Early Access",0,0,0
1837630,"Casual,Indie,Strategy",1,1,0
786130,"Casual,Indie,Simulation,Strategy",2,1,1
1043060,"Action,Adventure,Casual",1,1,0
1533260,"Action,Adventure,Indie",6,1,5
657550,"Casual,Indie",6,5,1
1501140,"Simulation,Strategy",1,1,0
468930,"Action,Adventure,Indie",49,29,20
1620540,"Sports,Early Access",34,26,8
291770,"Adventure,Indie",83,66,17
565720,Casual,84,74,10
693710,"Action,Adventure,Indie",1,1,0
1476170,"Action,Adventure,Indie",54,40,14
560180,"Action,Indie",5,5,0
508290,"Action,Casual,Indie",54,26,28
387810,Software Training,0,0,0
1260400,"Action,Indie,Simulation,Sports,Strategy",1,1,0
1622510,"Action,Indie",4,4,0
311080,"Action,Simulation",34,8,26
915310,"Action,Casual,Indie",3130,3005,125
2067700,"Action,Adventure,Casual,Indie,RPG,Simulation,Strategy",0,0,0
668280,"Action,Indie",5,4,1
649620,Casual,26,24,2
1700900,"Action,Adventure,Casual,Indie,RPG",5,1,4
1794950,"Action,Adventure,Casual,Indie",2,2,0
749540,"Action,Adventure,Casual,Indie,Simulation",50,17,33
1220850,"Indie,RPG,Strategy",3,2,1
346850,"Action,Adventure,Free to Play,Strategy",414,379,35
827930,"Action,Adventure,Indie,RPG,Strategy,Early Access",0,0,0
242920,"Indie,Simulation,Strategy",22935,20597,2338
1581190,"Action,Adventure,Indie,RPG,Early Access",1,1,0
263120,"Adventure,Indie,Simulation",3,3,0
1776250,"Free to Play,Massively Multiplayer,RPG,Strategy",0,0,0
1567840,"Adventure,RPG,Simulation",4,1,3
244050,"Free to Play,Simulation",253,160,93
1375280,"Action,Adventure,Casual,Indie,Racing,Simulation,Sports",0,0,0
1921660,"Indie,RPG,Strategy,Early Access",0,0,0
692030,Sports,75,36,39
1179210,"Action,Casual,Indie,Simulation",1349,1293,56
1942450,Adventure,8,7,1
1418990,"Action,Casual,Indie",2,2,0
1439930,"Action,Adventure,Indie",2,2,0
636230,"Adventure,Indie,Strategy",10,2,8
384300,"Design & Illustration,Utilities",2892,2123,769
853550,"Casual,Indie,Simulation",1841,1724,117
447950,"Action,Casual,Indie",26,24,2
1639190,"Action,Casual,Free to Play",0,0,0
1272530,Indie,3,3,0
964130,"Indie,Simulation,Strategy",87,78,9
1747340,"Casual,Indie",0,0,0
871170,Animation & Modeling,0,0,0
936560,"Indie,Simulation,Early Access",2,2,0
1688340,"Action,Indie",5,5,0
1232310,"Adventure,Indie,Simulation",8,5,3
512370,Indie,3,3,0
1600550,"Adventure,Indie",4,4,0
1017780,"Casual,Indie,RPG,Simulation",42,26,16
1501210,"Action,Casual,Indie",2,1,1
1048160,"Casual,Indie",0,0,0
991490,Indie,1,1,0
582460,"Indie,Strategy",0,0,0
2071050,"Adventure,Casual,Free to Play,Indie,RPG,Strategy",0,0,0
705620,"Action,Indie",19,13,6
522940,Action,0,0,0
799730,"Adventure,Indie",10,8,2
1568190,"Casual,Indie,Strategy",4,4,0
1498710,"Action,Adventure",3,3,0
8340,Adventure,253,242,11
960740,"Action,RPG,Strategy",43,26,17
1067350,Simulation,69,68,1
548320,"Adventure,Casual,Indie,RPG,Strategy",12,7,5
1814060,"Action,Adventure,Indie",16,14,2
372430,"Casual,Indie,Strategy",5,1,4
1339900,"Casual,Strategy",72,67,5
844940,"Action,Indie,Racing",2,2,0
919200,"Action,Adventure,Casual,Indie,Massively Multiplayer",10,7,3
1859730,"Adventure,Simulation",7,2,5
1101780,"Casual,Indie,Simulation,Strategy",8,4,4
1990820,"Action,Indie",12,12,0
1448640,"Adventure,Simulation",1,1,0
1239690,"Action,Casual,Indie,Racing,Simulation",2931,2817,114
686900,"Casual,Indie,Simulation,Strategy",89,67,22
941160,"Action,Simulation",11,8,3
786570,"Action,Adventure,Casual,Indie,Simulation",0,0,0
1527640,"Casual,Indie,Strategy",3,3,0
836690,"Casual,Indie,Simulation,Education",3,2,1
1592970,"Casual,Indie,Simulation",13,8,5
1842410,Indie,10,9,1
724710,"Action,Indie",21,12,9
1508230,"Action,Casual,Indie,Strategy",2,2,0
1734980,"Action,Adventure,Casual,Indie",11,11,0
734540,"Casual,Indie",15,6,9
1817660,Action,0,0,0
1492210,"Action,Indie",12,12,0
1408370,"Casual,Indie,Strategy",1,0,1
1308140,"Casual,Racing,Simulation,Early Access",4,2,2
2003090,"Casual,Indie",0,0,0
1036850,"Adventure,Free to Play,Indie",0,0,0
444550,"Action,Indie,Racing",11,9,2
239800,"Action,Indie",985,908,77
1234520,Adventure,432,406,26
2075960,"Adventure,Casual",0,0,0
1350630,RPG,0,0,0
462730,"Casual,Indie,Simulation,Strategy",31,20,11
1543210,Adventure,4,2,2
549700,"Action,Adventure,Indie",8,5,3
586200,Action,764,525,239
1852520,"Adventure,Indie,Simulation",0,0,0
612060,"Casual,Indie,RPG,Simulation",6,4,2
1100970,"Adventure,Casual,Indie,RPG",31,25,6
1164040,RPG,1,1,0
1726050,"Action,Casual",3,3,0
1456440,"Action,Indie",0,0,0
958530,"Indie,Strategy",129,89,40
611790,"Adventure,Casual,Indie,RPG,Simulation",4838,4325,513
1922750,Audio Production,0,0,0
738020,"Action,Casual,Indie",13,7,6
1795370,Indie,0,0,0
1709900,"Indie,Strategy,Early Access",322,306,16
1494230,Indie,2,2,0
1831020,"Action,Casual,Indie",2,2,0
1711070,"Action,Adventure,Casual,RPG",1,1,0
247910,"Action,Adventure",1241,1057,184
723020,"Action,Adventure,Indie,RPG,Simulation,Early Access",5,2,3
273840,"Racing,Simulation,Sports",145,121,24
1461960,"Adventure,Indie,RPG,Strategy",14,13,1
1476330,"Free to Play,Massively Multiplayer,RPG",0,0,0
795910,"Adventure,Indie,RPG",3,2,1
1175180,"Casual,Indie,RPG",0,0,0
849360,"Action,Casual",0,0,0
651650,"Adventure,Indie",4,2,2
1449480,"Action,Adventure,Strategy",14,7,7
32350,"Action,Simulation",302,156,146
870150,"Action,Indie",0,0,0
546240,"Adventure,Casual,Indie,Simulation",9,2,7
449020,"Free to Play,RPG",4,3,1
777540,Action,1,1,0
1535360,Free to Play,0,0,0
1216200,"Casual,Free to Play,Indie",4,3,1
1415750,"Action,Adventure,Casual,Indie",4,4,0
1842690,"Casual,Indie,Simulation,Strategy",38,35,3
1264900,Indie,2,2,0
891040,"Casual,Free to Play,Indie,Massively Multiplayer,Simulation,Sports",0,0,0
1379450,"Adventure,Casual,Indie,Strategy",1,1,0
928370,"Action,Casual,Sports",8,8,0
235320,"Indie,Strategy",490,442,48
457480,"Casual,Indie,Simulation,Strategy",131,100,31
571500,"Adventure,Simulation,Early Access",2,2,0
358260,Action,53,51,2
712080,"Action,Adventure,Free to Play,Indie,RPG,Early Access",0,0,0
553350,"Action,Indie",0,0,0
762120,"Action,Adventure,Casual,Indie,Simulation,Strategy",2,0,2
1897380,"Adventure,Indie",27,25,2
1065200,Indie,4,4,0
1837910,"Simulation,Early Access",5,1,4
1238250,"Adventure,Indie,Simulation,Early Access",8,6,2
279800,"Adventure,Casual",311,301,10
802880,"Adventure,Casual",318,300,18
414370,"Indie,Strategy",18,17,1
297570,Strategy,46,37,9
592330,"Action,Casual,Sports",9,5,4
817540,"RPG,Strategy",717,599,118
346220,"Massively Multiplayer,RPG,Simulation",109,62,47
872730,Casual,10,8,2
571330,"Casual,Indie",1,1,0
1655970,"Casual,Indie",2,2,0
206420,"Action,Adventure",21140,18652,2488
1182090,"Casual,Indie",17,17,0
1600030,"Adventure,Indie,Early Access",2,0,2
655440,"Action,Casual,Simulation",5,4,1
1060470,"Action,Adventure,Casual,Indie",3,1,2
340750,"Action,Indie",8,4,4
779700,"Action,Adventure,Casual,Indie",3,2,1
213670,"Action,Adventure,RPG",21000,20389,611
1366760,"Simulation,Strategy",1,1,0
787930,"Indie,Simulation",94,55,39
1710140,Casual,17,16,1
1199060,"Action,Adventure,Free to Play,Indie,Strategy",0,0,0
1076620,"Adventure,Indie",23,23,0
1897810,"Action,Adventure,Free to Play,Indie",0,0,0
843190,"Action,Casual,Indie",3,0,3
335770,"Action,Indie,RPG",12,8,4
1865940,"Casual,Indie",0,0,0
283940,"Adventure,Casual",305,297,8
277930,"Adventure,Indie,RPG,Early Access",552,195,357
1979850,"Action,Adventure,Indie",3,3,0
1507080,"Action,Adventure,Casual,Indie,RPG",0,0,0
555570,"Action,Free to Play,Indie,Massively Multiplayer,RPG",862,370,492
1240090,"Action,Casual,Indie",3,2,1
1450210,"Action,Adventure,Casual",0,0,0
632510,"Casual,Indie",19,13,6
338960,"Casual,Simulation,Strategy",46,42,4
1201520,Indie,0,0,0
1670120,"Casual,Indie,Early Access",20,19,1
12330,Action,302,246,56
1201400,"Indie,Simulation",0,0,0
715440,"Adventure,Indie,RPG",16,15,1
1473880,"Casual,Simulation",6,6,0
2010150,"Action,Casual,Free to Play",0,0,0
1962170,Casual,0,0,0
1178370,"Casual,Simulation",0,0,0
375900,"Massively Multiplayer,Racing",641,410,231
525510,"Action,Adventure",694,665,29
624050,"Action,Indie",5,5,0
340920,Strategy,4,2,2
1170820,"Adventure,Free to Play",0,0,0
370700,"Adventure,Casual,Indie,RPG",34,24,10
557940,"Casual,Indie",3,2,1
1059280,Indie,30,17,13
420740,"Adventure,RPG",802,740,62
805350,"Action,Indie",1,1,0
2005950,"Action,Casual,Free to Play",0,0,0
386630,Action,6,3,3
799560,"Action,Adventure,Casual,Indie,Early Access",1,1,0
844420,"Violent,Gore,Action,Indie,RPG,Strategy",101,81,20
1372630,"Action,Casual",2,2,0
323000,"Action,Casual,Indie,Strategy",10,4,6
787820,"Action,Adventure,Casual,Indie",0,0,0
738920,"Nudity,Violent,Gore,Action,Adventure",85,53,32
629760,"Action,Indie",55418,45632,9786
1435680,Casual,2,2,0
522020,"Action,Indie",94,74,20
364260,"Adventure,Casual,Indie,RPG",5,4,1
1602970,"Action,Adventure,Indie,RPG,Simulation,Early Access",0,0,0
1814600,"Action,Adventure,Free to Play,Indie,Racing,Simulation,Strategy",0,0,0
1260310,"Education,Software Training,Early Access",10,8,2
608540,"Action,Casual,Indie",6,3,3
699860,Strategy,4,2,2
731510,"Violent,Gore,Action,Adventure,Indie,RPG",6,6,0
1581890,"Adventure,Casual,Indie",1,1,0
805520,"Adventure,Indie,Strategy,Early Access",5,5,0
1446750,"Adventure,Indie,Simulation",0,0,0
1847220,"Casual,Free to Play,Indie,Simulation",0,0,0
590770,"Action,Indie",1,0,1
872180,"Adventure,Casual,Indie",7,5,2
567040,"Casual,Indie,Sports",18,5,13
1848200,Action,0,0,0
916140,"Action,Adventure,Indie",69,62,7
1546210,"Action,Casual,Indie,Simulation",2,0,2
897730,"Adventure,Indie,Simulation",923,631,292
2004780,"Action,Free to Play,RPG,Early Access",0,0,0
374990,Action,8,3,5
1949280,Indie,18,10,8
1171310,"Action,Adventure,Casual",94,66,28
1135100,Indie,4,1,3
1605950,"Indie,RPG,Simulation,Strategy,Early Access",0,0,0
1477880,"Action,Indie,Simulation,Strategy",2,1,1
1363860,Casual,0,0,0
347480,Indie,9,4,5
765230,"Casual,Indie",10,9,1
318650,"Action,Indie,Strategy",79,54,25
1630740,Action,3,3,0
1052090,"Casual,Indie",9,8,1
1446560,"Casual,Indie",1,1,0
1454580,"Indie,Simulation,Strategy",9,5,4
928230,"Action,Casual,Indie,Strategy",8,6,2
409420,"Action,Adventure,Indie",12,5,7
1177460,"Action,Indie",1,1,0
677680,"Action,Indie,Strategy",1,1,0
1825080,"Action,Casual",8,8,0
298900,"Action,Adventure",3433,1903,1530
1059760,"Indie,Simulation",1,1,0
201271,Strategy,484,325,159
1234020,"Adventure,Indie,Strategy",6,6,0
995070,"Adventure,Casual,Indie,RPG,Strategy",42,14,28
1748900,"Simulation,Sports,Strategy,Early Access",3,1,2
816030,"Adventure,Indie,Strategy",1,1,0
931950,"Simulation,Strategy,Early Access",78,62,16
1933230,"Action,Indie",1,1,0
1575900,"Action,Adventure,Indie,RPG,Strategy",2,2,0
718410,"Action,Simulation,Sports",2,2,0
758630,"Adventure,Casual",7,7,0
784130,"Action,Indie",7,7,0
545720,"Action,Adventure,Indie,RPG",9,7,2
1029990,"Casual,Indie,RPG,Simulation,Sports",48,33,15
1423970,"Action,Casual,Indie",1,1,0
2005020,Action,0,0,0
673250,"Action,Casual,Indie,Sports",0,0,0
1251410,"Action,Casual,Indie,Massively Multiplayer,Racing,Sports,Early Access",20,12,8
940380,RPG,0,0,0
1132490,"Casual,Free to Play,Indie",0,0,0
277590,"Action,Adventure",691,503,188
9760,Action,155,119,36
2057860,"Action,Adventure,Casual,Indie",0,0,0
745670,"Casual,Indie",14,6,8
1723720,Casual,1,1,0
1099920,"Indie,Simulation,Sports,Strategy",30,23,7
989580,"Adventure,Indie",31,15,16
1394480,"Adventure,Casual,Indie",8,8,0
1529160,"Action,Indie",7,6,1
602070,"Action,Casual,Indie",6,5,1
1690270,"Adventure,Indie,Strategy",13,7,6
1305590,Action,4,4,0
530510,Indie,16,13,3
708430,"Adventure,Indie",7,3,4
851150,"Action,Adventure,Indie,RPG,Strategy",44,34,10
1587660,"Casual,Indie,Simulation,Strategy",0,0,0
1830910,"Casual,Indie",32,24,8
805000,"Adventure,Casual",2,2,0
1214490,Indie,2,0,2
1568470,"Indie,Simulation",1,0,1
676310,"Action,Adventure,Indie",6,2,4
1373470,"Action,Free to Play,Indie",0,0,0
707320,"Action,Indie",4,2,2
1746520,"Action,Casual,Indie,Racing,Early Access",13,10,3
485670,"Casual,Indie,Massively Multiplayer,Simulation,Sports,Early Access",118,49,69
1359120,"Indie,Strategy",323,272,51
881670,"Casual,Indie,Simulation",4,2,2
852500,"Action,Free to Play,Indie,RPG,Strategy",0,0,0
424840,Adventure,12717,11917,800
1334840,Indie,45,32,13
1169500,"Action,Adventure,Indie,Early Access",0,0,0
701610,"Action,Indie,RPG",13,9,4
722040,"Action,Indie",12,9,3
460700,Adventure,300,251,49
1600780,Adventure,141,109,32
980190,"Casual,Indie,Strategy",5,4,1
1864770,"Action,Adventure,Casual,Indie,Early Access",0,0,0
1591520,Action,2047,1797,250
840260,"Action,Adventure,Casual,Free to Play,Indie,Massively Multiplayer,Racing,RPG,Strategy",3,2,1
1091550,"Action,Indie,RPG",0,0,0
1144690,"Action,Adventure,Casual,Indie",2,2,0
755350,Indie,27,10,17
1102880,"Action,Casual,Indie",32,19,13
870390,"Action,Adventure,Casual,Indie",2,2,0
438450,"Animation & Modeling,Design & Illustration,Video Production",33,33,0
1087310,"Action,Indie",2,2,0
1611420,"Adventure,Indie,RPG,Early Access",2,2,0
947490,Casual,4,2,2
1478050,"Action,Adventure,Casual,Free to Play,Massively Multiplayer",0,0,0
588410,"Action,Casual,Simulation,Sports",30,19,11
1119790,"Strategy,Early Access",6,6,0
233130,"Action,Adventure",7454,7003,451
1255320,RPG,9,6,3
919170,"Adventure,Casual,Indie",0,0,0
1757170,"Action,Strategy",1,1,0
749040,"Casual,Indie",2,1,1
678230,"Action,Indie",0,0,0
1686880,"Adventure,Casual,Indie,Simulation",7,7,0
673380,"Violent,Gore,Action,Casual",3,3,0
787990,"Action,Casual,Free to Play,Indie,Racing",0,0,0
1055020,"Action,Casual,Indie,Early Access",0,0,0
1676560,"Indie,Strategy",4,4,0
1390010,"Indie,Strategy",304,258,46
1218900,"Casual,Indie",588,576,12
967450,Action,3,1,2
262550,"Action,Indie",303,269,34
949960,"Indie,Simulation,Strategy",11,2,9
918070,"Casual,Indie",40,28,12
883960,"Adventure,Indie",2,0,2
1247720,"Action,Casual,Indie,Simulation,Early Access",48,38,10
509450,"Casual,Simulation",5,2,3
1205250,"Action,Casual,Indie",1,1,0
927350,"Action,Adventure,Massively Multiplayer,RPG",3427,1802,1625
614380,"Adventure,Casual",2,1,1
518120,"Action,Adventure,Casual",1,1,0
1632770,"Action,Adventure,Free to Play,Indie",0,0,0
1281800,"Adventure,Free to Play,Indie",0,0,0
936810,"Casual,Indie",4,2,2
1890550,"Casual,Indie,Strategy",21,21,0
561930,"Action,Casual,Indie",6,6,0
1510730,"Indie,Simulation",7,3,4
1630880,"Action,Adventure",0,0,0
15390,Action,840,745,95
1068420,"Action,Casual,Indie,Racing,Sports",0,0,0
591750,"Adventure,Indie",28,23,5
1504140,"Action,Adventure,Casual,Indie,Racing,Early Access",1,1,0
587220,"Action,Adventure,Casual,Indie,Simulation",1331,1277,54
1842610,"Casual,Indie,RPG,Strategy",27,26,1
1948150,Indie,1,0,1
882210,"Casual,Strategy",33,29,4
669500,"Indie,RPG,Strategy",142,111,31
739690,"Casual,Indie,Simulation",5,3,2
1466550,"Action,Adventure,Indie",0,0,0
1440380,"Action,Early Access",1,1,0
1757090,"Adventure,Free to Play,Indie",0,0,0
1151740,"Adventure,Indie",34,33,1
339120,"Action,Adventure,Free to Play,Indie",3,3,0
886250,"Casual,Free to Play,Strategy,Early Access",0,0,0
504450,"Action,Adventure,Indie,Strategy",8,3,5
1141220,"Adventure,Indie,RPG,Strategy",788,646,142
1249880,"Adventure,Indie",0,0,0
893450,"Violent,Gore,Action,Adventure,Indie,Simulation,Early Access",3,2,1
1094420,"Casual,Indie",174,170,4
1316000,Action,9,3,6
1498600,"Casual,Indie,Simulation",6,6,0
677080,"Indie,Simulation",1,1,0
1686150,"Adventure,Casual,Indie,Strategy",3,2,1
2022410,"Action,Casual,Indie,Racing,Simulation,Sports,Early Access",3,1,2
1673470,"Indie,RPG,Strategy",2,2,0
1951070,"Adventure,Casual,Indie",0,0,0
1428270,"Casual,Indie",2,2,0
648350,"Simulation,Strategy",21239,18191,3048
721030,"Action,Adventure,Casual,Free to Play,Massively Multiplayer,RPG",0,0,0
697130,"Action,Indie,Simulation",4,1,3
872700,"Action,Free to Play,Indie",1,1,0
787400,"Action,Adventure,Casual,Indie,RPG",47,35,12
1160900,"Adventure,Indie",4,3,1
319170,"Action,Adventure",158,146,12
1273580,"Adventure,Casual,Free to Play,Indie,RPG",0,0,0
1309610,Strategy,325,265,60
1854940,Adventure,9,8,1
698410,"Action,Indie,Sports",4,1,3
532770,"Nudity,Casual,Free to Play",5,5,0
490950,Strategy,77,70,7
1309850,"Action,Casual,Indie",0,0,0
1154040,"RPG,Strategy",396,362,34
333250,"Action,Adventure,Casual,Indie,RPG",522,401,121
1316160,"Action,Adventure,Indie,RPG",9,3,6
377600,"Action,Indie",119,105,14
665090,"Action,Adventure,Indie,RPG",167,111,56
1535660,"Action,Adventure,Indie,Simulation",0,0,0
499760,"Adventure,Indie,Early Access",21,16,5
307090,"Action,Indie,Early Access",50,34,16
692950,"Casual,Indie",6,6,0
1165820,"Action,Indie",5,4,1
1581320,Action,0,0,0
1719630,"Casual,Indie",3,2,1
464440,"Adventure,Casual,Indie",27,16,11
1421930,"Adventure,Indie,RPG",1,1,0
905860,"Adventure,Casual,Indie,Simulation",1,0,1
1799110,"Adventure,Simulation",1,1,0
1989800,"Action,Casual,Indie",3,3,0
1284150,"Action,Adventure,Casual,Indie",9,9,0
1536740,"Action,Casual,Racing,Sports,Early Access",2,2,0
1830620,"Casual,Simulation",77,63,14
1887050,"Casual,Indie",0,0,0
1001100,"Action,Adventure,Casual,Indie",5,5,0
1787990,"Adventure,Casual",0,0,0
1029230,"Adventure,Indie,Strategy,Early Access",0,0,0
31880,Adventure,136,123,13
359400,"Adventure,Indie,RPG",287,274,13
508600,"Action,Indie,Simulation,Strategy",255,197,58
689400,"Casual,Free to Play,Indie",0,0,0
370210,"Action,Adventure,Indie,Simulation",10,8,2
992250,"Action,Indie,Racing,Sports",1,0,1
1723190,Adventure,12,12,0
1344520,"Action,RPG,Early Access",3,2,1
1930160,"Adventure,Casual",0,0,0
679500,Indie,22,22,0
1061250,"Adventure,Casual,Indie,RPG,Strategy,Early Access",0,0,0
915190,Indie,0,0,0
1595620,"Action,Indie",2,2,0
975270,"Adventure,Indie,Strategy",70,65,5
1252560,"Action,Casual,Indie",98,90,8
1751190,"Casual,Indie,Simulation,Strategy",0,0,0
304750,"Adventure,Casual",10,1,9
944830,"Indie,Strategy",0,0,0
1868550,"Adventure,Casual",2,1,1
948900,"Casual,Indie",160,144,16
1212870,"Action,Adventure,Casual,Indie,Simulation",1,1,0
1089650,"Action,Free to Play,Early Access",0,0,0
510290,Action,30,23,7
252870,"Action,Adventure,Indie,Simulation",3164,2870,294
849160,"Action,Adventure",0,0,0
1391940,"Action,Indie",0,0,0
504380,"Adventure,Indie,RPG",12,11,1
1454030,"Adventure,RPG",1,1,0
726060,"Action,Adventure,Simulation",5,0,5
627820,"Casual,Indie",83,48,35
1052850,Casual,0,0,0
1548590,"Action,Adventure,Casual,Indie,Early Access",6,2,4
774421,"Casual,Free to Play,Indie,Simulation",0,0,0
1802860,Casual,5,4,1
658440,Action,0,0,0
1413550,"Casual,Indie,RPG,Simulation,Strategy",0,0,0
1475440,Indie,0,0,0
488690,"Racing,Simulation,Sports",26,21,5
1681010,"Action,Indie",14,14,0
1642690,Indie,0,0,0
1064670,"Action,Free to Play",0,0,0
1637300,"Action,Adventure,Indie",1,1,0
92220,"Action,Indie",69,57,12
1249060,"Adventure,Indie,Simulation",4,3,1
1782890,"Adventure,Casual,Indie,Early Access",0,0,0
753360,"Sexual Content,Nudity,Casual,Indie,RPG",26,17,9
33760,Casual,5,1,4
883290,"Education,Utilities,Video Production",0,0,0
32110,Casual,19,18,1
1198450,"Adventure,Casual",39,33,6
616880,"Action,Indie",9,8,1
4100,"Casual,Strategy,Indie",13,6,7
600180,"Action,Indie,Strategy,Early Access",0,0,0
322980,"Action,Casual,Strategy",32,13,19
468740,"Action,Casual,Indie,Simulation,Strategy",21,18,3
415600,"Racing,Simulation,Sports",142,125,17
344030,"Adventure,Casual",18,10,8
758280,"Violent,Gore,Action,Indie,Early Access",0,0,0
1370640,"Casual,Indie,Strategy",6,6,0
292120,RPG,6490,4803,1687
1654200,"Action,Casual",20,19,1
1073230,"Adventure,Casual,Indie,RPG,Simulation,Strategy",3,2,1
1461200,"Casual,Indie,Racing,RPG,Sports",104,97,7
863810,"Sexual Content,Violent,Action",11,8,3
814400,"Action,Adventure,Casual,Indie,Simulation,Strategy",57,36,21
1448880,"Action,Casual,Free to Play,Indie",0,0,0
1599300,"Casual,Animation & Modeling,Design & Illustration,Game Development",2,2,0
772180,"Casual,Indie,Simulation,Sports,Early Access",105,97,8
263100,Indie,433,372,61
233290,"Action,Adventure,RPG",3352,2721,631
2008350,"Action,Casual,Indie,Strategy",0,0,0
1886150,RPG,2,2,0
1598470,"Action,Indie,Massively Multiplayer,RPG,Sports,Early Access",0,0,0
485130,"Action,Indie",0,0,0
1625370,Free to Play,0,0,0
1172850,"Casual,Indie",0,0,0
969940,Simulation,3,1,2
697730,"Action,Adventure,Casual,Indie",2,1,1
1059860,"Casual,Indie,Racing,Strategy,Early Access",0,0,0
1633400,Indie,1,0,1
658700,Racing,79,55,24
850250,"Action,Indie",5,1,4
1771260,"Indie,RPG,Strategy",0,0,0
412490,"Indie,Strategy",5,3,2
264730,"Action,Indie",533,387,146
1916960,"Action,Adventure,Casual,Indie",7,6,1
1044630,"Adventure,Indie,RPG",14,6,8
1010800,Utilities,0,0,0
1028740,"Action,Adventure,Indie,RPG",19,12,7
800820,"Casual,Indie",21,20,1
1564970,"Casual,Indie",0,0,0
1834500,"Adventure,Free to Play,Indie,Strategy",0,0,0
261920,Utilities,98,37,61
300320,Strategy,74,41,33
894360,"Casual,Indie,Simulation",1,1,0
1607720,"Indie,Strategy",1,1,0
2053770,"Casual,Indie",0,0,0
33100,"Action,Indie,RPG",421,390,31
1802560,"Casual,Indie",13,12,1
599480,"Adventure,Indie",12,10,2
942440,Action,0,0,0
1715580,"Adventure,Casual,Indie",0,0,0
1133250,"Action,Adventure,Indie,Strategy",1,1,0
1217560,"Action,Casual,Indie,Strategy,Early Access",1,1,0
2056990,"Adventure,Indie,RPG",0,0,0
410440,"Casual,Indie",16,12,4
1908150,"Adventure,RPG",0,0,0
692270,"Adventure,Free to Play",0,0,0
648430,"Free to Play,Strategy",0,0,0
2005490,"Action,Indie,Simulation",1,1,0
479330,"Casual,Strategy",19,13,6
1851320,"Adventure,Indie",0,0,0
1360560,"Action,Casual",1,0,1
1138530,"Indie,RPG,Simulation,Strategy",2,2,0
1028840,"Indie,Racing,Sports",6,4,2
1829760,"Casual,Indie,Strategy",0,0,0
324420,"Indie,Strategy",23,15,8
340,Action,4079,3608,471
1890010,Indie,9,9,0
1034040,"Free to Play,Indie,Strategy",0,0,0
1569380,"Adventure,Indie",3,2,1
828350,"Action,Adventure,Indie",4,4,0
1818840,"Casual,Indie",1,0,1
2026590,"Action,Adventure,Casual,Indie,Simulation,Sports",0,0,0
786960,"Simulation,Early Access",0,0,0
574580,RPG,14,10,4
843780,"Casual,Indie,Simulation",11,9,2
935640,"Casual,Indie",22,20,2
271590,"Action,Adventure",389782,312659,77123
1061360,"Action,Casual,Indie",0,0,0
1206240,"Action,Massively Multiplayer,Simulation",0,0,0
1383340,"Casual,Indie",3,2,1
1714310,"Action,Adventure,Casual,RPG",0,0,0
607350,Action,7,1,6
906030,"Action,Indie",2,2,0
279720,RPG,162,105,57
1462700,"Action,Adventure,Indie,Early Access",19,16,3
719600,"Casual,Simulation",5,1,4
1444300,"Adventure,Casual,Indie",120,117,3
1347800,Simulation,91,49,42
1043250,"Audio Production,Utilities,Video Production,Early Access",12,10,2
2020870,"Action,Adventure,Indie,RPG,Simulation",1,1,0
1612960,"Action,Casual,Indie",13,13,0
1234590,"Casual,Indie,RPG",0,0,0
1318420,"Adventure,Casual",0,0,0
1239870,"Casual,Indie,RPG,Simulation,Strategy",0,0,0
1534350,RPG,3,2,1
1154160,Indie,2,2,0
451310,"Adventure,Indie,Strategy",37,28,9
772360,"Adventure,Indie,RPG",6,4,2
630310,"Action,Adventure",245,203,42
1097350,"Action,Adventure,Indie,RPG,Simulation",628,506,122
1016930,"Adventure,Casual,Indie",103,66,37
322330,"Adventure,Indie,Simulation",59423,57243,2180
647990,"Casual,Simulation",17,15,2
575970,Strategy,63,54,9
1797610,"Casual,Indie,Racing",16,15,1
2058150,"Action,Adventure,Free to Play,Indie,Early Access",0,0,0
1204760,"Action,Adventure,Casual,Indie,Simulation",17,14,3
1914970,Casual,117,107,10
775520,"Casual,Indie",18,15,3
1853560,"Adventure,Casual,Indie,RPG",0,0,0
338710,"Casual,Indie,Strategy",44,19,25
1525640,"Action,Adventure,Racing,Simulation",1,0,1
824270,"Action,Indie,Simulation",15926,14889,1037
1829980,"Adventure,Casual",181,173,8
1584090,"Casual,Indie,RPG,Simulation",618,614,4
1044760,"Action,Adventure,Casual,Indie,Simulation",16,11,5
1627360,Action,11,11,0
1716440,"Adventure,Indie,Simulation,Strategy",3,1,2
1026770,"Adventure,Indie,RPG",4,1,3
1746420,"Casual,Indie,Strategy",0,0,0
1607620,"Action,Adventure,Casual,Free to Play,Indie,Early Access",0,0,0
1081840,"Action,Adventure,Indie,RPG,Simulation",28,23,5
1646140,Adventure,0,0,0
970360,"Adventure,Indie",1,0,1
1049590,"Free to Play,Indie,Strategy,Early Access",19,17,2
1202710,"Casual,Indie",9,9,0
497870,"Action,Indie,Early Access",0,0,0
1883400,"Indie,RPG",2,2,0
285130,"Casual,Simulation,Strategy",61,37,24
1752250,"Casual,Indie",51,48,3
457340,"Action,Adventure,Indie",42,33,9
312750,RPG,1271,1071,200
572520,"Action,Free to Play,Strategy,Early Access",68,51,17
275060,"Action,Adventure",102,24,78
1032660,Action,0,0,0
1161660,"Casual,Indie",2,2,0
1437480,"Action,Adventure,Casual,Indie",1,1,0
1263750,"Adventure,Indie",11,11,0
1220880,"Adventure,Indie,RPG",0,0,0
535630,"Action,Indie,Strategy,Early Access",7,6,1
548500,"Adventure,Casual,Indie,Simulation",38,34,4
1448190,"Action,Indie,Early Access",3,2,1
1215980,"Action,Casual,Indie,Early Access",0,0,0
1170830,"Action,Adventure,Casual,Indie,RPG,Simulation",3,1,2
289050,Casual,20,9,11
1069250,"Action,Adventure,Indie,RPG,Simulation,Strategy",3,1,2
299600,"Indie,RPG",89,47,42
1059040,"Action,Indie,Massively Multiplayer,Simulation,Strategy",12,9,3
1904040,"Casual,Indie,Simulation",7,7,0
607440,Indie,9,3,6
304170,"Action,Adventure,Free to Play",44,19,25
1826300,"Adventure,Casual,Indie",22,15,7
562280,"Adventure,Indie",27,23,4
1723320,"Action,Sports",8,4,4
341270,"Indie,RPG,Early Access",7,3,4
683840,"Casual,Indie,Strategy",1,1,0
1504670,Casual,9,3,6
1049890,"Action,Indie,Early Access",1810,1717,93
1789440,"Action,Adventure,Casual,Indie",2,2,0
1454550,"Action,Indie",41,40,1
439730,"Action,Indie,RPG,Early Access",5,4,1
423590,"Adventure,Indie",219,181,38
1482870,"Adventure,Indie,Racing",17,17,0
1380490,"Action,Adventure,Indie",5,4,1
577270,Simulation,10,10,0
1558420,"Action,Indie",1,1,0
1809420,"Action,Adventure,Indie,Strategy",1,0,1
698650,"Action,Adventure,Indie,Early Access",10,10,0
1391000,Simulation,0,0,0
431240,"Casual,Indie,Sports",27120,24542,2578
1157830,Strategy,0,0,0
552270,Indie,6,3,3
995310,"Action,Casual,Indie",0,0,0
461540,Education,0,0,0
931650,"Adventure,Free to Play,RPG,Strategy",0,0,0
752910,"Action,Casual,Indie,Early Access",130,112,18
1493570,"Casual,Indie,Simulation,Strategy",1,0,1
393980,Casual,194,166,28
1238490,"Action,Casual,Indie",0,0,0
786060,"Adventure,Casual",0,0,0
1692580,"Casual,Indie",13,13,0
949680,"RPG,Simulation,Strategy",10,6,4
1839150,"Casual,Simulation",0,0,0
1112830,"Action,Indie",103,76,27
649150,"Violent,Gore,Action,Indie",7,2,5
1684610,Casual,22,20,2
2070310,"Adventure,Indie",0,0,0
1085070,"Action,Adventure,Indie",12,11,1
1217370,"Casual,Sports,Strategy",3,1,2
1299710,Adventure,8,8,0
960220,"Action,Casual,Indie,RPG",4,4,0
1109070,"Adventure,Casual,Indie,RPG,Strategy",0,0,0
978610,"Action,Adventure,Casual,Indie,Massively Multiplayer,RPG,Simulation,Strategy,Early Access",2,0,2
1122680,"Action,Adventure,Indie",424,395,29
910650,"Indie,Racing",0,0,0
1653650,"Adventure,Casual,Indie,Strategy",14,12,2
1237700,"Adventure,Indie",2,2,0
983590,"Action,Casual,Indie",2,2,0
1047610,Indie,0,0,0
650880,"Adventure,Casual,Strategy",2,1,1
876650,"Adventure,Indie,RPG",779,731,48
1433410,"Action,Adventure,Indie",5,5,0
355430,"Action,Adventure,Indie,RPG",21,11,10
825730,Strategy,126,112,14
1498110,"Action,Adventure,Casual,Indie,Strategy",16,0,16
13520,Action,2926,2270,656
777880,"Action,Indie,Strategy",54,42,12
390720,"Action,Indie",240,228,12
840620,"Action,Casual,Free to Play,Indie",0,0,0
498630,"Action,Adventure,Early Access",10,3,7
1557040,"Free to Play,Simulation,Strategy",1,1,0
683620,"Adventure,Indie,RPG",1,1,0
995720,"Casual,Free to Play,Simulation",0,0,0
566750,"Action,Adventure,Indie",8,6,2
853770,"Action,Indie,Early Access",2295,2072,223
454430,"Action,Indie",1,0,1
1265990,"Adventure,Casual,Indie,Simulation,Strategy",0,0,0
1234750,"Action,Casual,Indie",9,7,2
1253160,"Simulation,Early Access",0,0,0
873500,"Adventure,Casual,Indie",5,4,1
397160,"Indie,RPG,Strategy",169,139,30
1717410,"Action,Adventure,RPG",18,14,4
1433870,"Action,Indie,Strategy",8,8,0
1012160,"Action,Indie",3,2,1
598640,"Action,Casual,Indie,Sports",30,28,2
1358930,Indie,0,0,0
310450,RPG,4,3,1
219700,"Free to Play,Strategy",1,0,1
718720,"Action,Indie",20,15,5
461350,"Adventure,Casual,Indie,RPG,Simulation,Strategy",12,9,3
1851410,"Action,Indie",5,5,0
1759720,"Action,Adventure,Casual,Indie,Simulation",0,0,0
1966100,"Free to Play,Indie",0,0,0
1295990,"Adventure,Indie,Simulation",2,2,0
1589580,"Adventure,Casual",0,0,0
1285610,"Adventure,Indie",3,2,1
743960,"Action,Indie,Early Access",15,8,7
1712150,"Adventure,Casual,Indie,Strategy",8,8,0
775960,"Adventure,Indie",26,20,6
1823340,Simulation,0,0,0
447210,"Adventure,Indie",39,36,3
1736510,Simulation,0,0,0
508350,"Adventure,Indie,RPG,Early Access",9,6,3
370190,"Action,Casual,Indie",11,5,6
845880,"Action,RPG",164,153,11
1961520,"Adventure,Casual,Indie",43,38,5
448320,"Action,Adventure,Indie",180,137,43
332400,"Action,Adventure,Casual,Indie,RPG,Strategy",60,44,16
1595410,"Action,Adventure,Indie",0,0,0
1273290,"Action,Adventure,Indie,RPG",0,0,0
1790560,"Action,Adventure",0,0,0
1201380,"Indie,Sports,Early Access",6,6,0
1887960,"Action,Adventure,Casual,Indie,Massively Multiplayer,RPG,Simulation",12,10,2
1859540,"Adventure,Casual,Indie",0,0,0
1884030,"Action,Adventure,Indie",1,1,0
1706450,"Indie,Racing,Early Access",0,0,0
1681360,"Action,Adventure,Free to Play,Indie",0,0,0
1258950,"Action,Adventure,Casual,Free to Play,Indie",0,0,0
696600,"Adventure,Indie,Early Access",0,0,0
1874530,"Casual,Indie,Strategy",1,1,0
318970,"Adventure,Indie,RPG",585,493,92
387430,"Indie,Simulation,Strategy",31,21,10
1174690,"Casual,RPG",140,113,27
323190,"Simulation,Strategy",25041,23090,1951
1976130,Free to Play,1,0,1
437090,Indie,2,1,1
1712950,Casual,27,26,1
860910,"Action,Casual,Indie",220,169,51
1529560,Action,0,0,0
1139760,"Action,Indie",11,11,0
831540,Indie,3,0,3
1062060,"Adventure,Casual,Free to Play,Indie",15,13,2
115100,"Adventure,Casual,RPG",1520,1444,76
1488730,"Casual,Simulation,Sports",2,1,1
898170,"Action,Indie,Racing",1,0,1
862370,"Action,Casual,Indie",1,0,1
467320,"Action,Casual,Indie,RPG",67,52,15
412520,"Casual,Indie,Strategy",145,102,43
1428980,RPG,8,8,0
1310270,"Action,Adventure,Free to Play,Indie",0,0,0
668200,"Adventure,Indie,Simulation",4,4,0
1522280,"Indie,Simulation,Strategy,Early Access",109,86,23
877380,"Indie,Simulation,Strategy",5,4,1
1841220,"Action,Adventure",2,2,0
1484610,"Action,Casual,Indie,Simulation,Early Access",2,1,1
294280,"Action,Adventure,Casual",23,14,9
1462680,"Adventure,RPG,Simulation,Strategy",3,3,0
433490,"Action,Casual,Indie",11,10,1
718070,"Violent,Gore,Action,Adventure,Indie,Early Access",3,1,2
378540,"Action,RPG",3130,2413,717
1662910,"RPG,Design & Illustration,Utilities,Game Development",7,6,1
1739710,"Adventure,RPG",1,1,0
1304130,"Casual,Indie,Strategy,Early Access",13,8,5
1426990,"Action,Adventure,Casual,Indie,Sports",6,4,2
1201760,"Adventure,Indie",0,0,0
856040,Indie,1,1,0
889510,Action,594,559,35
769200,"Action,Casual,Indie",8,5,3
20500,Action,3576,3260,316
1289520,"Action,Indie,Design & Illustration,Software Training,Game Development",26,23,3
292730,"Action,Adventure",6461,3231,3230
1512300,"Action,Indie,Racing,Sports",7,4,3
2009220,"Action,Adventure,Casual,Indie,Strategy,Early Access",0,0,0
1431550,"Action,Casual,Indie",2,2,0
870140,"Action,Adventure,Indie",8,7,1
746010,"Action,Casual,Free to Play,Indie,Early Access",0,0,0
376120,"Action,Adventure,Casual,Indie,Massively Multiplayer,Racing,RPG,Simulation,Sports,Strategy",14,3,11
1739000,"Simulation,Sports,Strategy",122,99,23
1110210,"Action,Adventure,Indie,Early Access",3,1,2
651080,"Casual,Simulation",0,0,0
1130400,"Action,Adventure,Indie,Racing,Early Access",7,5,2
692680,"Action,Casual,Indie",4,4,0
1020440,"Adventure,Casual,Indie",7,5,2
995230,"Adventure,Indie",192,162,30
691240,"Adventure,Indie",11,9,2
1176360,"Action,Indie",3,0,3
1437410,"Action,Adventure,Casual,Indie",5,5,0
751780,"Action,Adventure,Indie,Simulation",10261,9275,986
490080,"Indie,RPG,Strategy",50,16,34
1177170,"Casual,Indie",5,2,3
1430140,Strategy,7,4,3
1808810,"Action,Adventure,Indie,Early Access",0,0,0
3410,Casual,149,111,38
431960,"Casual,Indie,Animation & Modeling,Design & Illustration,Photo Editing,Utilities",139658,137463,2195
1131840,"Action,Indie,Simulation,Sports",0,0,0
843860,"Action,Adventure,Indie,Simulation",30,10,20
765160,"Action,Casual,Indie",19,14,5
1828640,"Casual,Indie,Racing",86,83,3
1129700,"Casual,Indie",0,0,0
661420,"Adventure,Casual,Indie",0,0,0
1433910,Adventure,1,1,0
748120,"Action,Adventure,Casual,Indie,RPG,Strategy",0,0,0
414770,"Action,Adventure,Indie,RPG,Simulation,Strategy",4,1,3
856010,"Indie,Simulation,Strategy,Early Access",21,11,10
728720,"Casual,Indie",1,1,0
1924840,"Casual,Indie",0,0,0
1660520,"Action,Adventure,Casual,Free to Play,Indie,RPG",0,0,0
1856970,"Action,Indie",0,0,0
1550650,"Indie,Simulation,Strategy,Early Access",12,7,5
1841250,"Adventure,Casual,Indie",68,51,17
819210,"Indie,Simulation,Strategy",2,0,2
749670,"Action,Casual,Indie",10,7,3
2990,Racing,2420,2288,132
11150,Adventure,185,100,85
661680,"Adventure,Indie",28,23,5
670620,"Violent,Gore,Action,Adventure,Indie,Simulation,Early Access",4,1,3
774911,"Adventure,Casual,Indie,Simulation",43,24,19
446780,"Action,Adventure,Indie",88,32,56
908730,"Indie,Strategy,Early Access",0,0,0
690560,"Casual,Indie,RPG",98,85,13
562350,"Adventure,Casual,Indie",223,180,43
1054620,"Action,Casual,Indie,RPG",2,2,0
1592740,"Casual,Strategy",37,33,4
70900,"Indie,Strategy",215,182,33
288270,"Education,Software Training,Utilities,Video Production",41,17,24
1744430,"Adventure,Casual",2,2,0
1450280,"Casual,Indie",5,1,4
1447290,Action,2,0,2
1165450,"Action,Indie",27,25,2
1371050,"Adventure,Indie,RPG",0,0,0
1491120,"Indie,Racing,Early Access",4,4,0
1015720,"Adventure,Indie,RPG",88,78,10
788760,"Action,Indie",7,6,1
1740050,"Adventure,Casual,Indie",5,5,0
1728310,"Action,Casual,Indie",0,0,0
908590,"Indie,Strategy",1,1,0
992070,"Casual,Free to Play",0,0,0
746340,"Action,Sports",1,0,1
1582870,Simulation,3,2,1
1336700,"Action,Indie",0,0,0
244160,"Simulation,Strategy",6039,5289,750
737980,"Adventure,Indie",2,2,0
1856170,"Casual,Indie",1,1,0
673870,"Action,Indie,Simulation",0,0,0
522230,"Casual,Free to Play,Indie,Simulation,Sports",0,0,0
1782970,"Adventure,Casual,Indie",5,5,0
1201940,"Casual,Free to Play,Indie,Racing,RPG,Simulation",0,0,0
24640,Simulation,9,3,6
1301650,"Casual,Early Access",0,0,0
808990,"Action,Indie,Simulation,Strategy",4,3,1
1664370,"Action,Adventure,Indie",0,0,0
2525,"Casual,Indie",3,2,1
1828890,"Casual,Indie",1,0,1
572170,"Adventure,Indie",2,1,1
1511310,"Casual,Indie,Strategy,Early Access",1,1,0
1419740,"Casual,Free to Play,Indie",0,0,0
1546340,Casual,3,2,1
367080,"Action,Adventure,Indie,RPG",95,72,23
1859020,"Action,Adventure,Free to Play,Indie",0,0,0
1361000,Action,3960,3072,888
838150,"Casual,Indie,Early Access",1,0,1
544630,"Action,Adventure,Sports",13,12,1
1519050,"Simulation,Strategy",3,3,0
1334020,"Adventure,Indie",6,4,2
1490410,"Adventure,Casual,Indie,RPG,Strategy",10,5,5
588650,"Action,Indie",28005,26971,1034
8850,Action,5014,4426,588
1936050,"Action,Indie,Strategy",0,0,0
1201140,"Animation & Modeling,Photo Editing,Game Development",0,0,0
1033860,Simulation,5,2,3
924650,"Action,Indie",53,47,6
869340,"Action,Adventure,Casual,Indie",7,1,6
799070,"Casual,Indie",628,599,29
1914680,"Casual,Free to Play,Indie",0,0,0
1602590,Indie,3,1,2
998950,"Action,Casual,Indie",0,0,0
1468180,Casual,1,1,0
639770,Indie,30,30,0
363440,Action,1548,1324,224
1627040,"Action,Adventure,Indie,RPG,Simulation",0,0,0
918570,"Action,Free to Play,Indie",711,588,123
1010270,"Action,Adventure,Massively Multiplayer",135,77,58
498990,Action,9,8,1
709080,"Adventure,Free to Play,Indie",0,0,0
1833300,"Adventure,RPG",2,2,0
1401320,"Adventure,Indie,RPG",0,0,0
286300,Indie,40,31,9
1501100,"Casual,Indie",8,7,1
678100,"Indie,Simulation",2,2,0
406150,"Adventure,Casual,Indie",7114,6810,304
1057640,"Action,Adventure,Indie,Early Access",116,103,13
1817000,Casual,76,76,0
229560,"Action,Indie,Simulation,Early Access",7,1,6
1671610,"Casual,RPG",0,0,0
466520,"Action,Adventure,Casual,Indie,Simulation",20,14,6
1794690,"Action,Casual,Indie,RPG",3,3,0
1625960,"Adventure,Casual,Indie",36,27,9
1882000,"Adventure,Casual,Indie",3,3,0
1541750,"Casual,Indie,Strategy",2,2,0
1290820,"Action,Free to Play,Indie",0,0,0
1716200,Casual,0,0,0
972940,"Indie,Strategy",4,4,0
1162430,"Adventure,Indie",19,19,0
1720220,"Action,Adventure,Indie",5,4,1
1254150,"Action,Casual,Indie",7,5,2
1931240,"Action,Indie",65,61,4
1055990,"Adventure,Indie,RPG,Strategy",273,233,40
794580,Action,166,125,41
788810,"Violent,Action,Adventure,Indie",12,6,6
744260,"Casual,Indie,Simulation",20,15,5
1267670,"Action,Casual,Indie",2,1,1
1480740,"Casual,Indie,Simulation,Strategy",5,4,1
363110,Strategy,10,6,4
633940,"Action,Adventure,RPG",8,4,4
744810,"Casual,Free to Play,Indie",3,3,0
1992520,"Action,Casual,Indie",0,0,0
1160220,"Adventure,Indie,RPG",1618,1544,74
1751320,"Casual,Indie",1,1,0
1590660,"Adventure,Indie",221,205,16
402940,"Adventure,Indie,RPG",16,12,4
1205450,"Action,Adventure,Casual,Indie",3556,3393,163
886430,"Casual,Strategy",0,0,0
619890,Action,6,4,2
1879130,"Casual,Indie,Simulation",0,0,0
886460,"Action,Casual,Free to Play,Indie",0,0,0
1297230,"Casual,Indie",19,17,2
473690,"Action,Adventure,Indie",6827,4956,1871
1715950,"Adventure,Casual,Indie",3,3,0
644580,"Action,Indie",6,6,0
1831950,"Action,Indie",0,0,0
327960,"Adventure,Indie,RPG,Early Access",9,2,7
456180,"Action,Adventure,Indie",78,49,29
438790,"Action,Indie",8,2,6
1283450,"Adventure,Casual,Indie,Simulation",0,0,0
1821960,"Casual,Indie,Strategy",8,8,0
377460,"Action,Casual,Indie",124,119,5
640720,"Animation & Modeling,Design & Illustration,Utilities",3,1,2
959020,"Casual,Indie",3,3,0
728880,"Action,Casual,Indie",7720,7255,465
1437940,"Casual,Indie",13,10,3
505330,"Adventure,Casual,Indie",96,62,34
783770,"Action,Free to Play",0,0,0
1265090,"Adventure,Casual,RPG",4,3,1
372570,Adventure,8,4,4
835490,"Action,Adventure,Casual,Indie",4,2,2
595690,"Indie,Massively Multiplayer,Simulation",1984,1537,447
1434300,"Indie,Strategy",1,1,0
1418010,"Adventure,Indie,RPG",17,14,3
651280,"Adventure,Free to Play,Indie,RPG",3,3,0
1984860,"Adventure,Casual,Free to Play,Early Access",0,0,0
589640,"Action,Indie,Strategy",39,27,12
1079510,"Simulation,Strategy,Early Access",126,113,13
1106080,"Indie,RPG",55,44,11
1158370,Action,847,635,212
1446480,"Action,Adventure",20,18,2
2200,Action,1446,1380,66
1678750,"Action,Adventure,Indie,Simulation",7,2,5
1811820,"Adventure,Indie",1,1,0
260690,Adventure,134,108,26
1010380,"Casual,Indie",4,1,3
1119680,"Action,Adventure,Casual,Indie",0,0,0
537630,"Sports,Early Access",133,108,25
1586110,Casual,0,0,0
1553110,"Action,Indie",0,0,0
1289260,"Casual,Indie",0,0,0
480500,"Action,Indie,Massively Multiplayer,Simulation,Strategy,Early Access",14,9,5
684530,"Action,Casual,Indie",39,39,0
1641520,"Adventure,Indie,Simulation,Early Access",11,8,3
311820,"Action,Indie,Racing",21,20,1
1103290,"Adventure,Indie,Early Access",2,1,1
466110,"Action,Casual,Indie",401,375,26
615400,"Action,Casual,Free to Play,Simulation,Strategy",0,0,0
544800,Action,6,4,2
1981250,Indie,4,4,0
377720,"Adventure,Casual",20,19,1
1941840,"Casual,Indie",35,34,1
537800,"Simulation,Strategy",4928,4360,568
1486800,"Casual,Strategy,Early Access",23,19,4
868080,"Casual,Indie,Sports,Early Access",54,42,12
491020,"Adventure,Casual,Indie",3,1,2
1100560,"Action,Indie",2,2,0
1610460,"Racing,Simulation,Sports",152,97,55
269670,"Action,Adventure,Indie",516,426,90
1562740,"Action,Indie",1,1,0
1567580,"Action,Adventure,Free to Play",0,0,0
882620,"Action,Adventure,Casual,Indie",8,7,1
1486080,Indie,51,49,2
563610,"Simulation,Sports",2,1,1
1267930,"Action,Strategy",7,6,1
1715530,"Indie,Strategy",1,1,0
1639430,"Action,Adventure,Indie,RPG,Early Access",66,54,12
287980,"Indie,Simulation,Strategy",5096,4916,180
1323610,"Simulation,Early Access",13,12,1
1900070,"Action,Casual,Indie,RPG",0,0,0
608870,"Adventure,Indie",28,24,4
770360,"Action,Adventure,Casual,Indie,RPG",0,0,0
348270,"Casual,Indie,RPG,Simulation",84,41,43
227940,"Action,Free to Play,Indie,Massively Multiplayer,Strategy",998,551,447
1006430,"Action,Casual,Indie",3,3,0
261740,"Action,Indie",22,13,9
1240680,"Action,Indie,Sports,Early Access",1,0,1
1222260,"Action,Adventure,Casual,Indie,RPG",0,0,0
648750,"Adventure,Casual,Indie,Strategy",66,37,29
261350,"Adventure,Casual,Indie,RPG,Early Access",20,11,9
778630,"Action,Adventure,Casual,Indie",0,0,0
1670070,"Casual,Indie,Simulation",5,5,0
418430,"Action,Adventure,Indie,RPG,Simulation,Strategy",5,5,0
535410,Strategy,20,18,2
972960,"Action,Adventure,Indie",3,3,0
383950,"Casual,Indie",14,10,4
916540,"Action,Casual,Indie,Strategy",3,2,1
1927410,"Adventure,Casual,Indie",3,3,0
1113030,"Action,Casual,Indie,Strategy,Early Access",104,85,19
782290,"Indie,Strategy,Early Access",0,0,0
1447540,"Adventure,Casual,Indie",18,15,3
383520,"Indie,RPG,Strategy",14,9,5
1335290,Utilities,22,20,2
684840,"Action,Adventure,Indie,Early Access",3,3,0
747850,"Adventure,Casual,Indie,RPG,Simulation,Strategy",5,4,1
253670,Animation & Modeling,26,19,7
282440,Action,1856,1634,222
314180,"Action,Indie",205,196,9
627270,Action,3783,3245,538
1735400,"Adventure,Indie,RPG,Strategy",0,0,0
666250,"Action,Adventure,Casual,Indie,Sports",12,2,10
1076360,"Action,Indie",0,0,0
1709150,"Action,Racing,Simulation,Early Access",0,0,0
16600,"Indie,Racing,Sports",159,130,29
559280,"Action,Indie,Strategy",4,2,2
1144770,"Adventure,Indie",345,327,18
518040,"Sports,Early Access",79,76,3
989340,"Adventure,Casual,Indie",7,7,0
871870,"Adventure,Casual,Indie",14,6,8
283430,"Action,Adventure",11,9,2
314730,Utilities,8,5,3
1295210,"Casual,Indie,Strategy",0,0,0
991560,Action,311,173,138
1728560,"Adventure,Casual,Indie,RPG,Strategy",0,0,0
640990,Adventure,207,173,34
613100,"Indie,Simulation",30684,28702,1982
465010,"Casual,Indie,Simulation",2,1,1
1741520,"Action,Simulation",2,0,2
393930,"Action,Casual,Free to Play,Indie,RPG,Sports,Early Access",3,0,3
708190,Indie,23,18,5
975910,"Casual,Indie,Simulation,Strategy",7,5,2
702180,"Casual,Indie,Massively Multiplayer,RPG,Early Access",1,0,1
682180,"Action,Casual,Indie,Strategy",6,4,2
1963440,Adventure,0,0,0
576690,"Casual,Indie,Strategy",4,1,3
985830,"Action,Adventure",1085,913,172
1665460,"Free to Play,Simulation,Sports",377,105,272
786180,"Action,Indie,Simulation",5,3,2
768540,"Action,Adventure,Indie,RPG,Simulation",39,24,15
253150,"Action,Indie,RPG,Strategy",532,388,144
1260170,"Action,Casual,Indie",2,2,0
822750,"Action,Casual,Indie",4,3,1
1576210,"Action,Adventure",0,0,0
654750,"Action,Casual,Indie",3,1,2
223591,Simulation,0,0,0
939790,"RPG,Simulation,Strategy",166,157,9
809270,Utilities,5,3,2
1632330,"Adventure,Casual,Indie,RPG,Strategy,Early Access",16,15,1
801220,"Action,Free to Play,Indie,Massively Multiplayer",0,0,0
991750,"Action,Casual,Indie,Strategy",4,4,0
763430,Action,71,52,19
722050,"Action,Casual,Indie,Racing",4,4,0
1147500,"Adventure,Casual,Indie,RPG,Strategy",35,33,2
1616070,"Casual,Indie,Sports",0,0,0
1007210,"Action,Adventure,Casual",1,1,0
46460,Adventure,226,189,37
204530,"Action,Indie,Strategy",1659,1579,80
955790,"Action,Casual,Indie,Simulation",7,6,1
1780280,"Adventure,Indie",1,0,1
1030310,"Adventure,RPG,Strategy",50,44,6
1266480,"Action,Casual,Indie,Early Access",3,2,1
868500,"Action,Casual,Indie,Racing",11,11,0
1016790,"Action,Adventure,Indie",309,240,69
1866220,"Action,Adventure,Free to Play,Indie,RPG,Strategy",0,0,0
1146360,"Action,Adventure",1,1,0
699790,Action,1,1,0
617710,"Action,Casual,Indie",30,18,12
1234190,"Action,Adventure",218,191,27
520370,"Casual,Indie,Simulation",4,3,1
470590,"Casual,Indie,Racing,Simulation",26,23,3
651340,"Casual,Indie",25,16,9
930290,"Action,Indie",1,1,0
404050,Action,87,59,28
2005370,"Casual,Indie",0,0,0
672650,"Sexual Content,Violent,Free to Play",0,0,0
1593620,"Action,Adventure,Indie",0,0,0
1274640,"Action,Indie,Racing,Simulation",6,4,2
1154290,"Action,Adventure,Indie",1,0,1
640340,"Action,Indie",63,53,10
1819430,"Adventure,Early Access",1,1,0
743420,"Action,Adventure,Indie",0,0,0
1659490,"Action,Adventure,Casual,Free to Play,Indie",0,0,0
510370,"Action,Adventure,Free to Play,Indie,RPG,Strategy,Early Access",0,0,0
860400,"Adventure,Casual,Indie,RPG",2,1,1
1039360,Indie,26,22,4
1752600,"Casual,Indie",0,0,0
907330,"Indie,RPG",2,2,0
1800860,RPG,4,4,0
443860,Racing,132,119,13
1153950,"Adventure,Casual,Indie,Simulation",11,9,2
1303870,"Casual,Indie,Simulation",10,8,2
1023690,Adventure,26,25,1
350600,"Action,Indie",80,49,31
1990260,"Adventure,RPG,Early Access",8,8,0
1377920,"Action,Racing",28,22,6
1175330,"Action,Adventure,Indie,RPG,Early Access",0,0,0
1724020,"Action,Adventure,Casual,Indie,Simulation,Strategy",9,6,3
2050140,Casual,0,0,0
1707740,"Action,Casual",1,1,0
1085150,"Casual,Indie,Massively Multiplayer,Simulation,Sports",1,0,1
1625790,"Casual,Indie,Strategy",3,3,0
1499800,"Action,Casual,Indie",32,26,6
732060,"Action,Adventure,RPG",4,1,3
1068490,"Adventure,Casual,Indie",4,2,2
1575290,Adventure,6,5,1
702080,"Indie,Simulation,Strategy,Early Access",1,0,1
679430,"Indie,Strategy",1,1,0
1790810,"Action,Casual,Indie,Early Access",0,0,0
1282040,"Action,Adventure,Indie,Strategy",1,1,0
1294680,Simulation,28,13,15
1156360,"Indie,RPG,Simulation,Early Access",88,77,11
1655430,"Action,RPG",3,3,0
1904410,"Action,Free to Play,Indie",0,0,0
1548270,"Casual,Indie",0,0,0
1410850,Casual,0,0,0
1065020,"Action,Indie",175,165,10
1614340,"Casual,Indie,Strategy",33,33,0
402750,"Indie,Simulation",150,99,51
963370,"Action,Adventure,Casual,Indie,RPG",8,5,3
359100,"Action,Adventure,Indie",402,323,79
1961750,"Adventure,Casual,Free to Play,Indie",0,0,0
1313470,"Action,Indie",6,4,2
1456250,"Action,Indie,Early Access",1,1,0
349950,"Action,Indie",9,7,2
338030,"Action,Adventure,RPG,Early Access",1,0,1
1840100,"Action,Indie",0,0,0
1512530,"Free to Play,Indie,Massively Multiplayer,RPG",0,0,0
273580,Action,95,89,6
1682410,"Adventure,Indie,RPG",4,3,1
1024960,"Indie,Simulation,Strategy",0,0,0
916580,"Casual,Indie,Strategy",10,7,3
1524470,"Action,Casual",21,12,9
389670,"Action,Indie,Racing,Simulation,Sports",395,292,103
671310,"Casual,Free to Play,Massively Multiplayer,RPG,Sports,Early Access",0,0,0
931250,"Action,Casual,Indie,Massively Multiplayer,Simulation",5,1,4
555580,"Action,Adventure,Casual,Indie",25,25,0
1479910,"Action,Indie",1,1,0
871230,"Action,Adventure",9,6,3
971610,"Action,Casual",8,6,2
797710,"Action,Casual,Indie,RPG,Sports",17,10,7
867380,Indie,182,167,15
848450,"Adventure,Indie",37984,34627,3357
1002210,Casual,1,1,0
1470970,"Casual,Indie,Strategy",5,5,0
1669430,"Action,Indie",3,3,0
1045650,"Casual,Indie,Racing,Simulation",58,48,10
1894880,"Casual,Simulation",1,0,1
1103790,"Action,Indie",3,3,0
1035770,"Casual,Indie",17,16,1
1662220,"Action,Adventure,Casual,Free to Play,Indie,RPG",0,0,0
209690,"Strategy,Indie,Casual",79,61,18
506550,"Action,Casual,Indie,Racing",18,14,4
1176460,"Action,Adventure,Indie",16,14,2
483970,Indie,53,43,10
1906660,"Action,Adventure,Indie",0,0,0
556750,Utilities,1,1,0
388060,"Indie,Strategy",265,151,114
750520,"Casual,Indie,Simulation,Strategy",209,168,41
374410,"Casual,Indie,Strategy",70,64,6
1772750,"Adventure,Casual,Indie,RPG,Strategy",1,1,0
1437050,"Action,Adventure,Indie",24,19,5
560430,"Action,Adventure",323,298,25
1609160,"Adventure,Casual,Indie,Simulation",102,72,30
230840,"Action,Adventure,Casual,Indie",497,239,258
1361490,"Action,Casual,Indie,Simulation",12,10,2
1576600,Casual,3,2,1
305820,"Casual,Indie",16,14,2
1757750,Adventure,23,16,7
1538040,"Action,Adventure,Casual,Indie,RPG,Early Access",0,0,0
1175190,Action,30,28,2
1810320,"Casual,Indie,Simulation",0,0,0
1262460,"Action,Adventure,Indie,Early Access",272,224,48
701460,"Casual,Indie,Simulation,Sports",10,4,6
747770,"Action,Free to Play,Indie",0,0,0
415900,"Action,Indie",3,2,1
547200,"Action,Adventure,Casual",8,7,1
2009730,"Adventure,Indie",0,0,0
545110,Utilities,25,18,7
359670,"Adventure,Casual,Indie,RPG",11,7,4
975220,Simulation,2,0,2
1390740,"Adventure,Casual,RPG,Simulation",756,599,157
1342660,"Casual,Indie,Strategy",13,13,0
1111030,"Casual,Indie",111,95,16
665300,"Animation & Modeling,Audio Production,Design & Illustration,Utilities,Video Production,Web Publishing",725,692,33
1580780,"Action,Adventure",629,495,134
205650,Adventure,899,674,225
1032700,"Simulation,Early Access",45,36,9
415090,"Action,Casual,Indie",18,17,1
1398290,RPG,0,0,0
549180,"Action,Strategy",42,26,16
1355420,"Action,Adventure,Indie",5,4,1
1057460,"Casual,Indie",0,0,0
1333410,"Casual,Free to Play,Massively Multiplayer,Racing,Simulation,Early Access",0,0,0
514200,"Casual,RPG,Strategy,Early Access",3,2,1
1439970,"Action,Indie",1,0,1
1746530,"Casual,Indie",4,1,3
683670,"Casual,Free to Play,Indie",0,0,0
1762390,"Adventure,Casual,RPG",0,0,0
70600,Strategy,1151,988,163
1516090,"Action,Adventure",28,25,3
1218710,Indie,2,0,2
1854590,"Action,Adventure,RPG",0,0,0
904890,"Adventure,Indie,Strategy",12,6,6
1841630,"Action,Indie,Simulation,Strategy",3,3,0
587400,"Action,Indie,Racing,Simulation,Sports",30,20,10
1131830,Indie,0,0,0
1316700,"Adventure,Indie",87,81,6
933830,"Indie,Strategy,Early Access",11,6,5
1044340,Adventure,99,79,20
965970,"Casual,Simulation",0,0,0
719180,"Action,Indie",53,41,12
1085750,"Indie,Simulation",605,490,115
1202170,"Action,Adventure,Casual,Indie,RPG,Simulation,Sports,Strategy",21,21,0
414580,"Action,Adventure,Indie",11,6,5
45400,Indie,327,303,24
915380,"Action,Adventure,Indie",3,3,0
1930740,"Action,Casual,Indie,Early Access",1,0,1
1743610,"Action,Indie",0,0,0
1832750,Utilities,5,5,0
1208550,"Indie,Early Access",13,13,0
334300,"Casual,Indie,Strategy",17,15,2
1100880,"Action,Adventure,Indie,Massively Multiplayer,Simulation,Strategy,Early Access",0,0,0
525080,"Simulation,Strategy",22,11,11
1209570,"Action,Adventure,Indie",12,12,0
854060,"Action,Adventure,Indie",2,2,0
1726690,"Action,Indie,Early Access",0,0,0
1786110,"Action,Adventure,Casual,Indie",0,0,0
1186270,"Action,Indie",2,2,0
1573800,"Casual,Indie,Strategy",0,0,0
353110,"Adventure,Casual",18,14,4
1363470,"Action,Adventure,Indie,RPG",0,0,0
1322490,Indie,8,5,3
1611580,"Casual,Indie,Simulation,Early Access",76,74,2
1397470,"Casual,Strategy",55,53,2
1606620,"Casual,Indie,Simulation,Strategy",1,0,1
461560,"Adventure,Free to Play,Indie",105,99,6
1129230,"Indie,RPG",0,0,0
544580,Action,22,19,3
1917710,"Casual,Free to Play,Racing",0,0,0
574140,"Adventure,Casual,Indie",70,53,17
846830,"Casual,Indie,Simulation,Early Access",14,7,7
600200,"Action,Adventure,Indie",3,2,1
217100,"Action,Adventure,Indie",401,178,223
1137320,"Indie,Simulation,Strategy,Early Access",23,19,4
1328780,Casual,0,0,0
1780620,Strategy,0,0,0
1955330,"Casual,Indie",370,362,8
1735240,Indie,10,10,0
809540,"Action,Indie,Strategy",245,210,35
1290200,Adventure,16,16,0
1530020,"Action,Indie,Early Access",6,5,1
1963470,"Action,Adventure,Casual,Indie,Strategy",0,0,0
1522040,"Action,Indie",1,1,0
1659470,"Casual,Indie,Simulation,Strategy",2,0,2
1234540,"Casual,Indie",1,1,0
1113970,"Adventure,Casual,Indie,Simulation",26,22,4
554600,"Adventure,Indie,RPG,Strategy",268,250,18
828590,"Action,Indie",12,11,1
352070,"Adventure,Indie,Strategy",91,82,9
517910,Adventure,21,19,2
1622030,"Action,Adventure,Casual,Free to Play,Indie",0,0,0
1935370,RPG,4,2,2
2072020,"Action,Casual,Indie",0,0,0
3710,Action,654,580,74
664510,"Action,Indie",9,7,2
1949780,Indie,19,11,8
1513700,"Action,Adventure,Casual,Indie",1,1,0
597170,"Action,Indie",10250,10005,245
316620,Design & Illustration,3,2,1
1709090,"Casual,Indie,Strategy",0,0,0
708140,"Action,Casual,Indie",1,1,0
952920,"Adventure,Casual,Indie",12,9,3
390680,"Action,Indie",11,11,0
1394720,"Action,Adventure,Indie,RPG",22,18,4
1552600,"Action,Adventure,Casual,Indie,Sports,Early Access",3,3,0
1448260,"Indie,RPG,Strategy",10,7,3
1844550,"Adventure,Casual",0,0,0
1302180,"Action,Racing,Simulation,Sports",10,8,2
979640,"Action,Adventure,Indie,Simulation,Strategy,Early Access",929,788,141
1143680,"Action,Adventure,Casual,Indie",9,8,1
345710,"Action,Adventure,Indie,Strategy,Early Access",24,2,22
1548920,"Casual,Indie",0,0,0
652190,"Action,Adventure,Indie,Simulation,Strategy",137,120,17
1094960,"Action,Indie,RPG",38,32,6
662690,Indie,5,4,1
897910,"Simulation,Early Access",2,0,2
1435980,"Action,Adventure,Indie",0,0,0
227180,"Free to Play,Indie,Massively Multiplayer,RPG,Simulation,Strategy",479,257,222
460540,"Action,Adventure,Casual,Free to Play,Indie,RPG,Early Access",1,1,0
856170,"Action,Casual,Indie,Simulation,Strategy,Early Access",4,3,1
1261040,"Action,Adventure,Casual,Indie,Simulation,Strategy",1350,1065,285
1084570,"Adventure,Casual,Free to Play,Indie",1,1,0
1417880,"Action,Adventure,Strategy",19,12,7
1145590,"Massively Multiplayer,Strategy",2,0,2
1051960,"Action,Indie",49,43,6
514830,"Action,Adventure,Indie,Simulation",30,19,11
450120,"Simulation,Strategy",54,46,8
630240,"Adventure,Casual",5,4,1
1206180,"Adventure,Indie",1,0,1
34285,"Casual,Strategy",3,2,1
1170760,Action,694,640,54
556050,"Action,Indie",201,189,12
1551160,"Simulation,Strategy",45,25,20
965670,RPG,197,181,16
61700,"RPG,Strategy",885,735,150
1801890,"Adventure,Indie,RPG,Simulation",0,0,0
1742060,"Action,Indie,RPG",1,1,0
354240,"Casual,Indie",1842,1589,253
1007820,Action,0,0,0
729720,"Action,Adventure,Indie,Strategy",29,15,14
501110,"Action,Indie,Simulation,Sports",74,50,24
1951910,"Action,Indie",2,2,0
992000,"Adventure,Indie",2,0,2
758500,Casual,338,319,19
1237070,"Sports,Strategy",49,47,2
1694960,"Casual,Indie",134,117,17
1955970,"Adventure,Casual,Indie,Early Access",9,6,3
951640,"Action,Casual,Indie",17,10,7
379320,"Action,Indie",31,23,8
1129730,"Action,Adventure,Indie,RPG",13,10,3
355150,"Adventure,Indie,Strategy",345,158,187
726110,Simulation,870,764,106
1994480,"Action,Indie,Strategy",1,1,0
439740,"Adventure,Casual,Indie,Early Access",0,0,0
665590,"Casual,Indie,Sports",17,13,4
485690,"Adventure,Casual,Indie",209,136,73
835530,"Nudity,Casual,Indie",0,0,0
1552760,"Adventure,Casual,Indie",19,18,1
1212530,Adventure,2,1,1
1646180,RPG,3,1,2
1177130,Casual,148,141,7
386930,"Action,Indie,Simulation",70,25,45
1487390,"Action,Early Access",504,356,148
1831610,"Action,Adventure,Indie,Simulation",0,0,0
750850,"Casual,Indie",27,22,5
1063520,"Design & Illustration,Photo Editing,Utilities,Game Development",8,7,1
383530,"Action,Indie",2,1,1
1876920,"Adventure,Indie,RPG",0,0,0
627890,"Action,Indie,Early Access",10,8,2
255280,"Adventure,Indie",427,308,119
560050,"Action,Indie",55,50,5
1571040,"Indie,Racing,Simulation,Early Access",0,0,0
1271580,"Adventure,Free to Play,Indie",0,0,0
874930,"Casual,Indie,Simulation,Strategy",0,0,0
586140,Action,3068,2927,141
963590,"Adventure,Casual,Indie,RPG,Simulation,Strategy,Early Access",1,0,1
248190,"Adventure,Indie",149,122,27
663290,"Action,Adventure,Indie,RPG",9,1,8
799120,"Violent,Action,Casual,Simulation",3,0,3
1677870,"Casual,Indie,Simulation",0,0,0
1218280,"Action,Casual,Indie,Simulation",513,448,65
1304220,"Adventure,Indie,RPG,Strategy",4,4,0
347600,"Action,Adventure,Indie,RPG,Early Access",513,389,124
978120,"Action,Casual,Indie",0,0,0
726070,"Adventure,Casual,Indie,Simulation",27,7,20
1543330,Indie,0,0,0
1664240,"Indie,RPG",16,15,1
494050,"Casual,Indie,Simulation,Sports,Strategy",28,15,13
867480,Indie,36,22,14
1098170,"Adventure,Indie",184,151,33
338120,"Casual,Indie",55,27,28
1245360,"Casual,Indie,Early Access",0,0,0
1566350,RPG,2,2,0
407620,"Action,Indie,Early Access",51,20,31
1610960,"Casual,Indie,Simulation",2,0,2
1369770,"Action,Adventure,Free to Play,Indie,RPG",0,0,0
1412640,Action,1,1,0
1170120,"Indie,RPG",34,34,0
1278350,"Action,Casual,Indie",13,9,4
919440,"Action,Adventure,Indie,RPG,Strategy",1,1,0
388210,Adventure,1528,1492,36
1340570,"Casual,Indie,Sports",27,26,1
574890,"Action,Adventure,Indie",20,16,4
1787270,Game Development,0,0,0
287370,Strategy,58,34,24
287220,"Casual,Indie,Simulation",194,94,100
1920460,"Casual,Indie",1,1,0
778580,"Action,Adventure,Indie",1,1,0
1119600,"Adventure,Simulation,Strategy",249,191,58
1428710,"Action,Indie,RPG",85,68,17
1554070,Sports,10,10,0
46520,"Action,Indie",78,44,34
1061550,"Casual,Indie,Strategy",0,0,0
710960,"Action,Indie",1,1,0
1387400,"Action,Adventure,Casual,Indie,RPG,Simulation,Early Access",0,0,0
433290,Strategy,72,69,3
670410,"Action,Indie",4,2,2
486430,"Action,Adventure,Indie",0,0,0
331460,"Adventure,Casual,Indie",26,22,4
46600,"Action,Casual,Indie",37,28,9
1486180,"Action,Adventure,Indie,RPG",0,0,0
1507410,"Casual,Free to Play,Indie",0,0,0
919640,"Action,Indie,Simulation,Strategy",2919,2314,605
1752740,"Action,Adventure,Casual,Free to Play,Indie,RPG",0,0,0
523880,"Action,Casual,Indie",2,0,2
2002790,"Action,Indie,RPG",0,0,0
412620,"Action,Casual,Indie",81,78,3
1080040,"Action,Adventure,Indie",9,9,0
1076950,"Action,Indie",6,3,3
1473500,"Action,Casual",2,1,1
657790,"Casual,Indie,Strategy",16,10,6
501320,"Indie,Simulation",404,274,130
839350,Indie,0,0,0
648440,"Action,Adventure,Indie",8,6,2
24420,Indie,392,351,41
1123500,"Action,Indie,Simulation,Strategy",5,3,2
1151610,"Action,Adventure,Free to Play,Indie,RPG,Simulation,Strategy",0,0,0
1453010,"Action,Casual",9,9,0
705220,"Adventure,Free to Play,Indie,RPG,Strategy",0,0,0
842510,"Action,Adventure,Indie,RPG,Strategy",1,0,1
1360080,"Action,Adventure,Casual,Indie,Simulation",3,3,0
548130,Action,15,14,1
939240,"Action,Casual,Indie,Strategy",4,2,2
1214200,"Adventure,Casual,Indie,RPG,Strategy",0,0,0
456740,"Adventure,Indie",4,4,0
482210,"Action,Casual,Simulation,Sports",6,4,2
201490,"Simulation,Strategy",222,40,182
1554840,"Action,Adventure,Indie",604,586,18
911130,"Casual,Indie,Strategy",7,3,4
983280,"Casual,Indie",5,5,0
714620,"Casual,Indie",13,5,8
1476220,"Casual,Indie",3,3,0
1586230,"Action,Indie,RPG",19,18,1
1211360,"Action,Indie,Simulation",105,81,24
1955440,"Action,Indie,Early Access",0,0,0
1534050,"Action,Adventure,Free to Play,Massively Multiplayer,Early Access",9,3,6
378530,"Action,Casual,Indie,Early Access",26,20,6
1053870,"Indie,Simulation,Strategy,Early Access",2,0,2
1221650,"Adventure,Casual,Strategy",3,2,1
1502250,"Adventure,Indie,RPG",1,1,0
1655520,"Casual,Indie,Strategy",3,2,1
1639580,"Casual,Free to Play,Indie",0,0,0
1228470,"Casual,Education,Game Development",0,0,0
318220,"Action,Adventure,Simulation",1213,560,653
690630,Indie,11,11,0
1509710,"Adventure,Indie,Strategy",1,1,0
1183160,"Action,Indie,Racing,Simulation",0,0,0
974850,"Action,Adventure,Casual,Indie",1,1,0
1092400,"Indie,RPG,Simulation",5,4,1
905320,"Action,Adventure",0,0,0
679640,"Action,Casual,Racing",3,1,2
1028730,"Casual,Free to Play,Indie,Simulation,Strategy,Early Access",21,15,6
964800,"Action,Adventure,Casual,Indie,Early Access",2137,2058,79
1041330,"Action,Casual,Indie",0,0,0
491520,"Adventure,Casual,Indie,Racing,Simulation,Sports",50,19,31
1522770,"Indie,RPG",1,1,0
1716120,"RPG,Simulation",517,457,60
1434900,"Action,Adventure,RPG",26,12,14
1198380,"Action,Casual,Early Access",3,2,1
663530,"Adventure,Indie,RPG",1,0,1
794490,"Action,Adventure,Casual,Indie,RPG,Simulation",371,228,143
37000,"Action,Adventure",492,407,85
1187950,"Action,Adventure,Indie",3,3,0
1661810,"Adventure,Casual,Indie,Strategy",1,0,1
22300,RPG,7562,5876,1686
453850,"Indie,RPG",53,26,27
672240,"Indie,RPG",0,0,0
372950,"Indie,Simulation",8,7,1
1006880,"Casual,Indie",1,1,0
1117470,"Casual,Indie",4,0,4
647650,Action,6,3,3
840010,"Adventure,Indie,RPG,Simulation",1400,1278,122
1269890,"Action,Casual,Free to Play,Indie",0,0,0
1345190,"Action,Indie,Simulation",4,4,0
1441180,"Adventure,Indie,Simulation",47,41,6
713450,Action,4,2,2
23700,Casual,85,54,31
400110,"Adventure,Indie,RPG",233,185,48
1296650,"Action,Casual,Indie,Simulation,Strategy",4,3,1
1871510,"Action,Adventure,Indie",58,48,10
1308250,"Adventure,Indie,RPG",10,10,0
1270080,"Action,Casual,Indie",11,11,0
663370,"Adventure,Casual,Indie",35,32,3
923050,Indie,1,1,0
758530,"Adventure,Casual,Free to Play,Indie,Strategy",0,0,0
1386790,"Adventure,Casual,Free to Play,Indie",0,0,0
766500,"Action,Adventure,Indie,Early Access",1,1,0
1506620,"Action,Adventure,Casual,Indie",95,51,44
517010,"Violent,Gore,Action,Adventure,Indie",7,2,5
36900,"Action,Casual,Indie,Simulation",3,0,3
1516440,Casual,21,16,5
1753900,"Indie,Racing,Simulation",12,5,7
320520,"Adventure,Indie",11,6,5
242860,"Action,Indie,Massively Multiplayer,Simulation,Strategy",16846,14870,1976
805550,"Racing,Simulation,Sports",7152,6490,662
1443100,"Casual,Indie,Strategy",16,15,1
996860,"Action,Indie,RPG",8,7,1
1103120,"Adventure,Indie",3,2,1
1623640,"Adventure,Indie",3,3,0
497400,"Adventure,Indie",181,132,49
1482730,"Casual,Indie",0,0,0
1363850,"Action,Adventure,Casual,Indie,RPG",59,48,11
211340,"Adventure,Indie,RPG",610,565,45
882150,"Action,Massively Multiplayer,Simulation,Early Access",37,35,2
1270280,"Casual,Indie,Early Access",0,0,0
1592930,"Action,Casual,Indie",0,0,0
668630,"Adventure,Casual,Indie",747,600,147
525690,"Adventure,Casual,Indie",40,37,3
740400,"Adventure,Indie",20,16,4
1379320,"Adventure,Indie,Simulation",3,0,3
47000,"Adventure,Casual",327,278,49
999880,Education,0,0,0
1655700,"Casual,Indie",17,16,1
1533600,"Casual,Strategy",0,0,0
1575710,"Casual,Strategy,Early Access",5,3,2
253690,"Action,Adventure,Casual,Indie",207,153,54
673530,"Action,Indie",1,1,0
1035500,"Adventure,Indie",1,0,1
676420,"Casual,Indie,Strategy",217,204,13
956010,"Casual,Indie,Strategy",12,9,3
275670,"Indie,Strategy",1144,972,172
418910,"Indie,RPG,Simulation,Strategy,Early Access",126,60,66
965960,"Indie,Early Access",2,2,0
1133780,"Action,Indie,RPG,Early Access",3,3,0
755250,"Casual,Indie",4,4,0
759740,"Racing,Simulation,Sports",908,729,179
1332280,Simulation,0,0,0
1180380,"Action,Free to Play,Indie,Massively Multiplayer,RPG,Early Access",0,0,0
41300,"Action,Casual,Free to Play,Indie,Simulation,Strategy",487,463,24
1388700,Action,0,0,0
738610,"Indie,Simulation,Strategy,Early Access",111,69,42
2008240,"Casual,Indie",0,0,0
1560860,Adventure,3,2,1
1835490,"Action,Casual,Indie,RPG",13,13,0
1835580,"Casual,Indie",12,12,0
1218250,"Adventure,Free to Play,Indie",0,0,0
1761440,"Action,Casual,Indie,Simulation",0,0,0
798480,"Adventure,Indie",0,0,0
823920,"Casual,Indie",9,5,4
905340,"Adventure,Indie",774,724,50
1799140,"Indie,RPG,Simulation",2,1,1
1358710,"Action,Indie,Massively Multiplayer,RPG,Simulation",831,658,173
938660,"Action,Casual,Indie",0,0,0
1730560,"Adventure,Casual,Indie,Simulation",0,0,0
1393800,Indie,4,2,2
321480,"Casual,Free to Play,Indie,Strategy",4,4,0
1287810,"Action,Adventure,Casual,Indie,RPG",9,9,0
1098220,"Adventure,Simulation",11,11,0
1949650,"Casual,Audio Production,Education,Software Training,Utilities",1,1,0
1863010,"Action,Casual,Indie,Massively Multiplayer,Sports",0,0,0
782120,"Action,Indie",11,11,0
353090,"Action,Casual,Indie",380,368,12
1831680,"Casual,Indie,Massively Multiplayer,Simulation",14,11,3
481870,"Casual,Indie,Strategy",130,83,47
484890,"Action,Casual,Indie",10,6,4
203290,"Action,Free to Play",80,61,19
259450,"Action,Indie,Simulation,Early Access",152,97,55
463880,"Adventure,Casual,Indie,RPG",20,14,6
1990790,Indie,14,13,1
928670,"Casual,Strategy",18,15,3
1214500,"Casual,Indie",0,0,0
513050,"Action,Adventure,Early Access",6,2,4
1242960,"Casual,Indie",18,16,2
1877780,"Casual,Indie,Simulation,Sports,Early Access",18,11,7
1800570,"Adventure,Casual",6,3,3
1824430,"Education,Utilities",0,0,0
678400,"Adventure,Casual",6,6,0
1305310,"Action,Indie,RPG",157,142,15
1474110,"Casual,Free to Play,Education,Software Training,Utilities,Early Access",0,0,0
1855040,"Adventure,Indie,Early Access",2,2,0
1109570,"Adventure,Indie,RPG,Strategy",53,52,1
1272860,"Adventure,Casual,Indie",25,23,2
1426110,"Casual,Indie",63,52,11
1439550,"Action,Adventure",2,1,1
1602490,"Action,Adventure,Casual,Indie",48,44,4
1650320,"Action,Adventure,Free to Play,Indie",0,0,0
1071500,Adventure,2,1,1
1897150,"Action,Adventure,Indie",7,7,0
1776290,"Casual,Racing",0,0,0
1541040,Racing,2,1,1
868560,"Action,Casual,Indie,Simulation",4,3,1
734330,"Simulation,Early Access",0,0,0
784010,"Action,Adventure,RPG",12,12,0
1877760,"Adventure,Free to Play",0,0,0
567430,"Action,Indie,Racing",0,0,0
1265690,"Adventure,Casual,Indie,Racing,RPG,Simulation,Sports",13,9,4
811750,"Action,Free to Play,Indie",0,0,0
923760,"Action,Casual,Indie",0,0,0
1428470,"Action,Adventure,Casual,Indie,Strategy,Early Access",257,199,58
686110,"Action,Indie",2,1,1
1771440,"Casual,Indie,Strategy",10,10,0
1010660,"Action,Adventure,Casual,Indie,RPG,Simulation",17,12,5
1600970,"Adventure,Casual,Free to Play,Animation & Modeling",0,0,0
1780850,"Indie,Strategy,Early Access",0,0,0
1844110,"Action,Indie,Massively Multiplayer",0,0,0
1618050,"Casual,Indie,Racing,Simulation,Early Access",13,12,1
1789500,"Action,Adventure,Indie,Strategy",4,4,0
529410,"Action,Casual,Indie,Strategy",36,29,7
10130,Action,441,327,114
1891520,"Simulation,Sports",0,0,0
1887250,"Adventure,Indie",28,27,1
31270,"Action,Adventure,Casual",1018,891,127
529950,"Action,Casual,Indie,Sports",104,93,11
661460,"Casual,Free to Play,Indie",4,3,1
1503390,"Action,Casual,Indie,Simulation,Sports",11,9,2
566150,"Casual,Indie,Sports",0,0,0
628820,"Adventure,Casual,Indie,Strategy",6,2,4
382420,Action,75,44,31
1089780,"Action,Simulation,Early Access",135,105,30
721390,Indie,62,61,1
1742900,Action,0,0,0
1232890,"Indie,Simulation,Strategy",5,5,0
1171640,"Indie,RPG,Strategy",6,2,4
1983550,"RPG,Early Access",1,1,0
1933700,"Action,Adventure,Indie",0,0,0
459730,"Action,Casual,Indie",2,2,0
672730,"Free to Play,Indie",0,0,0
575630,"Casual,Indie",11,6,5
581630,"Violent,Action,Casual",3437,2893,544
785130,"Violent,Gore,Action,Free to Play,Indie",0,0,0
999930,"Indie,RPG,Strategy,Early Access",0,0,0
2054330,"Action,Casual,Indie",0,0,0
1928010,"Free to Play,Indie",0,0,0
510040,"Adventure,Casual,Indie",23,21,2
738520,"Action,Adventure,Indie,Simulation",4197,3184,1013
1303480,"Action,Indie",9,7,2
1975860,"Casual,Indie,Racing,Simulation,Early Access",1,0,1
277650,"Action,Adventure,Indie,RPG",52,40,12
1586880,"Casual,Indie,RPG",45,35,10
1001800,"Action,Adventure,Indie",134,106,28
1034870,"Adventure,Indie",7,6,1
253430,"Violent,Action,Adventure,Indie",4623,3834,789
1041100,"Casual,Free to Play",0,0,0
672670,"Action,Adventure,Casual,Indie,Racing,Strategy",2,1,1
516530,"Action,Adventure,Strategy,Early Access",1,0,1
760220,"Casual,Early Access",2,0,2
1559920,"Casual,Indie",11,10,1
1132100,"Adventure,Indie,RPG",45,35,10
38740,"Action,Indie",771,708,63
1547410,"Adventure,Indie,RPG",15,14,1
950530,"Casual,Free to Play,Indie",1,1,0
1784980,"Free to Play,Early Access",0,0,0
634700,"Action,Adventure,Indie",9,8,1
647840,Simulation,9,8,1
1265130,"Casual,Indie,Simulation",0,0,0
960600,"Action,Casual,Indie,Strategy",2,1,1
1008710,"Adventure,Casual,Indie,RPG",598,469,129
1024250,"Adventure,RPG",0,0,0
666850,"Adventure,Casual,Indie",3,2,1
554710,"Action,Casual,Indie",11,10,1
456450,Utilities,3,0,3
650770,"Action,Adventure,Indie",0,0,0
1257310,"Action,Indie",9,5,4
1295230,"Indie,Strategy,Early Access",4,1,3
674900,"Action,Casual,Indie",0,0,0
1238730,"Adventure,Casual",63,62,1
1448030,"Casual,Indie",35,33,2
1584920,"Casual,Indie",0,0,0
1532750,"Adventure,Casual,Indie",1,1,0
446830,Design & Illustration,46,40,6
1300390,"Casual,Indie",17,15,2
399430,"Casual,Indie",85,51,34
814960,"Free to Play,Simulation",0,0,0
1919040,"Action,Adventure,Casual,Indie,Simulation,Strategy,Early Access",48,45,3
833300,"Action,Adventure,Indie,RPG,Strategy",0,0,0
1018130,"Action,Casual,Indie",49,46,3
2003690,"Action,Adventure,Indie",1,1,0
1103340,"Action,Indie,Strategy",1,1,0
1275810,"Action,Adventure,Free to Play",0,0,0
1901260,"Casual,Indie,RPG,Strategy",3,3,0
367350,"Action,Indie",15,11,4
645690,"Adventure,Indie,RPG",16,16,0
1056660,Casual,5,1,4
1288110,"Action,Adventure,Casual,Indie,Racing,Simulation,Sports",1,0,1
1393270,Action,0,0,0
632100,"Action,Adventure,Indie,RPG",10,8,2
1741480,"Adventure,Casual,Strategy",2,2,0
552870,"Adventure,Casual,Indie",4,3,1
1296180,"Action,Adventure,Casual,Indie,RPG,Strategy",1,0,1
953880,Indie,1463,1151,312
416390,"Action,Indie,Early Access",4,3,1
528420,"Action,Casual,Indie",5,5,0
563160,"Action,Sports",2,0,2
1252920,"Action,Casual,Indie",1,0,1
1124520,"Adventure,Indie,Simulation",0,0,0
1099830,"Action,Adventure,Casual,RPG,Simulation,Sports",18,5,13
1135110,"Action,Indie",9,9,0
790540,Action,206,59,147
832470,Indie,5,4,1
1428570,Indie,0,0,0
1701150,"Casual,Indie,RPG,Strategy",2,2,0
1394130,"Indie,RPG,Strategy,Early Access",61,57,4
1916650,"Casual,Indie,Strategy",1,0,1
559870,"Action,Indie,Racing",73,54,19
1437700,"Casual,Indie",21,18,3
756500,"Adventure,Casual",34,17,17
792650,"Casual,Indie,Simulation,Strategy",45,37,8
1181220,"Casual,Indie",5,4,1
290810,Early Access,49,22,27
1300330,"Action,Free to Play,Indie,Massively Multiplayer",0,0,0
388910,"Action,Indie,Strategy,Early Access",15,14,1
1032040,Action,1,1,0
453980,"Casual,Indie",10,4,6
1683560,"RPG,Early Access",171,159,12
1190780,"Action,Adventure,Indie,Simulation",2,0,2
838330,"Action,Adventure,Massively Multiplayer,RPG",134,85,49
1096600,Sports,3,3,0
1930950,"Action,Adventure,Indie,RPG",2,2,0
1569920,"Action,Casual,Indie",0,0,0
594680,"Action,Adventure,Casual,Indie",50,44,6
1783100,"Indie,Simulation",1,0,1
1141300,"Action,Indie,Simulation",4,4,0
506870,"Action,Adventure,Indie,RPG",456,411,45
1596990,Action,1,0,1
1500760,"Indie,RPG,Simulation,Early Access",3,1,2
429580,Adventure,64,41,23
665340,"Action,Casual",8,6,2
1426090,Casual,57,43,14
484870,Action,399,352,47
491380,Utilities,0,0,0
1332990,"Adventure,Indie,RPG,Simulation",77,74,3
1342500,"Action,Adventure,Indie",4,3,1
1007830,"Adventure,Indie",20,14,6
629410,"Action,Casual,Indie,Strategy",8,6,2
544730,"Casual,Strategy",0,0,0
318860,"Action,Adventure,Indie",59,38,21
601430,"Action,Adventure",4005,3636,369
1768640,"Indie,RPG",429,418,11
898930,"Action,Casual,Indie,Sports",2,2,0
292820,"Adventure,Casual",88,33,55
1462470,"Casual,Indie,Strategy,Early Access",0,0,0
1617020,"Adventure,Indie",7,6,1
1130880,"Action,Adventure,Indie,Simulation",13,12,1
1442240,"Action,Adventure,Casual,Free to Play",0,0,0
979740,"Adventure,Indie",11,7,4
1598410,"Action,Casual,Indie",0,0,0
342100,Indie,13,10,3
1000830,"Casual,Indie,Strategy",60,58,2
1147840,"Action,Indie",2,2,0
1546920,"Adventure,Indie",266,244,22
445070,"Indie,Strategy",22,17,5
2001140,Action,10,10,0
1051920,"Action,Indie,Racing",12,11,1
1983020,Indie,0,0,0
583890,"Action,Adventure,Indie",13,8,5
1391800,"Action,Casual,Indie,Sports",22,14,8
1215340,"Adventure,Casual,Indie",0,0,0
1834760,"Action,Adventure,Indie",1,1,0
801480,"Adventure,Indie",995,950,45
1153060,Indie,0,0,0
486370,"Indie,Simulation,Early Access",27,22,5
1203760,"Casual,Indie,Simulation,Strategy",5,2,3
1564190,"Casual,Indie",0,0,0
1203280,"Casual,Indie,Early Access",1,1,0
616570,"Action,Casual,Indie,Early Access",0,0,0
710990,"Casual,Indie,Simulation,Sports",0,0,0
718530,"Violent,Gore,Action,Adventure,Casual",3,3,0
700490,"Casual,Indie,Strategy",0,0,0
1977890,"Action,Adventure,Free to Play,Indie",0,0,0
677220,Casual,4,3,1
1883280,"Racing,Sports",2,0,2
803130,"Adventure,Indie",10,5,5
546490,"Casual,Simulation",25,14,11
599040,"Indie,Massively Multiplayer,Strategy,Early Access",13,6,7
1960630,"Action,Adventure,Free to Play,Indie",0,0,0
1885520,"Adventure,Indie",2,0,2
1230160,"Action,Adventure,Indie",3,3,0
1402420,"Action,Adventure,Indie",6,5,1
1190170,"Action,Indie,Sports",342,323,19
1487120,"Action,Adventure,Casual,Indie",12,10,2
284950,"Casual,Indie,Simulation",239,183,56
1168840,"Free to Play,Indie",0,0,0
638720,"Adventure,Casual,Indie,RPG,Strategy",29,24,5
655180,"Casual,Indie",3,3,0
1686810,"Casual,Free to Play,Indie,Simulation",0,0,0
517770,"Casual,Indie",0,0,0
1202540,"Adventure,Casual,Simulation",299,289,10
1935240,"Action,Adventure,Indie",3,3,0
1538750,"Casual,Free to Play,Early Access",0,0,0
1731120,"Action,Casual,Indie",14,14,0
834580,"Action,Indie",23,22,1
1312420,"Action,Indie",2,2,0
1342130,"Action,Indie",7,3,4
1818960,"Action,Free to Play,Strategy",0,0,0
331510,"Adventure,Indie",70,50,20
957390,"Action,Adventure,Indie",3,2,1
700990,"Action,Simulation",9,4,5
324400,"Indie,Strategy",9,5,4
21000,"Action,Adventure",2768,2427,341
1014550,"Adventure,Casual,Indie,Simulation",0,0,0
1304510,"Action,Adventure,Free to Play,Indie,Early Access",0,0,0
1411380,"Adventure,Casual,Indie,Early Access",1,1,0
1015530,RPG,4,2,2
877870,"Casual,Indie,Sports",3,3,0
1261980,Action,5,5,0
1229810,"Action,Adventure,Casual,Indie,Early Access",18,10,8
1845840,"Action,Adventure,Indie",2,1,1
453300,"Indie,RPG,Strategy",79,61,18
1013910,"Action,Adventure,Indie,RPG",103,75,28
395890,Casual,9,7,2
239200,"Action,Adventure,Indie",3560,2260,1300
1009920,"Adventure,Casual,Indie,RPG,Simulation",7,6,1
508230,"Indie,Simulation",39,25,14
1193590,"Indie,RPG,Strategy",69,61,8
1429130,Adventure,3,3,0
1412540,"Casual,Indie",0,0,0
1344120,"Adventure,Casual",6,6,0
1815230,"Action,Adventure,Indie,RPG,Early Access",64,57,7
233980,"Action,Indie,RPG",1641,1404,237
1480190,"Action,Indie",0,0,0
1567260,"Adventure,Free to Play,Indie",0,0,0
738730,"Action,Adventure,Casual,Indie",1,0,1
727740,"Action,Indie",0,0,0
1422190,"Adventure,RPG",32,29,3
755530,"Casual,Indie,Simulation,Early Access",1,1,0
472420,"Adventure,Casual,Indie",89,77,12
1606300,"Casual,Indie",26,26,0
339470,"Adventure,Casual,Indie",65,17,48
755980,"Action,Adventure,Casual,Indie,Massively Multiplayer,Racing,Sports,Strategy",177,146,31
600610,"Indie,RPG,Strategy",154,118,36
734590,"Violent,Gore,Action,Adventure,Casual,Indie,Massively Multiplayer,RPG,Strategy,Early Access",23,6,17
932730,Racing,6,5,1
1835350,"Adventure,Indie,RPG,Simulation,Early Access",0,0,0
1265720,Action,8,1,7
924500,"Action,Casual,Indie",1,0,1
1386870,Adventure,30,18,12
354230,"Indie,Strategy",23,15,8
1524650,Simulation,18,13,5
244590,"Action,Indie,Sports",122,96,26
1118910,Indie,6,1,5
992620,"Action,Indie,RPG",0,0,0
526800,"Action,Casual,Indie",9,8,1
620590,Strategy,1602,1251,351
1841400,"Casual,Massively Multiplayer,Strategy",0,0,0
1853660,Action,0,0,0
1019070,"Casual,Indie,Simulation,Sports",7,6,1
1152210,"Adventure,Free to Play,Indie",0,0,0
377950,"Action,Indie",112,101,11
1524530,"Casual,Indie,Simulation,Strategy",51,39,12
403510,"Adventure,Casual",73,55,18
531980,Utilities,29,18,11
441250,"Action,Adventure,Indie",32,14,18
1445310,"Animation & Modeling,Education,Photo Editing,Utilities,Game Development",42,40,2
1657960,Casual,0,0,0
1069690,"RPG,Strategy",459,345,114
1950460,"Adventure,Sports",10,10,0
574220,"Action,Casual,Indie",2,2,0
1375450,Casual,9,8,1
790350,"Adventure,Casual,Indie",21,17,4
1321030,"Action,Adventure,Indie,RPG",10,10,0
334290,"Indie,Massively Multiplayer,Simulation,Strategy",59,30,29
1457930,"Action,Indie",31,26,5
1344690,"Action,Adventure,RPG,Strategy,Early Access",0,0,0
1552240,"Adventure,Casual,Indie,RPG",19,12,7
1168600,Action,1,1,0
547310,"Casual,Indie",41,26,15
247120,"Action,Adventure",1,0,1
2008650,"Simulation,Early Access",0,0,0
977950,Indie,6366,6082,284
1852290,"Action,Indie,Early Access",2,0,2
1875950,"Action,Casual,Indie,Simulation",52,52,0
1318750,Simulation,7,6,1
569220,Adventure,17,16,1
414510,"Action,Indie,RPG",265,218,47
1576050,"Action,Adventure,Casual,Indie",3,3,0
842910,"Action,Adventure,Indie",487,437,50
1055590,"Action,Casual,Indie",8,5,3
1060220,"RPG,Strategy",213,167,46
498620,"Adventure,Indie",9,5,4
285330,"Simulation,Strategy",2746,2456,290
975640,Simulation,48,37,11
1327540,Indie,3,3,0
332260,Racing,99,85,14
1827040,"Adventure,Casual,Indie",0,0,0
543920,"Action,Indie",0,0,0
426050,"Adventure,Indie,RPG",37,35,2
611120,Free to Play,0,0,0
322950,"Casual,Indie,Simulation,Sports,Strategy",35,10,25
615070,"Casual,Massively Multiplayer,Simulation,Sports",2,1,1
783200,"Adventure,Casual,Indie,RPG,Strategy",25,18,7
991790,"Adventure,Casual,Free to Play,Indie,RPG,Early Access",0,0,0
362030,"Adventure,Casual",3,3,0
970150,"Adventure,Casual,Indie",7,3,4
1051710,Casual,0,0,0
713320,Adventure,0,0,0
602700,"Action,Indie",467,428,39
882940,"Adventure,RPG,Simulation",13,9,4
1776300,"Casual,Indie",0,0,0
543010,"Violent,Sports",188,125,63
1673040,Casual,18,12,6
1058140,Adventure,42,36,6
1435420,"Action,Adventure,Indie",2,1,1
975120,"Action,Adventure,Casual,Indie,RPG",25,12,13
1140730,"Action,Indie,Strategy",0,0,0
1750170,Adventure,15,12,3
726360,"Action,Adventure,Indie,Massively Multiplayer",546,340,206
1914850,"Casual,Simulation,Sports",0,0,0
759060,"Action,Indie",26,20,6
1470380,"Action,Adventure,Indie",3,3,0
1896920,"Casual,Indie",2,2,0
1458000,"Action,Indie",27,20,7
1821910,"Action,Adventure,Indie",2,0,2
726830,"Action,Adventure,Simulation",570,524,46
1579170,"Casual,Indie",2,2,0
598400,"Adventure,Indie",38,25,13
1594130,"Indie,Early Access",24,23,1
1029260,"RPG,Strategy,Early Access",16,9,7
873230,"Adventure,Casual,Free to Play,RPG",0,0,0
1652780,"Action,Casual,Free to Play",0,0,0
1399680,"Design & Illustration,Utilities,Web Publishing",0,0,0
1073050,"Casual,Early Access",7,4,3
236690,"Sports,Strategy",4181,3230,951
1390650,"Adventure,Casual,RPG",5,0,5
1219700,"Casual,RPG",10,9,1
453690,"Indie,RPG,Strategy",293,235,58
1557070,"Action,Adventure,Casual,Indie",0,0,0
1421020,"Action,Casual,Indie,Simulation",23,19,4
694660,"Action,Indie,Early Access",2,2,0
953610,"Action,Adventure,Casual,Free to Play,Indie,Massively Multiplayer,Racing,RPG,Simulation,Sports,Strategy",13,6,7
34277,Action,2,2,0
843730,"Action,Indie,Early Access",21,15,6
570350,"Adventure,Indie",22,14,8
263380,"Adventure,Indie,RPG",70,61,9
1150990,"Action,Free to Play,Indie",14,12,2
1157070,"Casual,Indie",0,0,0
1184750,"Action,Adventure,Casual,Indie",0,0,0
12200,"Action,Adventure",9146,7413,1733
730390,"Action,Adventure,Indie",1115,1014,101
568670,"Action,Indie,RPG,Early Access",1,1,0
893390,"Free to Play,Indie,Massively Multiplayer,RPG",0,0,0
911680,"Action,Adventure,Indie",12,11,1
1619260,"Adventure,Casual,Indie,Simulation",2,1,1
593640,"Adventure,Casual,Indie",290,275,15
888090,"Casual,Free to Play,Indie",0,0,0
235070,"Action,Indie",67,41,26
1395420,"Action,Indie",5,2,3
403300,"Casual,Indie",2,2,0
1556190,Casual,67,44,23
1342410,"Adventure,Casual",23,20,3
888380,"Action,Casual,Indie,Early Access",3,2,1
341000,"Casual,Indie,Simulation,Strategy",1286,1139,147
688120,"Action,Adventure,Indie",3,2,1
325520,"Adventure,Casual,Indie",129,105,24
793760,"Action,Casual,Indie,Simulation,Strategy,Early Access",22,10,12
1073910,"Casual,Indie,Simulation,Strategy",458,358,100
1175420,"Adventure,Casual,Indie",10,7,3
2000310,"Action,Indie",0,0,0
1818830,"Casual,Indie",0,0,0
1252450,"Action,Casual,Indie",2,2,0
751630,"Action,Adventure",860,663,197
1737010,"Indie,Strategy",1,1,0
384000,"Action,Adventure,Indie",73,55,18
1156320,"Indie,Strategy",0,0,0
1847870,"Casual,Indie",30,23,7
579050,"Indie,Simulation,Sports",8,6,2
1340360,"Action,Adventure,Indie",0,0,0
923480,"Adventure,Casual,Indie,Strategy,Early Access",4,3,1
523170,"Indie,Simulation",0,0,0
1480480,"Action,Casual,Indie,RPG,Simulation",48,37,11
1193790,"Adventure,Indie,Strategy",6,4,2
1744910,"Adventure,Casual,Indie,Simulation",110,94,16
1243700,"Action,Adventure,Casual,Indie,RPG,Simulation",0,0,0
601170,"Indie,Racing,Simulation,Sports",11,6,5
1379980,Indie,0,0,0
601880,"Action,Casual,Indie,Simulation,Early Access",0,0,0
1373230,"Action,Adventure,Casual,Indie,Strategy,Early Access",2,1,1
748940,"Casual,Free to Play,Indie,Strategy",0,0,0
688350,"Action,Adventure,Casual,Indie,Simulation,Early Access",10,1,9
1631750,RPG,0,0,0
1220010,"Adventure,Indie,RPG,Simulation,Strategy",149,112,37
94590,"Action,Adventure,Casual",322,276,46
1096000,"Casual,Indie,Sports",8,6,2
871580,"Casual,Indie",2,2,0
1286930,"Strategy,Early Access",0,0,0
346460,"Action,Indie,Racing,Simulation",194,156,38
1958460,"Adventure,Casual,Indie,Strategy",2,2,0
702220,Indie,7,5,2
1653050,"Adventure,Casual,Indie,RPG,Strategy",0,0,0
1493160,"Action,Adventure,Indie",2,2,0
358750,"Indie,RPG,Simulation,Strategy",392,324,68
430020,Adventure,113,64,49
1874420,"Action,Indie",0,0,0
324650,"Action,Adventure",133,106,27
1222250,"Indie,RPG,Simulation,Early Access",1,1,0
1159450,"Adventure,Indie",23,22,1
1146380,"Animation & Modeling,Design & Illustration,Education,Software Training",0,0,0
337360,Action,108,62,46
449640,"Action,Adventure",29,19,10
1136030,"Casual,Indie,Sports,Strategy",1,0,1
7210,Adventure,223,146,77
2000480,"Action,Casual,Indie,Early Access",8,6,2
1827950,"Indie,RPG",5,4,1
732430,"Action,Casual,Indie,Racing,Sports",6728,6534,194
1186580,"Adventure,Casual",24,22,2
362490,"Action,Adventure,Indie,RPG,Simulation,Early Access",6008,4921,1087
496320,"Action,Adventure,Casual,Indie",2,2,0
1110030,"Adventure,Indie,RPG",51,41,10
1257270,"Action,Casual,Indie",3,2,1
1763330,"Action,Strategy",1,1,0
1325730,"Design & Illustration,Video Production",16,15,1
538490,"Action,Adventure,Casual,Indie",2,1,1
1876050,Adventure,1,1,0
1451800,"Action,Indie",0,0,0
860670,"Action,Adventure,Indie,RPG,Strategy,Early Access",1,0,1
970970,"Action,Adventure",10,1,9
689980,"Simulation,Early Access",156,117,39
573330,"Action,Adventure,Casual,Indie",4,1,3
689740,Casual,4,4,0
1278580,"Action,Casual,Indie,RPG,Early Access",0,0,0
497060,"Action,Indie",1,1,0
568300,"Indie,Simulation",0,0,0
1660310,"Adventure,Casual,Indie,RPG,Simulation",1,1,0
900490,"Action,Indie",19,19,0
494100,"Adventure,Indie",60,58,2
1521900,"Action,Indie,RPG",2,2,0
841660,"Action,Adventure,Indie,RPG,Strategy",76,63,13
1093750,"Free to Play,Indie",0,0,0
944720,"Action,Indie",0,0,0
1101180,"Action,Casual,Indie",13,13,0
1108820,"Adventure,Casual,Indie",4,3,1
413730,"Free to Play,Strategy",0,0,0
677480,"Action,Adventure,Indie,Simulation",362,191,171
1785560,"Action,Indie",0,0,0
1734870,"Casual,Indie,Racing",3,3,0
863560,Free to Play,0,0,0
1931760,"Casual,Indie,Racing,Strategy",0,0,0
1004190,"Adventure,Casual,Free to Play,Indie,RPG,Simulation,Strategy,Early Access",0,0,0
1582280,"Action,Adventure,Indie",0,0,0
805820,"Action,Casual,Indie",137,128,9
367010,"Adventure,Indie",30,14,16
1026160,Adventure,70,58,12
641320,Simulation,6086,5180,906
32370,"Adventure,RPG",17866,16283,1583
1412000,"Adventure,Indie",9,3,6
1029380,"Casual,Indie",21,21,0
577150,"Action,Indie,Racing",4,4,0
861930,"Casual,Free to Play,Indie",0,0,0
406220,"Action,Adventure,Casual,Indie,RPG",41,35,6
248410,"Action,Indie,RPG",94,21,73
1543080,Casual,75,65,10
386970,"Adventure,Casual,Indie",35,30,5
1054240,"Casual,Indie",4,4,0
1131640,"Indie,Simulation,Strategy",1,1,0
1155620,"Action,Adventure",3,1,2
1350120,"Action,Indie,RPG",0,0,0
1565580,"Action,Casual,Indie",2,2,0
1556770,"Indie,Simulation",53,49,4
650990,"Action,Indie",1,0,1
968170,"Casual,Indie",11,11,0
1216030,"Casual,Indie,Strategy",18,18,0
1347580,Adventure,0,0,0
3430,Casual,91,88,3
1114360,"Casual,Indie,Strategy",9,6,3
1058990,"Education,Utilities,Game Development,Early Access",0,0,0
446800,Simulation,3955,3191,764
384630,"Adventure,Indie",764,723,41
1097100,"Adventure,Casual,Indie",25,24,1
1443310,"Adventure,Indie,Strategy",3,3,0
718140,"Action,Casual,Indie,Simulation",3,1,2
273940,Simulation,48,19,29
1129190,"Casual,Free to Play,Indie",268,268,0
967910,"Action,Casual",1,1,0
1654890,"Action,Indie",51,50,1
1512240,Casual,2,2,0
851930,"Indie,Simulation,Strategy",219,152,67
1591150,"Adventure,Casual,Simulation",32,27,5
1280380,"Action,Adventure,Casual,Indie,Early Access",5,4,1
647850,"Adventure,Casual",3,3,0
1854190,"Action,Adventure",1,1,0
515470,"Casual,Indie,Simulation",59,27,32
90500,Strategy,90,37,53
1162560,Adventure,225,210,15
823690,"Casual,Indie",3,3,0
995890,"Adventure,Casual",2,1,1
1920510,Indie,2,0,2
7520,RPG,1992,1049,943
1843800,"Casual,Indie",0,0,0
1906540,"Casual,Indie,RPG,Simulation,Early Access",2,1,1
1888120,"Action,Adventure,Indie,Massively Multiplayer,RPG",2,1,1
556240,Indie,185,154,31
600740,"Indie,Strategy",22,12,10
1506610,"Casual,Early Access",14,13,1
2019050,"Action,Adventure,Casual,Racing,Strategy",1,1,0
1243360,"Indie,Simulation,Strategy",12,9,3
1555270,"Action,Indie",3,2,1
1969930,"Action,Indie,Early Access",1,0,1
496070,"Action,Early Access",1,1,0
1791680,"Action,Adventure,Indie,Strategy",13,11,2
408250,"Action,Simulation",165,86,79
1083000,"Adventure,Indie,RPG",0,0,0
364840,"Action,Racing",25,20,5
1502790,"Action,Adventure,Casual,Free to Play,Indie,RPG",1,1,0
797040,"Action,Adventure,RPG,Early Access",19,8,11
347160,"Action,Indie",326,288,38
469730,"Action,Casual,Indie",241,215,26
334190,"Action,Casual,Indie",130,100,30
543720,Action,2,2,0
205610,"Action,Simulation,Strategy",464,329,135
19000,Adventure,638,280,358
366260,Action,125,106,19
881100,"Action,Adventure,Indie,RPG,Simulation",27274,26138,1136
599630,Indie,6,4,2
1406250,"Action,Adventure,Indie",15,12,3
1520240,Action,0,0,0
942520,"Action,Indie",6,6,0
1200400,"Action,Adventure,Indie,RPG,Strategy",3,1,2
791740,"Action,Indie,Simulation",2,2,0
817470,"Adventure,Casual,Indie,Sports,Strategy",1,1,0
373730,"Indie,Strategy",39,18,21
1145120,"Adventure,Indie",1,1,0
723180,"Adventure,Casual,Indie",1,0,1
1560970,"Casual,Simulation",0,0,0
1076050,"Action,Adventure,Indie",0,0,0
705160,"Animation & Modeling,Education,Utilities,Video Production",14,8,6
1606340,"Indie,Strategy",481,428,53
778340,"Casual,Indie",13,10,3
933160,"Action,Indie",6,5,1
1004650,"Casual,Strategy",5,3,2
1270890,"Action,Adventure,Casual,Indie,Early Access",0,0,0
947300,"Indie,Strategy",604,534,70
644080,"Casual,Indie",63,55,8
463350,"Action,Adventure,Indie,RPG",235,169,66
310700,"Action,Indie",362,322,40
866700,"Adventure,Casual",6,3,3
689100,"Action,Adventure,Indie",3,2,1
1517140,"Casual,Indie,Sports",0,0,0
1273870,"Action,Adventure,Casual,Indie,RPG,Early Access",5,1,4
572050,Strategy,47,27,20
1022980,"Indie,RPG,Simulation,Early Access",463,347,116
695810,"Action,Casual,Indie,Strategy,Early Access",5,2,3
1222720,"Action,Adventure,Free to Play,Massively Multiplayer",0,0,0
1232830,Indie,1,1,0
586240,Indie,84,73,11
490380,Simulation,23,3,20
1155800,Adventure,3,2,1
370360,"Indie,Simulation",2138,2087,51
1382490,"Casual,Indie",0,0,0
1984350,"Casual,Free to Play,Indie,RPG,Strategy",0,0,0
914480,"Action,Indie",1,1,0
963020,"Action,Casual,Indie",1,1,0
1098660,Action,0,0,0
1506300,"Action,Casual,Indie",1,1,0
1293220,"Casual,Indie,Simulation,Early Access",0,0,0
1001640,"Adventure,Indie,Simulation",18,6,12
290040,"Action,Adventure,Indie",128,105,23
1973350,"Action,Adventure,Indie",0,0,0
1259790,"Action,Casual",438,382,56
250180,Action,2179,1937,242
948240,"Action,Indie",8,8,0
978910,"Action,Simulation,Strategy",0,0,0
1031130,"Adventure,Casual,RPG,Simulation",2,1,1
678530,"Action,Casual,Indie",11,11,0
540880,Casual,140,131,9
528020,"Action,Casual,Indie,Simulation",4,3,1
1821320,"Casual,Strategy",0,0,0
529760,"Action,Adventure",15,6,9
1303010,"Action,Indie,Simulation,Early Access",21,18,3
1431190,Casual,15,15,0
1013220,Action,12,11,1
364060,"Action,Indie",8,6,2
13000,"Casual,Indie",36,31,5
1142870,"Action,Adventure,Casual,Indie,Simulation,Sports,Strategy",7,0,7
1200430,"Action,Adventure,Indie",3,3,0
1976520,"Action,Casual,Free to Play,Indie",0,0,0
557900,"Indie,Simulation",30,21,9
868380,"Casual,Indie,Simulation",85,47,38
259810,"Action,Adventure,Casual,Indie",24,24,0
1952890,"Action,Adventure,Casual,Indie,Simulation",4,3,1
737470,"Action,Indie",1,1,0
646600,"Adventure,Indie,RPG",58,40,18
564470,"Indie,Strategy",40,32,8
525640,"Action,Indie",415,364,51
1943880,"Casual,Indie,Strategy",1,0,1
1881540,"Action,Indie,Strategy",2,2,0
1467580,"Indie,Simulation",2,1,1
1552040,Casual,1,1,0
1090250,"Action,Indie,Early Access",307,232,75
623920,Strategy,32,13,19
916040,"Indie,RPG,Strategy",52,47,5
662240,"Action,Adventure,Indie",75,57,18
1405480,"Action,Indie",6,6,0
1599210,"Action,Adventure,Casual,Indie,Simulation,Sports",14,12,2
1403110,"Action,Indie,Simulation,Early Access",26,14,12
390710,"Action,Indie",111,98,13
1023510,"Action,Adventure,Indie",7,3,4
1654510,Strategy,0,0,0
1711120,"Casual,Indie,Simulation,Early Access",2,0,2
1760220,Casual,0,0,0
882020,"Racing,Simulation,Sports",265,219,46
1563830,"Action,Adventure,Casual",7,6,1
741390,"Casual,Strategy",0,0,0
896840,"Action,Adventure,Casual,Free to Play,Indie",0,0,0
1751780,"Casual,Indie,Strategy",16,14,2
1788920,"Casual,Simulation,Strategy",2,1,1
1815970,Casual,6,6,0
1042990,"Casual,Strategy",17,13,4
692110,"Action,Indie",1,1,0
858050,"Indie,Simulation",45,45,0
1537540,Casual,0,0,0
583000,"Casual,Indie,Simulation,Early Access",1,1,0
1382160,"Free to Play,Indie,Strategy",0,0,0
436260,"Action,Indie",14,5,9
1575060,"Adventure,Casual,Free to Play,Indie",0,0,0
1582990,Indie,3,2,1
799080,Casual,7,4,3
992490,Utilities,3,2,1
1630000,"Action,Casual,Indie",0,0,0
1805650,Casual,2,0,2
877150,"Action,Indie",3,2,1
1754440,"Adventure,Indie",16,16,0
1371500,"Simulation,Strategy",20,15,5
420130,Education,0,0,0
1762240,"RPG,Strategy",1,0,1
1839340,"Adventure,Strategy",0,0,0
1600820,Casual,23,19,4
751950,"Action,Indie,Strategy",9,7,2
1956270,Action,0,0,0
1520660,Action,0,0,0
1367520,Indie,10,10,0
1247030,"Adventure,Indie",2,2,0
923510,"Adventure,Indie,Early Access",0,0,0
1772840,"Action,Indie,RPG,Simulation,Early Access",1,1,0
1390560,Indie,1,1,0
1346420,Indie,9,9,0
650600,"Indie,Strategy",3,2,1
352190,Strategy,22,14,8
1180790,"Action,Casual,Free to Play,Indie",0,0,0
1034540,Strategy,27,16,11
706510,"Action,Casual,Indie",8,8,0
1288420,"Adventure,Indie",68,65,3
434680,"Casual,Indie",34,23,11
1916860,"Adventure,Indie",0,0,0
1535040,"Action,Indie",1,0,1
522250,Action,23,16,7
45420,"Casual,Indie,Simulation",1,0,1
1415120,Casual,6,6,0
1622840,Adventure,0,0,0
907620,"Casual,Indie,Simulation",10,8,2
1990380,"Adventure,Indie,Strategy",0,0,0
625860,"Action,Adventure,Casual,Free to Play,Indie,RPG,Simulation,Strategy",0,0,0
1054560,"Casual,Free to Play,Indie,RPG",0,0,0
1301210,"Action,Adventure,Free to Play,Indie,Sports",3582,3234,348
1034860,"Adventure,RPG",427,386,41
1981300,"Action,Adventure,Casual,Free to Play,Racing",0,0,0
486780,"Action,Casual,Simulation,Sports",495,393,102
885690,"Adventure,Indie,Early Access",0,0,0
1348480,"Action,Casual,Free to Play",0,0,0
663250,Simulation,2,1,1
451660,"Action,Racing,Simulation",22,11,11
1363140,"Casual,Indie,Simulation,Strategy",11,10,1
107600,"Action,Indie",632,609,23
1298750,"Adventure,Indie",0,0,0
878660,"Casual,Indie",5,2,3
561230,"Action,Casual,Indie,Simulation",19,11,8
318600,"Action,Adventure,Indie",1110,859,251
1250870,"Adventure,Free to Play,Indie",0,0,0
682140,"Action,Indie,Simulation",262,202,60
1636270,"Casual,Indie,Simulation",3,3,0
1791310,"Casual,Indie",1,0,1
1482780,Simulation,2,1,1
375840,"Audio Production,Utilities",178,152,26
1831560,"Adventure,Indie,RPG",3,2,1
1331040,"Adventure,Indie",0,0,0
884660,"Action,Free to Play,Massively Multiplayer",2,2,0
1441790,"Adventure,Casual,Indie,Simulation",123,111,12
1206870,"Action,Casual,Indie,Simulation",1,1,0
1973130,"Casual,Simulation,Strategy",11,10,1
1674890,"Adventure,Casual,Indie,RPG,Simulation,Strategy",30,24,6
1625840,Adventure,1,0,1
553660,"Action,Casual,Free to Play,Indie",64,49,15
941330,"Adventure,Indie,RPG,Strategy",0,0,0
1641270,"Casual,Free to Play",0,0,0
1337600,"Casual,Free to Play,Indie",0,0,0
898460,"Action,Indie,Early Access",20,14,6
225420,"Simulation,Strategy",560,300,260
1662450,Casual,2,2,0
1341550,"Action,Adventure,Casual,Indie,Simulation",19,7,12
770090,"Action,Adventure,Casual,Free to Play,Indie",0,0,0
373180,"Action,Adventure,Casual,Indie",1279,1150,129
1178480,"Action,Indie,RPG",1,0,1
1469460,"Adventure,Casual,Indie,Simulation,Early Access",7,5,2
1343750,"Action,Casual,Indie,Massively Multiplayer,Racing,Sports",52,40,12
1724420,Action,0,0,0
1228840,"Action,Adventure",1,0,1
1127540,Adventure,21,17,4
1787030,Casual,0,0,0
366780,"Adventure,Indie",18,18,0
711500,Indie,1,1,0
1496210,"Casual,Indie,Racing",1,1,0
1684760,"Casual,Free to Play,Indie,RPG,Early Access",0,0,0
339320,"Casual,Indie",15,11,4
1451160,Adventure,7,3,4
1560330,"Action,Early Access",3,2,1
1689880,"Action,Casual,Indie,Early Access",2,2,0
1122730,"Indie,RPG",11,6,5
314250,"Action,Adventure,Indie",68,51,17
342360,"Adventure,Casual,Indie,Simulation",11,6,5
1592990,"Action,Adventure,Casual,Indie,Simulation",3,3,0
749520,Adventure,7,7,0
1478830,"Adventure,Indie",4,1,3
961870,"Action,Adventure,Indie",0,0,0
578880,"Action,Adventure,Simulation",4,2,2
950990,"Simulation,Strategy",85,57,28
1573620,"Adventure,Casual,Indie,RPG,Simulation",6,6,0
1040390,"Casual,Indie,RPG,Simulation",41,39,2
1505770,Casual,39,37,2
862440,"Adventure,Casual,Free to Play,Indie,Simulation,Strategy",0,0,0
1946550,"Action,Adventure,Indie,Simulation",348,317,31
1283740,"Action,Adventure,Casual,Indie,RPG,Simulation,Strategy,Early Access",1,0,1
1992210,Action,0,0,0
291190,"Indie,RPG,Strategy",168,132,36
753370,Action,7,2,5
1692590,"Casual,Indie",0,0,0
680680,"Adventure,Indie",5,4,1
2010220,"Adventure,Casual,Indie",1,1,0
1790700,Action,0,0,0
700620,"Adventure,Indie",31,25,6
440640,"Adventure,Casual,Indie",22,19,3
970620,"Adventure,Casual,Indie",0,0,0
894000,"Action,Adventure,RPG",26,24,2
722920,"Indie,Strategy,Early Access",61,48,13
496680,"Casual,Indie,Strategy",100,30,70
1727450,"Casual,Indie",3,1,2
552620,RPG,2713,2299,414
1707150,"Action,Adventure,Indie,RPG",0,0,0
1211420,Indie,12,4,8
1155950,"Action,Adventure,Indie",4,1,3
1426310,"Indie,Simulation,Strategy",23,17,6
1767700,"Action,Indie",12,12,0
428100,"Action,Adventure,Casual,Indie,RPG,Strategy",55,45,10
705410,"Violent,Gore,Action,Indie,Sports,Strategy",0,0,0
263300,Action,1125,932,193
454870,"Action,Casual,Indie,Strategy",9,7,2
336780,"Adventure,Casual",3,2,1
338420,"Adventure,Indie,RPG",26,18,8
509860,"Adventure,Indie",0,0,0
411310,"Simulation,Strategy",89,80,9
805470,"Casual,Indie",1,1,0
789100,"Casual,Free to Play,Simulation",0,0,0
306480,"Casual,Indie,Simulation,Strategy",24,15,9
668830,"Action,Indie,Strategy,Early Access",2,0,2
1678700,RPG,6,6,0
868130,Indie,3,3,0
1655020,"Casual,Indie",1,1,0
539450,"Casual,Indie",10,7,3
1815720,"Casual,Strategy",0,0,0
1673180,"Action,Adventure,Indie,RPG,Strategy",1,0,1
1452300,"Casual,Indie",0,0,0
1497170,"Action,Casual,Indie",0,0,0
1732800,"Indie,RPG,Strategy,Early Access",9,8,1
276430,Casual,7,3,4
681360,"Action,Casual,Simulation",2,1,1
332480,Action,138,108,30
882700,Indie,1,1,0
1971980,"Adventure,Indie,RPG",7,2,5
845350,"Casual,Indie",7,4,3
2064380,Free to Play,0,0,0
656680,"Casual,Indie,Strategy",4,2,2
1257910,"Action,Racing",27,26,1
846750,"Action,Adventure,Casual,Indie",0,0,0
859220,"Violent,Gore,Action,Adventure,Free to Play",0,0,0
749320,"Casual,Indie",3,3,0
1055660,"Casual,Indie,RPG,Simulation,Strategy",0,0,0
1562120,Casual,0,0,0
865180,RPG,8,3,5
809720,"Casual,Indie,Simulation,Strategy",263,209,54
1381200,Casual,1,0,1
1213680,"Action,Adventure,Casual,Indie",33,24,9
109600,"Action,Adventure,Free to Play,Massively Multiplayer,RPG",110,77,33
834450,"Action,Adventure,Casual,Indie",21,13,8
675730,"Adventure,Indie,Simulation",13,10,3
359280,"Action,Adventure,RPG",20,14,6
1087760,"Action,Adventure",154,129,25
1058270,"Adventure,Casual,RPG,Simulation,Strategy,Early Access",2,2,0
1688030,Video Production,1,1,0
612470,"Indie,Simulation,Strategy",696,612,84
286540,Adventure,111,101,10
1779230,"Casual,Indie",0,0,0
963200,"Action,Adventure,Indie,Simulation,Strategy",4,1,3
898080,Indie,0,0,0
1652510,"Action,Adventure,Indie,Simulation,Sports,Early Access",2,0,2
17080,"Action,Free to Play",40,23,17
535930,"Indie,Simulation",10473,9760,713
1465040,"Action,Indie",0,0,0
1647050,"Action,Adventure,Casual,Indie,RPG",0,0,0
1922770,"Action,RPG,Simulation,Sports,Strategy",0,0,0
1516320,"Casual,Indie,Racing,Simulation",10,9,1
1366510,"Adventure,Casual,Indie,Simulation,Early Access",0,0,0
720480,"Action,Casual,Indie,Racing",3,3,0
1079480,"Casual,Indie,RPG,Simulation",0,0,0
566970,"Adventure,Indie",26,18,8
275570,"Action,RPG",249,208,41
618430,"Casual,Indie,Simulation",9,4,5
333510,"Action,Indie",22,18,4
1035300,"Action,Adventure,Indie,Simulation",0,0,0
849320,"Casual,Indie",2,0,2
1351250,"Adventure,Casual,Indie",5,5,0
444420,"Action,Adventure,Casual,Indie,RPG",14,2,12
1809560,"Casual,Indie",7,6,1
677720,"Casual,Indie",10,8,2
327310,"Action,Casual,Indie",100,82,18
303390,"Action,Casual,Indie",1426,718,708
1431450,"Casual,Indie,Strategy",14,14,0
843900,"Violent,Gore,Action,Indie,RPG,Strategy",67,55,12
1494680,"Casual,Sports",8,8,0
981980,"Action,Casual",1,0,1
652270,"Indie,RPG",1,1,0
352550,"Simulation,Strategy",728,207,521
949930,"Action,Adventure,Casual,Indie,RPG,Strategy",1,0,1
447990,"Adventure,Indie",1,1,0
345310,"Design & Illustration,Education,Utilities",3,3,0
1705220,"Action,Adventure,Indie,RPG",2,1,1
953750,"Adventure,Indie",3,0,3
343560,Indie,186,160,26
745970,"Simulation,Strategy",39,29,10
1389510,"Free to Play,RPG",0,0,0
1342740,"Action,Indie",74,72,2
1434850,"Casual,Indie",4,4,0
927120,"Action,Indie,Early Access",2,2,0
1542370,"Casual,Indie,Simulation,Sports",1,0,1
1039550,"Action,Indie,Simulation,Strategy,Early Access",0,0,0
580170,"Adventure,Indie,Simulation",313,261,52
617550,"Utilities,Video Production",5,3,2
1771600,"Casual,Indie",2,2,0
1870370,"Action,Adventure,Casual,Free to Play,Indie,Massively Multiplayer,RPG,Simulation,Strategy",0,0,0
1867100,"Adventure,Indie,RPG,Simulation",9,3,6
660920,"Action,Adventure,Indie,RPG,Early Access",147,85,62
1372300,"Adventure,Simulation",110,92,18
1522230,"Action,Adventure,Indie",4,3,1
791590,"Indie,Simulation",17,8,9
1778500,Casual,34,34,0
981710,"Action,Casual,Indie",0,0,0
1073310,"Casual,Indie",63,47,16
1278500,"Indie,Simulation",39,24,15
1568130,Indie,4,4,0
1802570,"Action,Casual,Free to Play,Indie",0,0,0
948470,"Action,Adventure,Indie,RPG",24,11,13
1098560,"Casual,Indie,Simulation,Strategy,Early Access",2,2,0
884260,"Action,Casual,Indie",1056,1009,47
589690,"Adventure,Casual",37,29,8
499340,"Action,Adventure,Indie",24,23,1
455300,"Action,Free to Play,Indie,Massively Multiplayer,RPG",0,0,0
1661380,"Adventure,Casual,Indie",0,0,0
1736670,"Casual,Indie",7,7,0
1042800,"Action,Adventure,Indie,RPG",1009,820,189
1149700,"Adventure,Indie,Simulation",2,2,0
1566820,Casual,5,4,1
588030,"Adventure,Indie,Simulation,Early Access",1769,1665,104
658980,"Action,Indie,Massively Multiplayer,RPG,Early Access",350,169,181
434930,"Action,Adventure,Indie,Simulation",12,5,7
963450,"Action,Adventure,Indie",327,277,50
1482050,"Action,Casual,Indie",10,10,0
560250,"Adventure,Casual,Indie",68,46,22
497430,"Indie,Simulation",0,0,0
348960,"Adventure,Casual",11,6,5
1519690,"Casual,Indie",6,6,0
71114,RPG,3,3,0
542220,"Action,Casual,Indie",8,8,0
1897530,"Action,Free to Play,Indie",0,0,0
1637110,"Casual,Simulation",8,6,2
645730,RPG,370,301,69
946950,"Casual,Indie",1,1,0
2013420,"Casual,Indie,RPG,Simulation",1,1,0
721430,"Casual,Indie",27,22,5
1516960,"Action,Adventure",2,2,0
1541440,"Action,Casual,Indie",0,0,0
544390,"Adventure,Indie,Simulation,Strategy",653,596,57
423550,"Casual,Indie,Strategy",50,36,14
718470,"Casual,Indie",1,1,0
935190,"Casual,Indie",8,4,4
714370,Action,259,66,193
238890,"Indie,Simulation,Strategy",151,73,78
1651890,"Adventure,Casual",3,3,0
1933020,"Action,Indie",0,0,0
731250,"Action,Free to Play,Massively Multiplayer",24,16,8
769950,"Indie,Strategy",232,135,97
381140,Action,17,8,9
1489290,"Casual,Indie,RPG",1,1,0
986930,Casual,1,1,0
1542820,"Action,Indie,RPG",5,5,0
1117980,"Adventure,Casual,RPG,Simulation",2,2,0
1427880,"Action,Casual,Free to Play,Indie",0,0,0
1020090,"Action,Adventure,Indie",8,8,0
1261130,"Action,Indie",12,9,3
1975730,"Indie,Simulation,Strategy,Early Access",0,0,0
978450,"Casual,Indie",1,0,1
461180,"Adventure,Casual,Free to Play,Indie,Massively Multiplayer,Simulation",2,2,0
1863960,"Action,Sports,Early Access",0,0,0
1549030,"Adventure,Casual,Indie",95,94,1
1858920,"Action,Adventure,Indie",3,3,0
909820,"Adventure,Indie",154,140,14
1340540,"Adventure,Casual",2,2,0
1111410,"Adventure,Casual,Indie,RPG",5,2,3
1129030,"Adventure,Casual",30,25,5
940800,"Casual,Strategy",12,12,0
1346740,"Casual,Indie,RPG",0,0,0
1631600,Simulation,9,7,2
1271540,"Action,Adventure",0,0,0
1959380,"Action,Casual,Indie",3,3,0
514470,"Casual,Strategy",4,4,0
1402960,Casual,0,0,0
588490,"Action,Racing,Sports",17,12,5
464610,"Action,Indie,Racing",5,5,0
1841610,"Adventure,Casual,Indie",0,0,0
1217050,"Action,Indie,Early Access",168,149,19
723790,"Action,Adventure,Free to Play,Indie,Simulation,Strategy",0,0,0
246880,"Action,Indie,Early Access",44,7,37
1591900,Simulation,1,0,1
1565660,"Action,Indie,Early Access",28,22,6
1451080,RPG,216,168,48
1871010,"Action,Adventure,Indie,Sports",0,0,0
2020460,"Action,Adventure,Indie,RPG,Early Access",4,3,1
234630,"Racing,Simulation,Sports",3858,2829,1029
543030,"Indie,Simulation",81,53,28
891310,"Casual,Indie,Simulation",12,5,7
1705920,"Action,Adventure,Strategy,Early Access",0,0,0
777580,Indie,0,0,0
1018930,"Adventure,Free to Play,Simulation",0,0,0
879000,"Action,Simulation",131,83,48
1956620,"Action,Adventure,Casual,Indie,Early Access",0,0,0
802180,"Violent,Action,Casual",2,2,0
1404050,"Casual,Indie",6,6,0
696430,"Indie,Simulation",0,0,0
1557360,"Action,Indie,Early Access",0,0,0
1471570,"Action,Simulation",4,4,0
209850,"Casual,Indie,Strategy",43,29,14
1573060,"Casual,Indie,Simulation",17,11,6
334280,"Action,Adventure,Indie",9,4,5
1281380,"Action,Casual,Indie",0,0,0
385370,"Action,Casual,Free to Play,Indie,Simulation",33,28,5
384210,"Casual,Strategy",1,0,1
213330,"Action,Adventure",1735,1627,108
1462880,"Casual,Simulation,Sports",1,0,1
1686370,"Casual,Indie,Simulation",7,7,0
1399300,"Casual,Indie",4,3,1
1201830,"Indie,Strategy",226,166,60
596370,"Casual,Indie",7,7,0
778260,"Adventure,Free to Play",0,0,0
1440870,"Action,Adventure,Indie",37,28,9
354280,"Action,Casual,Indie,Simulation",7,5,2
1140110,"Action,Indie,Early Access",7,4,3
1678630,"Adventure,Indie,RPG",1,1,0
1527500,"Indie,Simulation,Sports,Strategy",67,60,7
622010,"Adventure,Indie",47,22,25
1544720,"Action,Simulation,Sports",0,0,0
1534510,"Action,RPG",4,0,4
1863460,"Action,Indie",1,1,0
305760,"Casual,Indie",86,84,2
1020340,"Action,Indie",421,360,61
1030430,"Action,Adventure,Casual,Massively Multiplayer",14,12,2
1068900,"Casual,Indie,RPG",0,0,0
1091180,"Adventure,Indie",1,1,0
477740,Adventure,2370,2254,116
856120,"Casual,Indie",38,34,4
1978470,"Free to Play,RPG",0,0,0
432290,"Free to Play,Indie,Massively Multiplayer,RPG,Strategy",0,0,0
348340,"Casual,Indie",40,22,18
71260,Action,582,511,71
1948650,"Casual,Indie",3,2,1
907560,"Action,Casual,Indie",3,3,0
674450,"Action,Adventure,Casual,Indie",1,1,0
848480,"Action,Casual,Indie,Simulation,Strategy",2420,2317,103
1263130,"Action,Adventure,Casual,Indie,Racing,RPG,Simulation,Sports,Strategy",10,3,7
757580,"Action,Indie,Simulation",19,13,6
1810410,RPG,16,16,0
1212960,"Indie,Strategy",4,1,3
1463890,"Action,Casual,Indie",0,0,0
1520310,"Adventure,Casual,Indie",4,4,0
1956120,"Action,Massively Multiplayer",4,0,4
663600,"Adventure,Casual,Indie",0,0,0
1135160,"Casual,Indie,Simulation",3,1,2
867770,"Action,Adventure,Indie",1,0,1
1721010,"Casual,Indie,Early Access",1,0,1
1763050,"Adventure,Casual,Indie",460,405,55
1491650,"Action,Free to Play",0,0,0
1605430,"Indie,Simulation,Strategy",0,0,0
1878000,Strategy,0,0,0
499400,Action,44,36,8
1376950,Simulation,2,2,0
1646600,"Casual,Indie,Strategy",1,0,1
251150,RPG,4526,4217,309
517630,"Action,Adventure",8182,5090,3092
1583000,"Adventure,Indie",4,2,2
411750,"Indie,Simulation",35,27,8
615340,"Adventure,Casual,Free to Play",0,0,0
603850,Strategy,5510,4661,849
668490,"Animation & Modeling,Design & Illustration,Education,Utilities",0,0,0
898120,"Adventure,Casual,Indie",4,2,2
1605480,"Action,Adventure,Indie",1,0,1
1177080,"Action,Casual,Indie",1,1,0
313980,"Action,Indie",99,78,21
1012830,"Casual,Indie,Strategy",15,11,4
20530,Action,1197,1017,180
372780,"Adventure,Indie",25,11,14
1506720,"Action,Adventure,Casual,Indie,Simulation",10,8,2
764230,Simulation,79,73,6
1336420,"Action,Adventure",11,10,1
523410,"Animation & Modeling,Audio Production,Design & Illustration,Education,Software Training,Video Production",12,8,4
1542490,"Casual,Free to Play,Indie,Strategy",0,0,0
1019940,"Indie,Massively Multiplayer,Racing,Simulation",188,132,56
1340740,"Casual,Indie",0,0,0
1907060,"Free to Play,RPG,Simulation,Strategy",0,0,0
1254590,"Casual,Indie",0,0,0
1302290,"Action,Adventure,Indie,RPG,Strategy",1,1,0
44600,"Racing,Sports",35,20,15
1346070,"Action,Adventure,Indie,Massively Multiplayer",632,331,301
1135240,"Action,Simulation,Strategy",383,94,289
1281370,"Action,Adventure,Indie",2,1,1
792940,"Action,Adventure,Casual,Indie,RPG,Simulation",9,2,7
1108660,"Action,Indie,Strategy",1,1,0
220460,"Action,Indie",418,354,64
897890,"Action,Adventure,Indie,RPG,Early Access",4,3,1
1334470,"Adventure,Casual,Indie,Simulation,Early Access",2,2,0
1859770,"Action,Adventure,Indie",26,25,1
281450,Strategy,117,97,20
473610,"RPG,Strategy",39,12,27
672150,"Casual,Indie,Strategy",73,64,9
555670,"Action,Adventure,Indie,Simulation",11,0,11
1295490,"Adventure,Free to Play,RPG",0,0,0
1545970,"Casual,Indie,Simulation",7,6,1
268500,Strategy,33438,28383,5055
567890,"Action,Indie,Sports",11,7,4
572730,Adventure,79,73,6
1702990,"Action,Free to Play,Indie",0,0,0
210230,Adventure,74,66,8
652360,"Action,Casual,Indie",21,14,7
1449040,"Casual,Indie",0,0,0
707580,"Casual,Indie",111,87,24
462250,"Action,Indie",3,1,2
1200330,"Simulation,Strategy",116,99,17
1520850,"Action,Adventure,Casual,Indie,Strategy",3,3,0
2081360,"Action,Casual,Indie",3,3,0
1054900,"Adventure,Indie",1,0,1
1896900,"Casual,Indie,Simulation",0,0,0
551610,"Action,Casual,Indie,Early Access",10,2,8
778700,"Free to Play,Indie,Simulation",0,0,0
2053060,Adventure,0,0,0
500570,Casual,2,1,1
599160,"Action,Adventure,Indie,RPG,Strategy",22,19,3
496730,"Adventure,Indie,RPG,Strategy",187,121,66
845590,"Indie,Simulation,Early Access",9,3,6
607380,Utilities,119,92,27
533860,"Casual,Indie",10,6,4
1371300,"Action,Adventure,Casual,Indie",5,4,1
289930,"Casual,Simulation,Strategy",365,259,106
303870,"Action,Adventure",15,6,9
1265970,"Adventure,Casual",4,4,0
1219020,Indie,7,6,1
1005090,"Casual,Indie,RPG",0,0,0
858010,"Adventure,Casual,RPG,Simulation",1,0,1
1820390,"Casual,Strategy",10,10,0
1224250,"Casual,Racing,Simulation",0,0,0
1727040,"Simulation,Sports",0,0,0
1476340,"Casual,Indie",321,303,18
853580,"Action,Adventure,Casual,Indie",3,0,3
836550,"Adventure,Casual,Indie,Strategy",5,5,0
772320,"Adventure,Indie,RPG",6,4,2
1403680,Racing,3,0,3
4900,"Casual,Indie",77,67,10
1131740,Indie,5,4,1
1440680,"Action,Adventure,Indie",0,0,0
620890,"Action,Casual,Indie,Early Access",23,21,2
1724440,"Action,Casual,Simulation,Strategy,Early Access",127,113,14
620800,"Casual,Indie,Simulation,Sports",15,15,0
1135680,"Free to Play,Indie,RPG,Early Access",0,0,0
344910,"Action,Adventure,Indie",191,103,88
768090,Adventure,14,12,2
1854110,"Action,Adventure,Indie",0,0,0
1307810,"Action,Indie",1,1,0
345370,Utilities,397,336,61
930480,"Casual,Indie",7,7,0
1723490,"Casual,Indie",4,3,1
1044620,"Adventure,Casual",579,571,8
973090,Simulation,98,67,31
1495580,"Adventure,Indie",4,2,2
1040070,"Indie,RPG,Simulation,Strategy",710,634,76
354950,"Adventure,Casual,Indie,Simulation",21,13,8
12360,Racing,1090,897,193
1507310,"Action,Indie",0,0,0
1393910,"Indie,RPG",34,34,0
1285160,"Adventure,Casual,Indie",142,139,3
1848970,"Action,Adventure,Indie",2,1,1
1259530,"Casual,Indie",42,33,9
1162640,Casual,1,1,0
1329400,"Action,Casual,Indie,Racing,Simulation,Sports",2,1,1
1419370,"Casual,Free to Play,Indie",1,1,0
6900,Action,1111,730,381
953740,"Action,Adventure,Indie,RPG",5,3,2
527420,"Adventure,Casual",62,50,12
735520,"Action,Casual,Strategy",0,0,0
268260,"Casual,Indie",70,36,34
347620,"Adventure,Casual,Indie,Simulation",200,178,22
821870,"Action,Sports",0,0,0
800650,Action,15,8,7
665680,"Animation & Modeling,Design & Illustration",4,1,3
436060,"Action,Adventure,Indie",6,5,1
1417400,"Action,Casual,RPG",3,1,2
1559970,"Casual,Indie",3,3,0
568770,"Free to Play,Indie,Simulation",0,0,0
1011000,"Free to Play,Simulation,Early Access",0,0,0
514240,"Action,Adventure,Indie,Simulation",79,32,47
1632000,Adventure,0,0,0
1020940,"Adventure,Indie",39,39,0
1134600,"Action,Indie,RPG",0,0,0
2020380,"Casual,Indie",15,15,0
1316640,"Indie,Simulation",0,0,0
1510880,"Casual,Indie",5,4,1
1483430,"Action,Adventure,Free to Play,Indie,Simulation,Strategy",0,0,0
682250,"Casual,Indie,Simulation",0,0,0
636310,"Adventure,Indie",6,4,2
1849370,Strategy,2,2,0
1952180,"Adventure,Free to Play",0,0,0
1407190,Simulation,11,9,2
652530,"Action,Indie",4,4,0
451100,"Casual,Indie",3,3,0
1783750,"Adventure,Indie,Simulation",7,5,2
1343520,"Action,Adventure,Indie,Massively Multiplayer,Simulation,Early Access",45,19,26
854860,"Adventure,Casual,Indie,Strategy,Early Access",340,301,39
1199450,"Action,Adventure,Indie",15,9,6
1740010,Adventure,4,4,0
707470,"Action,Casual,Indie",0,0,0
343000,Adventure,48,25,23
776550,"Adventure,Casual,Indie,Sports",16,7,9
720290,"Adventure,Casual,Indie",18,12,6
1153460,"Action,Adventure,Casual,Strategy,Early Access",18,17,1
1110050,"Adventure,Casual,Indie",263,229,34
1361230,"Adventure,Indie",116,114,2
208400,"Indie,RPG,Strategy",755,696,59
1854100,Indie,11,10,1
1735110,Simulation,31,20,11
1836790,"Indie,Strategy",4,4,0
898750,"RPG,Simulation,Strategy",1083,1043,40
1438830,"Action,Indie",1,1,0
731310,"Action,Adventure,Casual,Indie,Strategy,Early Access",14,9,5
1375650,"Action,Casual,Indie,Racing,Early Access",6,6,0
2017700,Casual,3,3,0
1883530,"Action,Casual,Indie",2,2,0
1789050,"Adventure,RPG,Early Access",3,3,0
1686690,"Adventure,Casual,Indie,Simulation",5,3,2
534570,"Indie,Strategy",27,18,9
1454660,"Action,Adventure,Casual,Early Access",2,2,0
1190620,"Action,Casual,Indie,Strategy",8,2,6
774181,"Indie,Early Access",3844,3795,49
296030,"Action,Adventure,Indie",19,13,6
1228520,"Action,Adventure,Casual,Indie,Simulation",1012,869,143
1244850,"Casual,Indie,Simulation",3,2,1
642190,"Casual,Indie,Sports",17,8,9
1906100,"Action,Free to Play,Indie,Strategy",0,0,0
1131240,"Action,Adventure,Indie,RPG",493,363,130
1105710,"Casual,Indie,Sports",3,2,1
952420,"Adventure,Casual,Indie",15,14,1
624460,"Indie,Audio Production",0,0,0
340500,"Adventure,Casual,RPG,Strategy",20,16,4
1687670,"Action,Adventure,Free to Play,RPG",0,0,0
1155120,"Adventure,Casual,Free to Play,Indie,RPG,Strategy",0,0,0
556180,Strategy,224,171,53
697870,"Action,Indie",3,1,2
970200,"Casual,Indie,Simulation,Strategy",5,4,1
1910610,"Casual,Indie,Simulation",12,11,1
1758460,"Action,Adventure,Indie",0,0,0
433650,Simulation,15,6,9
1448220,"Action,Adventure",2,2,0
1686480,Simulation,2,1,1
1151160,"Adventure,Indie,RPG,Simulation,Strategy,Early Access",2,1,1
1330000,"Adventure,RPG,Strategy,Early Access",690,615,75
604920,RPG,13,12,1
729050,"Casual,Indie,Simulation,Sports,Early Access",2,2,0
1440440,"Adventure,Indie",875,794,81
1179150,"Action,Indie",0,0,0
849340,"Casual,Indie,Early Access",0,0,0
447000,"Adventure,Indie",16,15,1
1250170,Education,2,2,0
115220,Strategy,150,105,45
745270,"Action,Indie,Early Access",0,0,0
1197590,"Action,Casual,Indie",59,46,13
983650,"Casual,Indie",0,0,0
1374040,"Adventure,Sports",0,0,0
1724780,"Adventure,Indie,Simulation",9,8,1
1482000,"Casual,Indie",0,0,0
1551570,"Action,Indie,RPG",15,7,8
1595850,"Action,Indie",0,0,0
421140,"Casual,Indie,Strategy",6,4,2
793400,"Violent,Action,Adventure,Indie",0,0,0
1678590,"Action,Adventure,Indie,Early Access",1,1,0
862740,"Action,Adventure,Casual,Indie",10,9,1
821060,"Animation & Modeling,Software Training,Utilities,Early Access",96,58,38
497580,"Adventure,Casual",42,24,18
579940,Strategy,251,227,24
1779690,"Adventure,Free to Play,Indie",0,0,0
1868400,"Casual,Indie",1,1,0
871300,Indie,1,0,1
911010,"Action,Adventure,Indie,RPG,Early Access",1,1,0
769600,"Adventure,Casual,Simulation,Early Access",0,0,0
1000480,"Action,Indie,RPG,Simulation,Early Access",12,7,5
1258090,"Casual,Indie,Early Access",0,0,0
454770,"Action,Adventure,Indie,Early Access",19,15,4
386160,Action,39,25,14
1939570,"Adventure,Indie",0,0,0
105300,"Casual,Indie",178,122,56
27020,"Indie,Simulation",198,109,89
1932100,"Casual,Free to Play,Simulation",0,0,0
1828010,"Action,Adventure,Casual,Indie",1,0,1
1344570,"Casual,Indie,Simulation,Strategy",2,2,0
1053780,"Action,Adventure,Casual,Indie,RPG,Simulation,Sports,Strategy",9,7,2
1065110,"Casual,Free to Play,Indie",0,0,0
945890,"Action,Adventure,Indie,RPG,Early Access",24,11,13
648640,"Adventure,Casual,Indie,RPG,Strategy",9,8,1
1392170,Indie,76,45,31
1820060,"Casual,Indie,RPG,Simulation",8,6,2
22180,"Action,Adventure,Indie",1404,1247,157
448930,"Adventure,Casual,Free to Play,Indie,Simulation",0,0,0
1222020,"Action,Casual,Indie,Racing,Early Access",17,17,0
1984070,"Adventure,Casual",0,0,0
1971400,"Action,Adventure,Indie",1,1,0
1104870,"Action,Adventure,Indie",1,1,0
1188000,"Action,Indie",17,17,0
1980390,"Action,Indie,Strategy,Early Access",0,0,0
1420640,Utilities,0,0,0
330420,Adventure,46,38,8
1238330,"Action,Indie,Simulation,Strategy",31,26,5
628460,"Casual,Indie",48,46,2
1457920,"Action,Casual,Indie",2,1,1
1655880,"Adventure,Casual,Indie",6,3,3
1393490,"Casual,Racing",3,3,0
379610,"Casual,Indie",30,29,1
1969870,"Action,Free to Play,Massively Multiplayer",0,0,0
644200,"Adventure,Casual,Indie",40,32,8
907470,"Adventure,Casual,Indie",275,234,41
1608890,Casual,0,0,0
881490,RPG,0,0,0
2082490,"Design & Illustration,Utilities",0,0,0
408930,"Animation & Modeling,Design & Illustration,Photo Editing,Utilities,Web Publishing,Game Development",29,25,4
862240,"Action,Indie",0,0,0
297660,"Action,Adventure,Indie",34,32,2
1850400,"Action,Indie",0,0,0
771950,"Casual,Indie",39,31,8
692060,"Nudity,Casual,Free to Play,Indie,Massively Multiplayer,Strategy,Early Access",0,0,0
665330,"Action,Indie,Simulation,Sports,Strategy",290,252,38
1211070,"Indie,RPG,Simulation",1,1,0
1144300,Adventure,13,12,1
409290,"Casual,Indie,Simulation,Strategy",16,12,4
633490,"Photo Editing,Utilities,Video Production",2,1,1
1419150,"Simulation,Strategy,Early Access",9,9,0
1393690,"Action,Adventure,Casual,Indie",3,2,1
1210800,"Action,Adventure,Indie,RPG,Early Access",91,85,6
704070,"Action,Indie,Massively Multiplayer",5,2,3
976020,"Adventure,Free to Play,Indie",0,0,0
1351170,"Action,Free to Play",0,0,0
819400,"Action,Adventure,Indie,RPG",14,7,7
234270,"Adventure,Casual,Indie",1150,1065,85
1859140,Casual,0,0,0
510500,"Action,Indie,Strategy,Early Access",638,537,101
867470,"Indie,RPG,Strategy,Early Access",1,0,1
700660,"Casual,Indie,Strategy",54,30,24
997500,"Action,Indie",0,0,0
1384530,"Action,Adventure,Indie",3,3,0
708830,"Action,Indie",4,2,2
469990,"Casual,Free to Play",7,4,3
956450,"Adventure,Indie,RPG,Strategy",444,419,25
840130,"Action,Adventure,Free to Play,Indie,Massively Multiplayer,Strategy,Early Access",3,1,2
1362400,"Action,Indie",7,7,0
1589490,"Indie,Early Access",0,0,0
1587390,"Adventure,Indie,RPG",0,0,0
486720,"Indie,RPG,Strategy",403,357,46
1536420,"Indie,Simulation",36,24,12
536370,"Casual,Simulation",6,5,1
1286370,"Action,Simulation,Strategy",22,19,3
912190,"Adventure,Casual,Indie",24,16,8
336140,"Adventure,Indie,RPG",1267,1215,52
371430,"Action,Indie,RPG,Strategy",32,27,5
1089810,"Adventure,Casual,Indie",1,1,0
1436650,"Free to Play,Indie,RPG,Strategy",0,0,0
1443260,"Action,Casual,Indie",0,0,0
1542670,"Action,Simulation,Sports",7,7,0
1240600,"Action,Adventure,Indie,RPG,Strategy",1,0,1
1444650,"Action,Adventure,Indie",399,360,39
909670,"Action,Adventure,Indie",18,14,4
1048560,"Action,Indie",19,15,4
1061690,"Design & Illustration,Photo Editing,Video Production",7,5,2
746110,"Action,Adventure,Casual,Indie",3,3,0
1235770,"Casual,Indie,Simulation,Sports",1,1,0
792080,Indie,0,0,0
1386890,Action,105,91,14
678970,"Adventure,Casual",99,90,9
1866840,Action,2,2,0
445870,"Action,Adventure,Indie",9,6,3
1672610,"Action,Adventure,Indie",1,1,0
1167550,Utilities,15,14,1
567630,"Action,Free to Play,Massively Multiplayer,Strategy",8,5,3
1231770,"Casual,Sports,Strategy",0,0,0
684560,"Violent,Gore,Action,Casual,Indie,Early Access",4,1,3
704830,"Indie,RPG,Simulation,Sports,Strategy,Early Access",69,30,39
1631200,"Casual,Massively Multiplayer,Simulation,Sports,Strategy",3,1,2
527720,"Action,Indie",29,26,3
373460,"Action,Casual",7,4,3
1475770,"Action,Adventure,Indie",0,0,0
1255170,"Action,Adventure,Indie",1,1,0
1611830,"Adventure,Indie,RPG,Strategy,Early Access",1,0,1
1543020,"Casual,Indie",1,1,0
1095710,"Indie,Simulation",10,8,2
304650,"Adventure,Indie,RPG",5001,4181,820
1678790,"Casual,Indie",1,1,0
536420,"Adventure,Casual,Indie,RPG,Strategy",30,20,10
1189230,RPG,168,128,40
1969280,"Free to Play,Indie,Strategy",0,0,0
1697180,"Adventure,RPG",0,0,0
456920,Adventure,1,1,0
1006400,"Adventure,Indie,RPG",4,4,0
1888590,"Action,Casual,Indie",11,11,0
1407530,"Action,Casual,Indie,RPG,Simulation",4,3,1
321310,"Indie,Simulation,Early Access",3,0,3
1367760,"Action,Free to Play,Indie,Strategy",0,0,0
1007990,"Adventure,Casual,Indie",3,1,2
777090,"Indie,Simulation,Strategy",7,4,3
1086060,"Action,Casual,Indie,Early Access",1,1,0
1092700,"Adventure,Indie,Strategy",0,0,0
1446650,"Adventure,RPG",513,434,79
1372640,"Adventure,Indie,Early Access",2,2,0
934860,"Adventure,Casual,Free to Play,Indie",0,0,0
1868450,"Racing,Simulation,Strategy",0,0,0
1703950,"Casual,Indie",0,0,0
1550470,"Adventure,Indie,RPG,Strategy",0,0,0
1311220,"Action,Adventure,Indie",4,2,2
1957860,"Action,Adventure",2,1,1
1332800,"Action,Casual,Indie",4,4,0
908830,"Action,Adventure",1,1,0
260710,Adventure,45,33,12
1821490,"Action,Adventure,Indie,Strategy",0,0,0
535760,"Adventure,Indie,RPG",13,7,6
1382350,"Adventure,Indie,Strategy",0,0,0
1029470,"Action,Indie,Strategy",1,1,0
1600330,"Action,Indie",0,0,0
1615100,"Action,Adventure",906,816,90
461840,"Casual,Indie",907,843,64
1594980,"Adventure,Casual,Indie,RPG,Simulation,Strategy,Early Access",3,3,0
1625110,"Action,Adventure,Casual,Indie",8,5,3
1976310,Simulation,0,0,0
1585030,"Action,Indie",10,6,4
1225110,"Casual,Simulation",38,19,19
1401750,"Action,Adventure,Casual,Indie,Strategy",6,5,1
1685880,Indie,19,18,1
1762480,"Adventure,Casual,Free to Play,Indie,RPG",1,1,0
965880,"Action,Adventure",0,0,0
1797510,"Adventure,Casual,Indie,Strategy,Early Access",7,6,1
1806670,"Action,Adventure,Free to Play",0,0,0
437380,"Action,Adventure,Indie",5,5,0
848400,"Action,Adventure,Indie,Simulation,Strategy,Early Access",0,0,0
1623300,"Action,Casual,Indie,Racing,Simulation,Sports",0,0,0
1248130,Simulation,8986,7999,987
383670,"Casual,Indie",17,12,5
1036660,"Casual,Indie,Sports",52,44,8
1496250,"Adventure,RPG,Strategy",48,42,6
1745370,Indie,2,2,0
896970,"Adventure,Casual",5,4,1
915300,"Action,Casual,Indie,Simulation",1,1,0
745950,"Action,Indie,Early Access",30,20,10
1408060,"Strategy,Early Access",31,27,4
299110,Adventure,144,120,24
1148330,Adventure,0,0,0
1035900,"Action,Adventure,Casual,Indie,Strategy",2,1,1
580570,"Adventure,Indie",8,5,3
434880,"RPG,Strategy",60,38,22
1597710,"Action,Adventure,RPG,Early Access",21,14,7
1803190,Simulation,0,0,0
420790,"Action,Free to Play,Indie,Massively Multiplayer",14,10,4
1741140,Strategy,0,0,0
464120,Utilities,9,8,1
656690,"Action,Adventure,Casual,Indie",4,3,1
1339640,"Action,Adventure,Casual,Free to Play,Indie",0,0,0
770610,Photo Editing,3,1,2
1846850,RPG,5,4,1
1112840,"Action,Adventure,Sports",0,0,0
1617270,"Adventure,Indie,Massively Multiplayer,Early Access",22,16,6
1919550,"Casual,Indie",114,112,2
1125420,"Indie,RPG",11,11,0
1833380,"Indie,Simulation,Strategy,Early Access",6,6,0
740520,"Adventure,Casual",3,3,0
793620,"Action,Indie",13,9,4
1543940,"Casual,Indie,Strategy",1,1,0
729910,"Adventure,Casual",1,0,1
514720,"Adventure,Casual",5,4,1
976900,"Action,Adventure,Casual,Indie,Simulation",19,15,4
443880,"Adventure,Indie,RPG",40,36,4
365620,"Action,Adventure,Massively Multiplayer,Simulation",33,13,20
1778090,Indie,7,1,6
1073140,"Action,Casual,Indie,Simulation,Strategy,Early Access",3,1,2
1134480,"Casual,Indie,Strategy",85,54,31
696840,"Indie,Simulation,Strategy",10,5,5
578740,"Action,Adventure,Indie,RPG",5,2,3
1659640,"Adventure,Casual",0,0,0
1564800,"RPG,Strategy,Early Access",3,3,0
254440,"Casual,Indie,Simulation,Sports,Strategy",1272,1146,126
2000750,"Casual,Indie",1,0,1
1612360,"Action,Early Access",0,0,0
765380,"Action,Adventure,Indie",12,8,4
1592370,"Casual,Indie",6,6,0
1729300,"Action,Indie,Simulation",27,26,1
1750060,"Casual,Indie",4,3,1
1555920,"Action,Adventure",8,8,0
447100,"Action,Indie,Simulation,Strategy,Early Access",18,5,13
627570,"Action,Adventure,Indie,RPG,Early Access",3,3,0
292760,Strategy,15,13,2
374050,"Action,Casual,Indie,Strategy",20,11,9
1545010,Action,3,2,1
665440,Strategy,10,8,2
585880,"Casual,Free to Play,Indie",14,14,0
535270,"Action,Casual,Indie,Strategy",3,1,2
229580,"Adventure,Indie",575,311,264
1791410,"Indie,Simulation,Strategy",2,2,0
1754910,Strategy,0,0,0
725090,"Casual,Indie,Strategy,Early Access",0,0,0
1455360,Video Production,0,0,0
1238680,Indie,28,26,2
711720,"Adventure,Casual,Indie",7,6,1
2050920,"Action,Adventure,Casual,Indie,Strategy",1,1,0
1589440,"Casual,Indie,Simulation,Strategy",2,2,0
1030410,"Action,Adventure,Casual,Indie,RPG,Early Access",14,8,6
661790,"Action,Adventure,Indie",971,868,103
1376090,"Casual,Free to Play,Indie,Strategy",0,0,0
1548940,"Action,Adventure,Indie",23,22,1
1808980,"Casual,Indie,Simulation,Strategy",0,0,0
1255410,"Action,Sports",0,0,0
29800,"Action,Adventure,Casual,Indie,RPG,Strategy",1276,993,283
301320,"Indie,Simulation",644,610,34
1172640,"Action,Casual,Indie,Racing",1,1,0
4780,Strategy,427,413,14
1619330,"Action,Adventure,Indie,RPG",22,18,4
290490,"Action,Indie",89,32,57
865820,Adventure,150,135,15
46840,Strategy,2,0,2
397810,"Action,Adventure,Casual,Indie,Strategy",0,0,0
1374050,Adventure,10,10,0
386110,"Adventure,Indie,RPG",14,3,11
619490,"Action,Adventure,Indie",51,35,16
1700800,"Adventure,Indie,RPG,Early Access",0,0,0
1901300,"Action,Free to Play,Indie,Simulation",0,0,0
874200,"Casual,Indie,Simulation,Strategy",5,4,1
280,Action,5209,3530,1679
1313940,"Casual,Indie,RPG",0,0,0
1181440,"Action,Adventure,Indie,Simulation,Early Access",40,33,7
459520,"Casual,Indie,Simulation",10,9,1
1757950,"Adventure,Casual,Indie",1,1,0
1553980,"Adventure,Casual",0,0,0
1039430,"Action,Indie,Racing,Simulation,Early Access",1,1,0
1428790,"Adventure,Casual,Indie,Strategy",0,0,0
794040,"Action,Indie",1,0,1
1101760,"Action,Casual,Indie,Racing,Sports",31,20,11
1050620,"Casual,Indie,Simulation,Strategy",0,0,0
1260390,"Casual,Indie",265,209,56
711140,RPG,2,1,1
1261300,"Casual,Indie,Racing,Strategy",0,0,0
1022770,"Action,Indie",7,4,3
630510,"Education,Software Training",0,0,0
805980,"Action,Indie",6,3,3
341820,"Casual,Indie,Simulation",39,31,8
2053750,Indie,0,0,0
494960,"Action,Adventure",72,62,10
1589770,"Action,Casual,Free to Play,Indie,Massively Multiplayer,Racing,Simulation,Sports",0,0,0
960590,"Adventure,Casual,Indie,Simulation",11,8,3
573790,Strategy,45,41,4
785070,"Action,Adventure,Indie",0,0,0
1430200,Strategy,22,19,3
954240,"Action,Indie",4,4,0
1690690,"Casual,Free to Play,Simulation",0,0,0
1730090,"Adventure,Indie,RPG,Early Access",0,0,0
489140,"Action,Adventure,Indie",390,350,40
1158830,Casual,3,3,0
727480,"Casual,Indie",8,7,1
1393500,"Indie,RPG,Strategy,Early Access",97,90,7
409170,Indie,21,11,10
880490,"Indie,RPG",49,45,4
1948280,"Casual,Indie,Simulation",4375,4208,167
1952260,Indie,3,3,0
1118570,"Free to Play,Strategy",0,0,0
1039320,"Casual,Indie,Simulation",3,1,2
1197670,"Adventure,Casual,Indie",3,2,1
946110,"Casual,Simulation",110,82,28
1113860,"Action,Casual,Indie,Simulation",0,0,0
1153990,"Action,Indie,Simulation",3,2,1
201070,"Action,Indie,Strategy",96,55,41
1641230,"Action,Indie",8,8,0
1093340,"Utilities,Video Production",0,0,0
517660,"Action,Indie",3,2,1
1849930,"Adventure,Indie,RPG,Simulation",3,3,0
1678960,"Adventure,Casual,Indie",9,9,0
403880,"Racing,Simulation,Sports",39,19,20
1538910,"Action,Indie",7,4,3
7260,RPG,72,39,33
496490,"Design & Illustration,Utilities",68,34,34
440810,"Action,Casual,Indie",19,5,14
1476080,"Action,Casual,Indie,Simulation",4,4,0
1831320,"Adventure,Casual,Indie,Strategy",2,2,0
1642110,"Action,Indie",1,1,0
201230,"Free to Play,Massively Multiplayer,RPG",18,11,7
1672360,"Action,Adventure",0,0,0
485640,"Action,Adventure,Casual,Indie,Strategy",17,12,5
223280,"Indie,Casual",72,63,9
1742530,"Casual,Free to Play,Indie",0,0,0
1019500,Indie,0,0,0
1415010,"Casual,Indie,RPG,Simulation,Early Access",8,5,3
286220,RPG,48,28,20
322910,"Action,Indie,Strategy",955,663,292
1592980,"Adventure,Casual,Indie,RPG",11,11,0
1946840,"Casual,Indie,Simulation",2,0,2
8400,Casual,636,577,59
522950,"Violent,Gore,Action,Indie,Early Access",1,1,0
1606490,"Casual,Simulation,Utilities",6,2,4
1784730,"Simulation,Early Access",16,14,2
520860,"Action,Free to Play,Indie,Massively Multiplayer,Racing,Simulation,Early Access",34,21,13
1113580,"Adventure,Casual,Free to Play,Indie,Simulation",0,0,0
1807300,"Casual,Massively Multiplayer,Strategy",0,0,0
1149830,"Action,Indie,Strategy",0,0,0
369390,"Simulation,Strategy",115,87,28
886310,"Action,Casual,Indie,Strategy",3,1,2
332760,"Action,Indie,Early Access",6,5,1
745120,"Casual,Indie,Simulation",3,1,2
477010,Indie,3,1,2
1917920,"Adventure,Casual,Indie",27,23,4
1143550,"Action,Indie",1,1,0
45300,Simulation,344,223,121
1101130,"Casual,Indie",34,28,6
842490,"Adventure,Casual,Indie,Strategy",1,0,1
1625720,"Adventure,Free to Play,Indie,RPG",0,0,0
1889870,"Adventure,Indie",0,0,0
1835250,"Adventure,Indie",2,1,1
454890,"Action,Casual,Indie",119,95,24
1138330,"Adventure,Casual,Indie",0,0,0
1910130,"Action,Indie",0,0,0
1287790,"Action,Early Access",0,0,0
1434470,"Action,Adventure,Casual,Indie,Simulation,Sports,Strategy",1,0,1
345010,"Indie,Massively Multiplayer,Simulation,Strategy",256,173,83
604950,"Action,Casual,Free to Play,Indie",0,0,0
1040630,Simulation,123,103,20
693450,"Simulation,Strategy",11,11,0
473770,"Action,Indie,Racing",992,947,45
1598930,"Casual,Indie,RPG",0,0,0
771680,"Action,Indie",22,18,4
1203310,"Casual,Indie",1,1,0
887300,RPG,3,3,0
1500130,Utilities,2,1,1
1556650,Action,11,11,0
890180,"Casual,Indie",27,14,13
1686050,"Action,Adventure,Free to Play,Indie,RPG",0,0,0
510790,"Action,Adventure,Free to Play,Indie,RPG",2,1,1
486500,"Action,Adventure,Casual,Indie",2,0,2
386360,"Action,Free to Play",720,575,145
815280,"Action,Indie,Strategy,Early Access",6,5,1
1513460,Indie,0,0,0
1928200,"Casual,Strategy",68,62,6
1185620,"Action,Indie,Strategy",2,0,2
1358090,"Action,Indie",196,192,4
1581600,"Adventure,Casual,Indie",0,0,0
876910,"Indie,Simulation",3,1,2
252370,"Adventure,Indie",361,307,54
1318560,"Casual,Indie,Simulation",11,11,0
1555470,"Action,Adventure,Casual,Indie,Early Access",0,0,0
1007080,"Action,Indie,Strategy",2,1,1
709400,"Action,Casual,Indie,Racing",3,3,0
1901610,"Action,Casual,Free to Play,Indie",0,0,0
1542610,"Action,Indie,RPG,Early Access",2,0,2
1809370,"Action,Casual,Sports,Strategy",0,0,0
1846290,Indie,8,8,0
1741510,"Casual,Indie",1,0,1
504110,"Adventure,RPG",16,9,7
1822190,Indie,0,0,0
1383200,"Adventure,Indie,RPG,Strategy",2,1,1
1812890,"Casual,Indie,Simulation",0,0,0
841350,"Adventure,Casual,Indie,RPG,Strategy",60,43,17
528180,"Indie,Strategy",31,15,16
518730,"Action,Indie",113,106,7
1981370,"Action,Adventure,Casual,Indie",4,4,0
1649800,"Action,Adventure,Casual,Indie,Strategy",0,0,0
657700,"Adventure,Casual,Indie",15,8,7
655270,"Adventure,Casual,Indie",42,30,12
664000,"Action,Adventure,Casual,Indie,RPG,Simulation,Strategy",186,149,37
445980,"Action,Adventure,Indie",5081,4651,430
367000,"Casual,Indie",126,113,13
579820,Adventure,222,117,105
931860,"Action,Adventure,Indie",36,31,5
1166760,"Casual,Indie,Simulation",3,1,2
521680,Strategy,2,0,2
761350,"Adventure,Indie,Simulation",101,86,15
1376340,"Casual,Indie,Simulation,Strategy,Early Access",2,2,0
1701590,Action,0,0,0
668350,Adventure,250,248,2
809500,"Action,Indie",7,4,3
691650,"Action,Adventure,Indie",2,2,0
728110,"Casual,Indie",0,0,0
60350,"Adventure,Casual,Indie",30,27,3
899220,"Adventure,Casual,Free to Play,Indie,Simulation",0,0,0
854250,Simulation,76,65,11
1318130,"Adventure,Casual,Strategy",5,5,0
370560,"Casual,Simulation",9,5,4
1462580,"Action,Indie,RPG",3,2,1
887940,"Adventure,Casual",2,1,1
1247360,"Adventure,Casual,Indie,Racing,Simulation,Sports",59,55,4
781640,"Action,Casual,Indie",31,27,4
524250,"Adventure,Indie,RPG",56,53,3
1414500,Simulation,4,3,1
1723260,"Adventure,Casual,Indie,RPG,Simulation,Strategy,Early Access",7,7,0
510540,"Indie,RPG,Early Access",160,150,10
738650,Indie,69,64,5
1469750,"Adventure,Casual,Indie,Early Access",1,1,0
1017350,"Casual,Indie",7,5,2
1307900,"Action,RPG",7,5,2
931270,"Indie,Strategy,Early Access",259,246,13
377860,Action,532,516,16
214700,"Adventure,Casual,Indie",960,630,330
1446330,"Casual,Indie",138,129,9
731790,"Casual,Simulation",1,0,1
364190,Indie,1,1,0
789980,"Adventure,Casual,Indie,RPG",1,0,1
850840,"Casual,Indie,Simulation",4,3,1
554620,"Action,Adventure",12144,11236,908
266030,"Free to Play,Indie,Strategy",0,0,0
718120,"Action,Adventure,Casual,Indie",5,5,0
601890,"Animation & Modeling,Design & Illustration,Education,Photo Editing,Software Training,Video Production",11,10,1
1751890,"Action,Adventure,Indie,Simulation",7,3,4
843920,"Casual,Indie,Strategy",0,0,0
289690,"Action,Adventure",442,253,189
327060,"Action,Indie",215,151,64
334260,"Adventure,Casual,Indie",2,2,0
511470,"Casual,Indie",1370,1330,40
1098340,"Casual,Indie",322,306,16
1193450,"Action,Casual,Indie",2,1,1
1543270,"Free to Play,Massively Multiplayer,RPG,Strategy",0,0,0
640210,"Adventure,Casual,Indie,RPG",45,24,21
843580,"Action,Indie,Strategy",2,0,2
1838340,"Adventure,Indie",26,21,5
45720,"Action,Adventure",160,91,69
701940,"Action,Indie",4,4,0
666170,"Indie,Strategy,Early Access",0,0,0
1637910,"Action,Casual,Free to Play,Indie,RPG",1,1,0
1598660,"Action,Adventure,Casual,Indie,RPG,Strategy",0,0,0
617440,"Action,Adventure,Casual,Indie",56,53,3
864540,"Action,Adventure,Indie",102,87,15
950750,"Action,Casual,Indie",1,1,0
395190,Strategy,8,8,0
488430,"Action,Adventure,Free to Play,Indie,Strategy,Early Access",0,0,0
495230,"Action,Indie",5,4,1
15130,"Action,Adventure",1474,1231,243
1535590,"Indie,Simulation,Sports,Strategy",0,0,0
1926390,"Action,Adventure,Indie",4,4,0
509800,"Nudity,Adventure,Casual,Free to Play,Indie",0,0,0
1326270,"Indie,Simulation,Strategy",71,55,16
557260,Indie,24,8,16
1251090,"Casual,Indie",0,0,0
687630,"Adventure,Casual,Free to Play,Strategy",0,0,0
1237730,"Action,Adventure,Casual,Indie,Simulation",66,65,1
109700,"Indie,Strategy",50,32,18
1167460,"Indie,Strategy",11,11,0
999840,"Design & Illustration,Video Production",4,4,0
1253860,"Indie,RPG,Strategy",60,35,25
1210740,"Adventure,Casual,Free to Play",0,0,0
357940,"Indie,RPG,Strategy",68,50,18
585920,"Casual,Indie",9,8,1
412450,"Action,Adventure,RPG,Early Access",802,439,363
1181010,Simulation,0,0,0
1988670,"Adventure,Casual,Indie,RPG,Strategy",0,0,0
771500,"Action,Adventure,Casual,Indie,RPG,Simulation",7,1,6
1407620,"Action,Adventure,Indie,RPG,Early Access",8,4,4
1668630,"Action,Adventure,Casual,Indie,Strategy,Early Access",0,0,0
370130,"Action,Adventure,Indie",3,2,1
1485120,"Action,Casual,Sports",95,84,11
1462830,"Casual,Early Access",1,0,1
1411030,"Casual,Free to Play,Indie",0,0,0
921070,"Action,Casual,Free to Play,Indie,RPG",0,0,0
40950,"Simulation,Strategy",2218,2095,123
1429740,"Action,Adventure,Free to Play,Indie",0,0,0
958640,Casual,1,1,0
964450,"Action,Adventure,Strategy",0,0,0
500980,"Action,Adventure,Strategy",5,0,5
1637140,"Action,Indie",58,57,1
1331440,"Casual,Simulation",902,795,107
1424520,"Action,Adventure,Free to Play,Indie",0,0,0
276300,"Casual,Simulation,Sports",24,14,10
376240,"Adventure,Indie",31,30,1
1430740,"Casual,Indie,RPG,Simulation",10,8,2
15800,"Indie,Casual",3,1,2
1142480,"Action,Indie",52,50,2
1293160,Adventure,2733,2441,292
976060,"Indie,RPG",1,0,1
1141390,"Action,Indie,Strategy",1,1,0
629220,"Adventure,Indie,Simulation",255,194,61
968700,"Adventure,Free to Play,Indie",0,0,0
551440,"Adventure,RPG",21,13,8
702340,"Casual,Indie,Racing",0,0,0
1078950,"Casual,Indie,Simulation",1,1,0
1587020,"Action,Adventure,Casual,Indie,Early Access",2,1,1
1594790,"Action,Adventure,Indie",2,1,1
1166230,"Indie,Strategy",16,14,2
647040,"Adventure,Casual,Indie",57,46,11
1129250,"Action,Casual,Indie",27,25,2
1823750,"Action,Indie",0,0,0
878290,Action,24,21,3
540840,Adventure,947,870,77
1330760,"Adventure,Casual,Indie,Early Access",3,2,1
545580,"Action,Casual,Indie",45,24,21
937460,"Action,Indie,Early Access",2,1,1
1513420,Adventure,20,17,3
1506630,"Action,Adventure,Casual,Indie,RPG,Simulation",3,1,2
899570,"Indie,Simulation,Early Access",4,0,4
1140720,"Action,Indie,Early Access",1,1,0
476530,"Simulation,Strategy",453,409,44
1013290,"Action,Early Access",1,1,0
1283330,"Adventure,Casual,Indie,Simulation,Strategy",0,0,0
436240,"Adventure,Casual,Indie",16,11,5
493410,"Action,Indie",18,13,5
810690,Indie,0,0,0
658160,"Action,Adventure,Casual,Indie",171,137,34
1095810,"Casual,Indie,RPG,Early Access",0,0,0
402840,"Casual,Free to Play,Indie",23,17,6
1263720,"Action,Casual,Indie,Simulation",4,4,0
1870970,"Action,Adventure,Indie",5,5,0
1073280,"Casual,Indie,Strategy",8,7,1
1761320,"Casual,Indie",0,0,0
638850,"Action,Adventure,Indie,Simulation",522,390,132
1851060,"Adventure,Casual,Indie,Simulation",2,2,0
1338560,"Indie,Simulation,Strategy",2,1,1
1856160,"Action,Adventure,Casual,RPG",0,0,0
1045900,"Indie,Early Access",9,9,0
816920,"Action,Simulation",5,1,4
704140,"Action,Casual,Strategy,Early Access",2,0,2
367550,"Action,Casual,Simulation,Sports,Strategy",38,24,14
1433900,"Action,Indie",7,5,2
415300,Strategy,181,130,51
888900,"Action,Adventure,Casual,Indie,Strategy",4,4,0
773710,"Action,Indie",5,5,0
642650,"Casual,Indie",83,79,4
1495420,"Casual,Indie,RPG,Simulation,Strategy",73,62,11
1666770,"Casual,Simulation",1,1,0
1032770,"Indie,Simulation,Strategy",0,0,0
1184420,"Adventure,Casual,Indie,RPG",2,2,0
386320,"Action,Indie,Strategy",13,3,10
788890,"Action,Adventure,Casual,Indie",5,4,1
1608310,"Action,Casual,Indie,Early Access",0,0,0
1482450,"Adventure,Casual,RPG,Strategy",0,0,0
850830,"Adventure,Casual,Indie,RPG",4,0,4
1983650,"Action,Adventure,Indie",0,0,0
949720,"Action,Indie,RPG",0,0,0
1685030,"Action,Indie",4,2,2
485570,"Adventure,Indie,RPG",4,4,0
1399740,"Casual,Indie",0,0,0
678290,"Action,Adventure,Casual,Indie",5,4,1
966540,"Action,Casual,Indie",2,0,2
1992890,"Casual,Free to Play,Massively Multiplayer",0,0,0
1546320,"Free to Play,RPG",2,2,0
778770,"Casual,Indie",0,0,0
828420,"Action,Casual,Indie",1,1,0
1896420,"Action,Adventure,Strategy",3,1,2
1328000,"Action,Indie",9,7,2
1859220,"Casual,Simulation",1,0,1
1433320,"Action,Adventure,Indie",31,29,2
1883260,"Action,Casual,RPG",184,176,8
1955500,Adventure,0,0,0
467890,"Audio Production,Early Access",25,14,11
692930,"Action,Adventure,Indie",57,40,17
1517440,"Action,Casual,Indie",2,2,0
1280940,"Action,Indie,Simulation",10,9,1
1445870,"Casual,Indie",1,1,0
40200,Casual,9,6,3
1053850,"Action,Indie",8,3,5
1573540,"Casual,Indie,Simulation",4,3,1
397310,"Action,Indie,RPG",72,51,21
2005660,"Indie,Strategy",54,54,0
414810,"Adventure,Indie,Racing,Early Access",6,5,1
1740180,"Action,Indie",1,1,0
1810610,"Adventure,Casual",26,24,2
1128100,"Action,Strategy",27,21,6
1416930,"Action,Adventure,RPG,Simulation",4,0,4
757060,"Action,Indie,Simulation,Early Access",11,7,4
1581820,"Casual,Indie",13,11,2
445190,"Indie,RPG,Strategy",1618,1340,278
454060,"Casual,Indie,Simulation",663,533,130
1224380,"Action,Adventure,Indie",8,5,3
420980,"Adventure,Casual,Indie",164,149,15
928130,"Adventure,Casual,Indie,RPG",0,0,0
511760,"Action,Adventure,Indie,RPG",2,1,1
1035220,"Casual,Indie",0,0,0
210170,"Action,Indie,Strategy",41,28,13
39680,"Simulation,Strategy",1424,1134,290
747120,Indie,0,0,0
1690530,"Casual,Free to Play,Simulation",0,0,0
1003650,"Adventure,Indie",1,0,1
1287030,Action,27,16,11
319510,"Indie,Simulation",20490,18758,1732
603800,"Casual,Indie",93,80,13
1420890,"Design & Illustration,Education,Utilities",3,1,2
48700,"Action,RPG",49929,48811,1118
628570,"Casual,Indie",13,7,6
820620,"Action,Indie",27,21,6
1007280,"Action,Indie",5,2,3
1081550,Indie,5,5,0
1019690,"Action,Adventure",2,2,0
883780,"Casual,Indie,Strategy",0,0,0
1576490,Adventure,23,22,1
600290,"Adventure,Indie,RPG,Strategy",0,0,0
1603280,"Casual,Indie,Racing",0,0,0
495200,"Action,Indie,RPG",3,1,2
1154730,"Adventure,Casual,Indie",15,9,6
22330,RPG,22738,21801,937
524060,"Casual,Indie,Strategy",8,5,3
1677080,Indie,1,1,0
1348260,"Casual,Indie,Strategy",0,0,0
1392410,"Action,Adventure,Indie",0,0,0
734120,"Adventure,Indie",76,55,21
1101840,"Action,Casual,Indie,Early Access",2,2,0
1466830,"Casual,Indie,Racing,Simulation,Sports",4,3,1
276340,"Casual,Simulation,Sports",116,96,20
1126640,"Action,Adventure,Casual,Indie,Strategy",4,1,3
1578250,"Indie,Simulation",8,4,4
2078360,Casual,6,4,2
2066320,"Casual,Free to Play,Indie,Strategy",0,0,0
1448970,"Action,Indie",3,3,0
1864440,Indie,0,0,0
1893590,"Action,Casual,Indie",2,2,0
1623210,"Indie,RPG",268,199,69
816760,"Action,Casual,Indie",9,8,1
1496990,"Action,Indie",5,5,0
687830,"Adventure,Indie,RPG",71,64,7
1215990,"Indie,Simulation,Sports,Early Access",0,0,0
1596070,"Adventure,Casual,Indie,Simulation",36,26,10
1122860,"Racing,Simulation",5,2,3
663200,"Casual,Simulation",42,19,23
706480,"Action,Indie",0,0,0
1625390,"Audio Production,Education,Utilities,Early Access",0,0,0
1686840,Indie,0,0,0
1022270,"Action,Indie",2,2,0
438100,"Adventure,Casual,Free to Play,Massively Multiplayer,Simulation,Sports,Early Access",110,93,17
504420,"Action,Indie",17,13,4
1377030,"Action,Indie,RPG",11,9,2
1648590,"Adventure,Indie,RPG",22,12,10
1283990,"Action,Adventure,Indie,RPG,Simulation",2,1,1
815040,"Casual,Free to Play,Strategy",0,0,0
1678860,"Casual,Indie,Strategy",47,46,1
1766390,"Casual,Indie,Strategy",302,260,42
1540910,"Casual,Indie,Strategy",15,11,4
654000,"Action,Casual,Indie",4,4,0
1595270,"Adventure,Indie,Simulation",3,0,3
1508220,"Adventure,Indie,RPG",3,3,0
1608730,"Adventure,Indie,RPG,Early Access",0,0,0
1831150,"Indie,Racing",1,1,0
612240,"Action,Free to Play,Massively Multiplayer,Simulation",0,0,0
582550,"Casual,Indie,Simulation",2138,1847,291
1296430,"Action,Adventure,Casual,Indie,RPG",6,5,1
559610,"Sexual Content,Casual,Indie",641,592,49
1768620,"Casual,Free to Play,Massively Multiplayer,Simulation,Strategy",0,0,0
874780,"Action,Casual",2,1,1
1033170,"Indie,RPG,Strategy",90,66,24
1995600,Casual,4,4,0
1578300,"Action,Casual,Indie,Racing,Simulation,Sports",1,1,0
1597260,"Adventure,Indie",5,1,4
582990,"Action,Indie",21,15,6
1228730,"Casual,Indie",3,2,1
1590020,"Action,Free to Play,Indie",0,0,0
1966740,"Indie,Strategy",0,0,0
1068300,"Free to Play,Simulation",0,0,0
517280,"Action,Adventure,Early Access",4,3,1
1004600,"Adventure,Casual,Indie",1,1,0
1204630,"Action,Casual,Indie",8,8,0
1401880,"Casual,Racing",14,14,0
1375510,"Casual,Indie",1,1,0
1856740,"Free to Play,Massively Multiplayer,Strategy,Early Access",0,0,0
1999540,"Casual,Indie",1,1,0
1690740,"Casual,Indie",0,0,0
511600,Indie,8,5,3
625740,"Action,Indie",77,75,2
1600870,"Action,Casual,Indie",8,8,0
1508950,"Action,Adventure,Casual,Indie,RPG,Simulation",122,102,20
277270,"Adventure,Casual",57,36,21
1065890,"Casual,Indie,Strategy",4,3,1
1764790,Action,0,0,0
600370,"Adventure,Indie",751,726,25
508730,"Action,Adventure,Indie",8,5,3
1042230,"Action,Indie,Early Access",0,0,0
517160,"Casual,Indie,Simulation",429,350,79
1399270,"Action,Indie,RPG",3,2,1
2055790,"Action,Free to Play",0,0,0
1525970,Indie,6,6,0
625940,"Action,Adventure,Casual,Indie,Simulation",17,16,1
1270970,"Action,Adventure,Casual,Indie,Massively Multiplayer,Racing,RPG,Sports,Early Access",0,0,0
480490,"Action,Adventure",15235,13875,1360
1076410,"Action,Indie,Racing,Simulation,Sports,Early Access",4,0,4
1963000,"Casual,Free to Play,Indie",0,0,0
1046790,"Adventure,Indie",122,115,7
1216230,"Indie,Early Access",154,140,14
24670,Simulation,682,514,168
1143350,"Action,Indie",20,18,2
1344450,"Casual,Indie,Simulation",3,3,0
1792290,Simulation,3,1,2
1524580,"Action,Indie",2,2,0
1418800,"Animation & Modeling,Audio Production,Design & Illustration,Education,Software Training,Utilities,Video Production",95,82,13
792680,"Action,Indie",5,4,1
1042020,"Indie,RPG",27,9,18
1179690,"Action,Adventure,Casual,Indie,RPG,Strategy",0,0,0
1782210,"Action,Casual,Free to Play,Indie,Racing",0,0,0
1411710,"Casual,Indie",0,0,0
1782000,"Indie,RPG",0,0,0
1791300,"Action,Adventure,Casual,Indie,RPG",0,0,0
1938410,"Casual,Indie,Sports",3,1,2
1132030,"Action,Adventure,Casual,Indie,Simulation",31,23,8
992880,"Action,Indie",1,1,0
1059240,"Action,Adventure,Indie",7,3,4
954280,"Action,Adventure,Casual,Indie,RPG,Simulation,Strategy,Utilities,Early Access",96,91,5
1912480,"Action,Adventure,Indie",9,4,5
364050,"Action,Adventure,Indie",211,110,101
771820,"Adventure,Casual,RPG,Strategy",3,1,2
556000,"Adventure,Casual,Indie",4,0,4
1360260,"Adventure,Casual,Indie,Early Access",1,1,0
535190,Simulation,14,13,1
367040,"Action,Indie",4,1,3
365330,"Action,Indie",36,28,8
684060,"Adventure,Indie,RPG",15,13,2
1492310,Action,26,16,10
1643600,"Action,Adventure,Indie",5,3,2
447940,"Adventure,Indie,Early Access",4,0,4
2062270,"Adventure,Indie",0,0,0
1192640,"Casual,RPG",720,682,38
1020730,"Indie,RPG",232,207,25
1867480,"Action,Adventure,Indie",11,9,2
1298850,"Adventure,Indie",2,1,1
1793210,"Casual,Indie",0,0,0
1312190,"Indie,RPG,Simulation,Strategy",0,0,0
872590,"Adventure,Indie,RPG",0,0,0
974450,"RPG,Simulation",2,2,0
705770,"Indie,RPG,Early Access",10,10,0
2076910,Action,0,0,0
626730,"Casual,Indie,Early Access",4,2,2
1777840,Simulation,0,0,0
1240230,"Racing,Simulation,Sports",174,155,19
1315270,"Action,Casual,Indie,Simulation",36,35,1
1189520,"Casual,Indie,Sports",6,5,1
560960,"Casual,Indie",2,1,1
1290680,"Action,Indie,Sports",2,2,0
283600,"Casual,Indie,Simulation",52,35,17
606330,"Action,Adventure,Casual,Indie",61,50,11
1024600,"Indie,Simulation,Sports",6,1,5
944120,"Action,Adventure,Free to Play,Indie,RPG,Early Access",0,0,0
1085820,Indie,2,1,1
388320,"Action,Adventure,Indie",575,443,132
795490,"Action,Indie",6,2,4
316320,"Action,Adventure,Racing",18,10,8
1951880,"Casual,Indie",2,1,1
1753270,"Action,Adventure,RPG,Early Access",1,1,0
729310,"Indie,Simulation,Sports,Strategy",11,5,6
1669120,"Action,Adventure,Casual,Indie",1,0,1
957140,"Adventure,RPG,Early Access",0,0,0
695880,"Adventure,Casual,Indie,Strategy",1,1,0
227300,"Indie,Simulation",79628,77796,1832
356130,"Free to Play,Indie,Massively Multiplayer,Strategy",3,2,1
658400,"Casual,Simulation,Sports,Strategy",6,6,0
1125910,"Adventure,Indie",130,117,13
348980,"Action,Adventure,Casual,Indie,Strategy",8,2,6
1114340,Adventure,0,0,0
370060,"Casual,Indie,Simulation,Strategy,Early Access",354,302,52
914510,"Free to Play,Indie",0,0,0
1715160,"Adventure,Indie",20,20,0
960320,"Free to Play,Indie",0,0,0
1011370,"Adventure,Indie",1,0,1
623570,"Action,Casual,Indie,Simulation,Sports",13,8,5
1084990,"Adventure,Indie",78,58,20
732440,"Action,Indie,Early Access",0,0,0
1008610,"Action,Casual,Indie,Strategy",2,0,2
1603960,"Action,Indie,Racing",4,4,0
1002000,"Action,Indie",7,6,1
1836280,"Action,Adventure,Casual,Indie",7,7,0
450220,Action,20,19,1
1565670,"Indie,Strategy",94,79,15
1910400,"Adventure,Casual,Indie,RPG,Strategy",1,0,1
57690,"Simulation,Strategy",4538,4146,392
958320,"Action,Adventure,Indie,RPG,Strategy",103,64,39
1011760,"Indie,RPG,Strategy",2,1,1
818890,"Action,Adventure,Casual,Indie,Strategy",0,0,0
765650,"Casual,Free to Play",0,0,0
760990,"Action,Indie,RPG",12,7,5
1348700,Casual,94,87,7
646460,"Action,Indie,Simulation,Strategy",6,5,1
1531030,"Adventure,Indie",1,1,0
1212020,"Adventure,Indie,RPG",268,222,46
953700,"Adventure,Casual,Indie,RPG,Simulation,Strategy",1,1,0
1109980,"Action,Adventure",3,0,3
1234120,"Action,Indie,RPG",7,2,5
921520,"Casual,Indie,Simulation",4,3,1
804350,"Adventure,Casual,Indie",29,23,6
319540,"Indie,RPG,Strategy",177,74,103
1124380,"Action,Indie,RPG",1,1,0
372720,Indie,12,7,5
727020,Indie,29,28,1
1961300,"Adventure,Casual,Indie",50,45,5
774811,"Action,Adventure,Indie",482,326,156
800710,"Action,Indie,RPG,Simulation",0,0,0
1174670,"Action,Adventure,Indie,Strategy",25,21,4
1464620,"Action,Adventure,Indie,Early Access",0,0,0
380690,"Action,Indie",10,8,2
1318730,"Adventure,Casual,Indie",0,0,0
1487750,"Action,Indie,Early Access",0,0,0
63940,Strategy,419,233,186
1382320,"Action,Adventure,Casual,Indie",132,127,5
1426570,"Adventure,Indie,RPG",0,0,0
415400,"Casual,Indie",66,50,16
1373350,"Action,Adventure,Free to Play,Indie,Massively Multiplayer,RPG",0,0,0
567160,"Casual,Strategy",49,47,2
1736000,"Adventure,Casual,Strategy",0,0,0
316700,"Sports,Strategy",50,5,45
1659070,"Audio Production,Design & Illustration,Education,Photo Editing,Software Training,Utilities,Video Production,Web Publishing,Game Development",1,0,1
1776490,Casual,3,3,0
362740,Adventure,7,6,1
354040,"Action,Casual,Indie,Racing",2,2,0
1533580,"Action,Casual,Indie,Strategy",0,0,0
359060,"Action,Indie,Racing",13,4,9
871710,"Action,Indie,Strategy",12,7,5
12650,"Casual,Simulation",2,0,2
693080,"Casual,Indie",0,0,0
1378940,"Adventure,Casual,Indie,RPG",30,28,2
1347710,"Adventure,Indie,RPG",0,0,0
1827550,"Adventure,Casual",0,0,0
1524250,"Adventure,Simulation",193,184,9
1473050,"Adventure,Casual,Indie",166,160,6
889530,"Action,Indie",0,0,0
773570,"Action,Casual,Indie,Sports",2,1,1
40340,Adventure,59,44,15
990750,"Indie,Strategy,Early Access",6,5,1
589290,"Action,Indie,Massively Multiplayer,Simulation,Strategy",12956,11826,1130
1727750,"Strategy,Early Access",1,0,1
1682520,Casual,0,0,0
578720,"Casual,Indie",515,367,148
311260,"RPG,Simulation,Strategy",2077,1280,797
1646580,"Action,Adventure,Early Access",45,36,9
528300,"Adventure,Indie",54,36,18
341700,"Indie,RPG,Simulation",39,26,13
1830270,"Adventure,Casual,Indie,RPG",3,3,0
1126230,"Adventure,Casual,Indie",0,0,0
1054370,"Action,Adventure,Casual,Indie,Massively Multiplayer,Simulation,Strategy,Early Access",4,3,1
940140,"Action,Indie",8,8,0
453510,"Action,Indie",6,6,0
915860,"Action,Adventure,Indie",1,1,0
643880,"Action,Adventure,Casual,Indie",300,276,24
558320,"Adventure,Indie",27,22,5
796620,"Action,Adventure,Indie,RPG",39,23,16
222660,"Action,Indie",153,133,20
423950,"Action,Adventure",177,112,65
965120,"Indie,Strategy,Early Access",1,0,1
1729290,"Action,Casual,Free to Play,Early Access",0,0,0
1808730,"Action,Adventure,Casual,Indie,Simulation,Strategy,Early Access",30,29,1
1141270,"Adventure,Casual,Indie,RPG",17,16,1
341690,"Adventure,Indie",18,9,9
700910,"Violent,Gore,Strategy",2,2,0
1378870,"Indie,Strategy",3,2,1
1644650,"Action,Adventure,Indie,Simulation,Strategy",5,3,2
1362780,"Indie,Strategy",16,15,1
232050,"Indie,RPG,Strategy",776,462,314
596620,"Action,Racing",36,31,5
465970,"Casual,Strategy",5,5,0
1293980,Indie,4,2,2
1550100,"Action,Adventure,Indie,RPG",1,1,0
1572170,"Action,Casual,Indie",5,5,0
1538640,"Action,Indie",2,1,1
710190,"Casual,Indie",4,2,2
1210790,"Action,Adventure,Casual,Indie,Racing,Simulation",2,2,0
849176,"Action,Adventure",0,0,0
1102700,"Action,Casual,Indie",8,7,1
1073810,"Adventure,Casual,Indie",58,56,2
946610,"Action,Indie,RPG,Early Access",60,51,9
314220,"Action,Indie",41,24,17
892170,"Free to Play,Simulation,Animation & Modeling,Design & Illustration,Game Development",0,0,0
1533280,"Free to Play,Indie",0,0,0
858820,"Action,Adventure,Indie,RPG",4811,3637,1174
937940,"Action,RPG",56,40,16
1551010,"Casual,Indie,Simulation",6,6,0
1902240,"Action,Adventure,Casual,Indie",5,5,0
403190,"Indie,Simulation,Strategy",4690,3596,1094
1483570,"Adventure,Casual",17,14,3
393800,"Action,Adventure,Casual,Indie,RPG,Simulation,Strategy,Early Access",51,31,20
1464930,"Casual,Indie",70,62,8
1135370,"Action,Indie",9,7,2
1680070,"Casual,Indie",2,1,1
424100,Simulation,5,5,0
1095870,Casual,1,1,0
811800,Utilities,0,0,0
1094930,"Action,Casual,Indie",6,6,0
1540600,"Casual,Simulation,Strategy",1,1,0
1200300,"Casual,Indie",2,2,0
1369370,"Simulation,Strategy",320,272,48
1812930,"Action,Adventure,Indie,RPG,Simulation",10,8,2
1202730,"Casual,Indie,Simulation,Strategy",4,4,0
965580,"Indie,Simulation,Strategy",1403,1318,85
1632260,"Casual,Strategy",0,0,0
349550,"Adventure,Casual,Indie,RPG",43,28,15
869280,"Casual,Indie,Simulation,Strategy",8,1,7
1067700,"RPG,Early Access",1,0,1
1116430,"Action,Casual,Indie,Strategy",30,27,3
1385650,"Indie,Simulation",67,45,22
1622690,Action,0,0,0
1526340,"Adventure,Free to Play,Indie",0,0,0
431840,"Adventure,Indie,RPG",70,48,22
1901050,"Action,Adventure,Casual,Indie,RPG,Early Access",1,1,0
238960,"Action,Adventure,Free to Play,Indie,Massively Multiplayer,RPG",569,522,47
1028110,"Casual,Strategy",12,7,5
516410,"Action,Casual,Indie,Sports",2,2,0
1673580,"Action,Adventure,Indie",1,1,0
359040,"Adventure,Indie",241,217,24
2067970,"Adventure,Indie,Simulation",0,0,0
941050,"Adventure,Casual",1,1,0
866730,"Adventure,Casual",3,3,0
413150,"Indie,RPG,Simulation",220126,217730,2396
1221430,"Adventure,Casual,Indie,RPG,Simulation",0,0,0
971500,"Action,Casual,Indie",17,16,1
1438260,"Adventure,Casual,Indie,Simulation",10,10,0
668680,"Casual,Indie,RPG",4,3,1
448750,"Action,Adventure,Casual,Indie,RPG,Strategy",9,5,4
1247460,"Action,Adventure,Casual,Indie,RPG",2,2,0
740550,"RPG,Strategy",47,29,18
1120240,"Action,Adventure,Casual,Indie",7,6,1
1150620,"Action,Casual,Simulation",49,38,11
1831970,"Casual,Indie",1,0,1
895420,"Adventure,Casual",68,64,4
465310,Indie,21,19,2
1872130,"Casual,Strategy",2,1,1
1258870,"Action,Adventure,Free to Play,Massively Multiplayer,RPG",0,0,0
777020,"Casual,Indie",11,10,1
1775400,"Animation & Modeling,Game Development",16,16,0
1579450,"Adventure,Casual,Indie",1,0,1
555260,"Action,Adventure,Indie",11,3,8
1942920,"Action,Adventure,Indie,RPG,Early Access",0,0,0
639190,"Casual,Animation & Modeling,Video Production",0,0,0
1899270,"Action,Adventure,Indie",3,3,0
856640,"Education,Software Training,Early Access",0,0,0
498500,"Action,Adventure,Indie,RPG",96,67,29
1461920,RPG,6,6,0
1330630,"Adventure,Casual,Indie",13,13,0
1593500,"Action,Adventure,RPG",20279,19771,508
1776540,"Casual,Indie",6,5,1
841260,"Casual,Strategy,Early Access",11,4,7
1629150,"Action,Adventure,Indie",0,0,0
329620,Strategy,20,14,6
1577420,"Casual,Free to Play,Indie",0,0,0
1207420,"Action,Casual,Indie,Simulation",3,3,0
500710,"Action,Adventure,Free to Play,Indie,Massively Multiplayer,RPG",151,78,73
1246320,"Action,Indie,Simulation",1,1,0
1587710,"Casual,Indie,Simulation",162,160,2
1305820,"Adventure,Indie",26,23,3
1067060,"Action,Adventure,Casual,Indie",3,2,1
361850,"Adventure,Casual",129,118,11
2068460,"Free to Play,Indie,Strategy",0,0,0
803520,"Casual,Indie",0,0,0
1325420,"Action,Adventure,Casual",1,1,0
1024650,"Simulation,Strategy",401,237,164
642560,"Casual,Indie,Strategy",236,219,17
568750,"Adventure,Casual,Indie,RPG,Simulation,Strategy",154,118,36
379760,Indie,26,23,3
1831780,"Action,Indie",2,2,0
1756960,"Adventure,Indie,RPG",0,0,0
809680,"Adventure,Casual,Indie",17,17,0
649600,RPG,207,145,62
288860,"Adventure,Indie,RPG",49,24,25
878350,"Casual,Indie,RPG,Strategy",13,9,4
3590,Strategy,23473,22989,484
814360,"Adventure,Indie",55,54,1
327520,"Action,Adventure,Indie",54,36,18
1214150,Action,2,1,1
1336800,Action,0,0,0
1498120,"Adventure,Casual,Indie",75,44,31
1346270,"Casual,Indie,RPG,Simulation",11,8,3
1302930,"Simulation,Sports,Strategy",74,48,26
1954050,"Indie,RPG",3,2,1
772440,"Casual,Indie,Strategy",2,0,2
1554510,"Casual,Indie",0,0,0
1413870,"Action,Adventure",477,458,19
552390,"Adventure,Indie",48,29,19
1854980,"Adventure,Casual",1,1,0
607690,Utilities,4,0,4
1659400,"Adventure,Early Access",0,0,0
1785700,"Adventure,Indie",4,4,0
853830,"Casual,Simulation",1,1,0
4570,Strategy,3529,3372,157
492160,"Casual,Simulation",15,9,6
873940,"Indie,Strategy",1490,1274,216
1672140,"Action,Casual,Indie,Strategy,Early Access",404,383,21
873370,Action,0,0,0
690550,"Action,Indie",16,15,1
1951030,"Action,Casual,Indie",0,0,0
777850,"Casual,Indie,Strategy,Early Access",1,0,1
1925760,"Adventure,Casual,Free to Play,Indie",0,0,0
1247950,"Action,Adventure,Indie,RPG",2,0,2
467790,"Action,Indie",3,2,1
305500,"Action,Indie,RPG",34,19,15
1352730,"Action,Indie,Early Access",1,0,1
1740120,"Casual,Free to Play,Indie",0,0,0
1513090,"Adventure,Casual,Indie,RPG,Simulation,Strategy",3,3,0
382130,Action,33,22,11
1593640,"Action,RPG,Strategy",0,0,0
1108350,"Action,Indie",110,97,13
1822140,Indie,5,4,1
1206490,"Simulation,Sports,Early Access",31,16,15
200080,Adventure,238,187,51
660390,"Indie,Sports",0,0,0
1862220,"Casual,Strategy",0,0,0
299500,"Casual,Sports",196,121,75
1513180,"Casual,Free to Play,Massively Multiplayer",0,0,0
1961040,"Action,Adventure,Casual,Indie,RPG,Early Access",1,1,0
567210,"Adventure,Casual,Indie,Strategy",7,7,0
248490,"Adventure,Casual,Indie",80,35,45
496820,"Adventure,Indie,Early Access",5,2,3
766010,"Action,Adventure,Indie",1,1,0
396790,"Casual,Indie",299,219,80
1148730,"Adventure,Indie,Early Access",42,33,9
1651680,"Indie,Early Access",16,15,1
1297160,Indie,850,830,20
2070210,"Casual,Indie,Simulation,Strategy,Early Access",2,1,1
1848650,"Indie,Early Access",0,0,0
846210,"Adventure,Indie,RPG",0,0,0
688790,"Action,Casual,Indie",3,3,0
1397240,"Adventure,Casual,Indie",28,27,1
1049070,"Casual,Indie",14,11,3
1213640,"Adventure,Indie",9,5,4
1076450,"Action,Adventure,Casual,Indie,Strategy,Early Access",1,1,0
385810,Strategy,3,1,2
536510,"Indie,Simulation,Strategy",9,4,5
1600960,"Adventure,Casual,Indie,Strategy",1,0,1
57300,"Action,Adventure,Indie",10591,10174,417
1515460,"Casual,Indie,Simulation,Strategy",67,43,24
950950,"Action,Adventure,Indie",2,0,2
1753890,"Action,Adventure,Casual,Indie",0,0,0
1175500,"Action,Adventure,Indie,Simulation",1,0,1
1070250,"Casual,Indie",10,9,1
366842,"Action,Adventure",0,0,0
694140,"Action,Indie",5,3,2
395170,"Adventure,Casual,Indie",1002,901,101
1251060,"Action,Adventure,Free to Play,Indie",0,0,0
1001870,"Action,Casual,Indie",0,0,0
46200,"Action,Racing",23,11,12
1548860,"Action,Adventure,Free to Play,Indie,Simulation",0,0,0
759220,"Action,Adventure,Indie",19,18,1
983170,"Casual,Indie,Simulation",3,2,1
1346800,"Action,Casual,Indie",11,11,0
1010970,"Indie,Simulation",43,40,3
296730,"Action,Adventure,Indie",81,57,24
1376020,"Indie,Strategy",0,0,0
1364350,"Action,Casual,Indie",0,0,0
1476520,"Action,Adventure,Casual,Indie",78,47,31
1448840,"Action,Casual,Indie",7,7,0
1200930,"Indie,Simulation",1,0,1
1341440,"Casual,Indie,Simulation,Strategy",0,0,0
1051280,"Casual,Indie",0,0,0
1286360,Indie,2,2,0
561690,"Action,Adventure,Indie",2,0,2
1768270,"Action,Adventure,Indie,RPG,Early Access",24,24,0
791770,"Action,Adventure,Indie,Simulation,Early Access",97,88,9
2004300,Strategy,0,0,0
543380,"Indie,RPG",7,4,3
1575230,Casual,3,2,1
520600,"Adventure,Casual,Indie,RPG,Simulation",138,111,27
652930,"Violent,Gore,Action,Adventure,Casual,Indie,Simulation,Strategy,Video Production",0,0,0
1101400,"Action,Indie,RPG,Early Access",145,119,26
1168870,"Action,Indie,RPG",138,89,49
1598490,"Adventure,Casual",0,0,0
1778870,"Adventure,Casual,Indie",31,31,0
837430,"Action,Adventure,Racing,Simulation",23,8,15
1167270,"Action,Casual,Indie",1,0,1
261570,Action,12571,12054,517
694160,"Action,Adventure,Indie,Simulation,Early Access",0,0,0
1233240,"Adventure,Casual,Indie",1,1,0
570970,"Action,Casual,Indie",80,51,29
339510,"Indie,RPG",121,95,26
1400920,"Action,Indie",1,1,0
1288550,"Action,Casual,Indie,Sports",1,1,0
1382180,"Indie,Simulation",2,2,0
1803150,"Action,Indie",11,9,2
1299840,Adventure,15,12,3
1805250,Adventure,0,0,0
982750,"Casual,Indie",2,2,0
796760,"Adventure,Indie,Strategy",1,1,0
833110,"Action,Indie,Strategy",6,4,2
1506710,"Adventure,Indie,RPG",1,1,0
1692010,Indie,1,1,0
1564590,"Casual,Indie",6,5,1
522690,Adventure,15,7,8
865310,"Action,Adventure,Casual,Indie,Racing,Simulation,Sports",13,5,8
1625520,"Adventure,Casual,Indie,RPG",21,20,1
1166350,"Adventure,Casual,Indie,Strategy",2,0,2
1312310,"Action,Adventure,Free to Play,Indie",0,0,0
978340,"Action,Casual,Indie",5,4,1
1377370,"Action,Casual,Free to Play,Indie,RPG,Sports",0,0,0
1285670,"Action,Indie",4920,4830,90
1451110,"Action,Free to Play,Indie,Early Access",0,0,0
530350,"Action,Indie",288,266,22
566640,"Action,Casual,Indie,Strategy",0,0,0
553960,"Action,Adventure,Indie",36,19,17
552240,"Casual,Simulation,Strategy",1,1,0
502230,"Casual,Indie,RPG,Strategy",120,110,10
874090,"Adventure,Simulation",2,2,0
274480,"Action,Indie,RPG",226,198,28
514010,"Casual,Simulation,Sports,Strategy",20,14,6
454370,"Action,Adventure,Indie,RPG,Early Access",6,3,3
1142300,"Action,Casual,Indie",8,8,0
1151340,RPG,19059,14886,4173
791490,"Action,Indie,Strategy",1,1,0
397320,"Action,Strategy",15,5,10
1543690,RPG,1,1,0
2055270,"Indie,Strategy",13,8,5
469650,Utilities,1,0,1
884080,"Action,Adventure,Casual,Indie",2,2,0
1500220,"Adventure,Casual,Indie",0,0,0
1503440,"Free to Play,Indie,Massively Multiplayer,RPG,Early Access",0,0,0
1918110,"Casual,Indie",0,0,0
710710,"Casual,Indie,Simulation",243,241,2
1416430,"Adventure,Casual,Strategy",2,2,0
677280,"Action,Casual,Indie",22,18,4
1268380,"Adventure,RPG",15,12,3
807570,"Indie,Early Access",0,0,0
780270,"Action,Casual,Indie,Early Access",10,10,0
4520,"Action,Strategy",107,76,31
1453250,"Casual,Indie,Simulation",4,4,0
39000,"Adventure,Simulation,Strategy",143,122,21
1492230,"Action,Indie,Massively Multiplayer,Racing,Simulation,Sports,Early Access",3,2,1
516130,"Action,Indie",138,105,33
625580,"Action,Indie,RPG,Strategy,Early Access",0,0,0
640080,"Animation & Modeling,Design & Illustration,Early Access",0,0,0
219780,RPG,1359,1077,282
1870410,"Action,Adventure,Indie",8,5,3
1935490,Casual,19,19,0
1566740,"Action,Adventure,Indie",4,2,2
1499450,"Adventure,Indie",0,0,0
1131900,Adventure,46,43,3
1287850,"Casual,Indie,Strategy",0,0,0
1313090,"Action,Free to Play,Indie,Massively Multiplayer,Early Access",0,0,0
1575330,"Action,Casual,Free to Play,Indie",0,0,0
421900,"Indie,RPG,Strategy",38,18,20
1328190,"Free to Play,Indie,Massively Multiplayer,Strategy",0,0,0
1091540,Action,0,0,0
1648300,"Free to Play,Simulation",0,0,0
1067560,"Action,Indie,Simulation,Sports",6,2,4
1265870,"Adventure,Casual,Indie",25,20,5
1398170,"Action,Adventure,Free to Play,Indie",0,0,0
913650,"Action,Casual,Indie",8,5,3
888060,Audio Production,0,0,0
993790,"Indie,RPG,Strategy",277,256,21
1431210,"Action,Adventure,Casual,Indie,RPG,Strategy",4,3,1
1460530,Action,1,1,0
576320,"Casual,Indie,Simulation,Strategy",28,12,16
1160020,"Action,Adventure,Indie,RPG",27,25,2
1773990,"Action,Casual,Indie,Strategy",2,2,0
963510,"Action,Adventure,Casual,Indie,Early Access",0,0,0
1344350,"Action,Adventure,Free to Play,Indie",0,0,0
510730,"Action,Indie",1,0,1
865750,"Indie,RPG",1,1,0
618590,Action,10,9,1
753240,"Adventure,Indie,RPG,Strategy",3,1,2
1515900,"Action,Adventure,Indie,RPG",75,71,4
791040,"Education,Utilities",0,0,0
1005340,"Casual,Free to Play,Indie,Strategy,Early Access",0,0,0
786800,"Casual,Indie",2,2,0
1156290,Simulation,0,0,0
1530340,"Adventure,Free to Play,RPG,Strategy",1,1,0
1531780,"Casual,Indie,Early Access",2,2,0
1083880,"Action,Adventure,Indie,RPG,Early Access",1120,996,124
1164760,"Action,Indie",0,0,0
1823860,Indie,1,0,1
404660,"Action,Indie",7,4,3
1364390,"Animation & Modeling,Video Production",0,0,0
662990,"Action,Adventure,Indie,RPG",1,1,0
1030730,Simulation,0,0,0
951820,"Action,Adventure,Indie,RPG,Early Access",28,25,3
1160040,"Indie,Simulation,Strategy,Early Access",3,3,0
415610,Adventure,60,44,16
1977280,"Casual,Indie,Racing,Simulation",6,4,2
1368820,"Simulation,Strategy",695,583,112
1362650,"Action,Adventure,Casual,Indie,Racing",9,9,0
1304420,"Action,Indie",39,38,1
1108550,"Casual,Strategy",12,9,3
1325800,"Casual,Indie,Strategy",109,72,37
676770,"Adventure,Casual,Free to Play,Indie",0,0,0
1653040,"Action,Casual,Indie",0,0,0
1488110,"Adventure,Casual,Indie",1,1,0
459020,"Adventure,Indie,RPG,Simulation",33,18,15
390560,"Action,Casual,Free to Play,Indie",388,336,52
1534810,"Action,Casual,Indie,Racing,Simulation,Sports",1,0,1
1563180,"Action,Adventure,Casual,Indie,Simulation,Strategy",1246,888,358
310390,"Simulation,Strategy",80,69,11
1103330,"Adventure,Casual,Indie,Strategy,Early Access",0,0,0
446240,"Casual,Indie,RPG,Simulation",17,11,6
324390,"Action,Adventure,Indie",2,2,0
1339620,"Casual,Indie,Racing,Simulation,Sports",11,10,1
690810,Action,400,211,189
811690,"Action,Casual,Indie,Racing,Simulation,Sports,Strategy",0,0,0
501190,"Simulation,Sports",77,51,26
1113110,"Action,Adventure,Casual,Indie",2,1,1
619080,"Action,Adventure,Free to Play",1080,284,796
444770,"Adventure,Indie",54,47,7
4300,"Action,Indie",24,18,6
646820,"Free to Play,Massively Multiplayer,RPG,Strategy",0,0,0
1534770,"Casual,Indie",4,2,2
906930,"Action,Casual,Indie,Early Access",116,69,47
1781330,"Adventure,Casual,Indie",0,0,0
330520,"Indie,Racing,Sports,Early Access",1,0,1
681790,"Casual,Sports",10,9,1
1604320,"Action,Casual,Indie",0,0,0
1462940,"Action,Adventure",0,0,0
1091940,"Casual,Indie,RPG,Simulation,Strategy",31,21,10
1233040,"Strategy,Early Access",2,1,1
1098100,"Action,Casual,Indie,Sports",98,73,25
403860,"Action,Adventure,Indie",67,24,43
1413680,"Adventure,Indie,Simulation",45,29,16
1111370,"Casual,Indie",597,593,4
1849210,"Strategy,Early Access",0,0,0
1914270,"Action,Casual,Indie",1,1,0
779960,"Indie,Simulation,Audio Production,Education,Software Training,Utilities,Game Development,Early Access",26,18,8
1016660,"Action,Adventure,RPG,Early Access",6,5,1
515230,"Casual,Free to Play,Indie,Simulation,Strategy",0,0,0
808580,"Free to Play,Indie",2,2,0
1460700,Indie,6,2,4
1260340,"Adventure,Indie,Early Access",0,0,0
603020,"Action,Indie,RPG",176,132,44
921970,"Action,Adventure,Indie,RPG",42,9,33
1204940,"Action,Indie",19,19,0
1078970,Indie,0,0,0
1191190,"Adventure,Casual,Indie,Simulation,Sports,Strategy",3,3,0
1378330,Indie,6,6,0
1883950,RPG,0,0,0
585450,"Action,RPG",696,560,136
519980,"Casual,Indie,Simulation,Strategy",13,9,4
1296280,"Adventure,Casual,Indie,Simulation,Strategy",0,0,0
772060,"Adventure,Indie",6,4,2
396650,"Action,Adventure,Indie,RPG,Simulation,Sports",1212,1158,54
654570,"Casual,Indie",8,5,3
1388140,"Action,Adventure,Indie",3,1,2
212050,"Adventure,Indie",303,271,32
1862070,"Action,Free to Play,Indie",0,0,0
1729060,"Action,Casual,Indie",2,0,2
1680250,"Casual,Indie,Simulation,Strategy",8,6,2
717440,Casual,0,0,0
979080,"Action,Free to Play,Indie",0,0,0
350620,"Action,Adventure,Indie",31,25,6
730120,"Casual,Indie,Simulation,Strategy",7,5,2
1486270,"Action,Casual,Free to Play",0,0,0
1287920,Strategy,157,107,50
1473540,"Action,Adventure,Indie",2,2,0
779840,Adventure,1,0,1
1976850,"Adventure,Casual,Indie,RPG,Strategy,Early Access",0,0,0
1135880,"Action,Casual,Indie,Sports,Strategy,Early Access",0,0,0
911520,"Action,Casual,Indie,Racing,Simulation,Early Access",23,22,1
1109410,Free to Play,0,0,0
1334800,"Action,Free to Play,Indie",0,0,0
333340,"Action,Adventure,Casual,Indie,Racing,RPG,Simulation,Early Access",94,31,63
1035700,"Casual,Indie,Simulation",8,7,1
1086050,"Casual,Indie,Simulation",0,0,0
719410,"Action,Casual,Indie,Simulation,Sports",13,7,6
1358860,"Action,Free to Play,Sports",0,0,0
1167540,"Action,Adventure,Casual,Indie,RPG",4,2,2
1557420,"Action,Simulation,Strategy,Early Access",124,100,24
1656890,"Indie,Racing",0,0,0
1056050,RPG,16,6,10
2780,Action,119,87,32
60800,RPG,90,42,48
566420,"Adventure,Strategy",6,3,3
38400,RPG,6497,6128,369
629650,Adventure,71,62,9
1067020,"Casual,Indie,Sports",113,100,13
892830,"Action,Casual,Indie",11,11,0
1186340,"Action,Casual,Indie",6,6,0
2072040,"Adventure,Indie",6,6,0
1838790,Indie,9,8,1
1690040,"Action,Casual,Indie,Simulation",1,0,1
1102000,"Action,Casual,Indie",1,1,0
1460480,"Casual,Simulation",3,3,0
421630,"Indie,RPG",141,136,5
1098000,"Adventure,Indie,RPG,Simulation,Strategy",6,5,1
679780,"Action,Adventure,Indie,RPG",1,0,1
980800,"Action,Indie",2,2,0
489900,Casual,1,0,1
1189800,Action,746,517,229
1095590,"Action,Indie",0,0,0
371360,"Indie,RPG,Strategy",15,2,13
314300,"Action,Adventure,Casual,Indie,Early Access",3,1,2
453100,"Action,Casual,Indie",78,66,12
1295760,Indie,10,9,1
1196570,"Adventure,Casual,Indie,Strategy",3,2,1
1218480,"Action,Adventure,Indie,Early Access",3,3,0
489460,"Action,Adventure,Indie,Simulation,Strategy,Early Access",321,192,129
310640,Simulation,15,3,12
1961790,"Casual,Free to Play,Strategy",0,0,0
1693360,"Action,Indie",0,0,0
1646660,"Casual,Strategy",0,0,0
1260470,"Action,Casual,Free to Play,Racing,Simulation,Early Access",0,0,0
333990,"Indie,RPG",54,42,12
619330,"Indie,Simulation",8,4,4
211180,"Adventure,Casual,Indie",180,162,18
1565910,"Action,Adventure,Casual,Indie,RPG,Simulation",7,1,6
370350,"Indie,Simulation,Early Access",72,27,45
1017100,"Free to Play,Indie,Strategy",0,0,0
514310,Casual,371,342,29
317040,"Action,RPG",310,286,24
2088180,"Action,Free to Play,Massively Multiplayer,RPG",0,0,0
1732140,Casual,11,11,0
1365140,"Casual,Indie,Simulation",1,0,1
327090,"Action,Adventure,Indie,Massively Multiplayer,RPG,Simulation",1045,564,481
1769730,Adventure,0,0,0
1777730,"Action,Adventure,Indie,Strategy",3,1,2
956150,"Action,Casual",2,0,2
1611300,"Casual,Indie,Simulation,Strategy",75,67,8
1585530,"Action,Adventure,Simulation,Early Access",61,45,16
416290,"Action,Indie",30,11,19
391030,RPG,29,27,2
1077150,"Action,Adventure,Casual,Indie",0,0,0
1843730,"Action,Casual,RPG",27,23,4
537340,"Action,Casual,Indie,Racing",686,526,160
727110,"Adventure,Indie",8,3,5
1896660,Indie,0,0,0
418530,"Action,Indie",10415,9744,671
269850,"Action,Casual,Indie",13,13,0
451000,"Action,Indie",9,8,1
1636050,"Action,Indie",0,0,0
849000,"Casual,Indie,Simulation",6,5,1
491160,"Action,Casual",33,23,10
420020,Simulation,4,4,0
1753790,"Action,Adventure,Casual,Indie,RPG,Simulation",38,18,20
1274910,"Casual,Indie,Strategy",4,3,1
200990,"Strategy,RPG,Indie",31,30,1
1939350,"Casual,Indie,Massively Multiplayer,Early Access",2,1,1
1193330,"Casual,Indie",5,5,0
952200,"Action,Adventure,Indie",72,64,8
1142560,"Indie,RPG,Simulation,Strategy",0,0,0
1570680,"Action,Indie,RPG",4,4,0
942020,"Adventure,Indie,RPG,Simulation",4,4,0
1036950,"Casual,Free to Play,Indie,Strategy",19,19,0
105100,"Adventure,Casual,Indie",192,96,96
1090390,"Adventure,Casual,Indie",23,20,3
1198260,"Adventure,Casual,RPG,Simulation",0,0,0
235210,"Action,Adventure",1155,1000,155
637870,Casual,3,2,1
1298360,"Action,Adventure,Indie",1,1,0
1578710,"Indie,Strategy",1,1,0
647810,"Animation & Modeling,Design & Illustration,Game Development",12,10,2
1339920,"Action,Adventure,Casual,Indie,Strategy,Early Access",23,21,2
925570,"Action,Adventure,Indie,Simulation",221,141,80
204180,"Adventure,Indie,Strategy",736,604,132
434920,"Adventure,Casual,Indie,RPG",21,13,8
1174940,"Casual,Free to Play,Indie",0,0,0
911200,"Action,Adventure,Casual",5,1,4
386700,"Indie,Simulation,Strategy",103,77,26
762220,"Adventure,Casual,Indie",355,260,95
1782960,"Action,Adventure,Indie,Simulation",1,1,0
925040,"Action,Adventure,Casual,Indie,RPG,Simulation,Sports,Strategy",10,6,4
736280,"Animation & Modeling,Audio Production,Design & Illustration,Utilities,Video Production",10,5,5
917680,"Free to Play,Indie,Simulation",1,1,0
1440290,"Action,Indie",36,23,13
1086310,"Casual,Indie",8,2,6
1225550,"Indie,Simulation,Sports,Strategy",21,11,10
1076730,"Action,Indie,Massively Multiplayer,RPG,Early Access",0,0,0
36910,"Action,Casual,Indie,Simulation",12,2,10
1692310,Strategy,6,5,1
1713710,"Action,Casual,Indie",0,0,0
384680,"Adventure,Indie",148,126,22
940190,"Action,Indie",5,3,2
1066310,"Action,Free to Play,Indie,Sports",0,0,0
1444570,Strategy,0,0,0
249870,"Action,Adventure,Casual,Strategy",974,803,171
1767590,"Adventure,Strategy",1,1,0
1467360,"Action,Indie",0,0,0
1119010,"Action,Adventure,Indie",4,2,2
448710,"Action,Adventure,Casual,Indie,Racing,Sports",2,2,0
526920,"Action,Casual,Indie,Racing,Sports",5,3,2
743190,"Action,Casual,Free to Play,Indie",0,0,0
707060,"Action,Adventure,RPG",14,3,11
1038450,Adventure,754,406,348
1842930,"Action,Adventure,Indie",1,1,0
982830,"Education,Utilities",0,0,0
921730,"Action,Adventure,Indie",6,4,2
1392760,Casual,15,7,8
1496930,"Action,Indie,Simulation,Strategy,Early Access",2,2,0
1901030,"RPG,Strategy",6,5,1
1533370,"Action,Adventure,Indie",5,4,1
1592680,"Action,Adventure,Free to Play,Indie,Massively Multiplayer,Strategy",2,2,0
625960,"Adventure,Indie,RPG,Strategy,Early Access",6871,5068,1803
808100,Simulation,332,299,33
1988600,"Indie,RPG,Strategy,Early Access",10,8,2
1575860,"Casual,Sports",5,5,0
1352850,"Simulation,Strategy",323,231,92
1855340,"Action,Indie,Early Access",0,0,0
865990,"Racing,Early Access",3,2,1
784050,"Violent,Action,Casual,Indie,Early Access",39,29,10
352720,"Indie,Simulation,Strategy,Early Access",3281,2706,575
589740,"Action,Adventure,Indie,RPG",26,11,15
214730,"Action,Adventure,RPG,Simulation,Strategy",806,703,103
324140,"Action,Casual",97,82,15
1800890,RPG,0,0,0
782330,Action,94508,86063,8445
1544650,Indie,0,0,0
1676260,"Action,Adventure,RPG",2,1,1
929910,"Adventure,Indie,Strategy,Early Access",10,10,0
1492780,Adventure,2,2,0
1530760,"Adventure,Free to Play,Indie,Early Access",0,0,0
1873800,"Action,Adventure,RPG",10,10,0
1648330,"Education,Game Development",0,0,0
767460,"Indie,Strategy",24,20,4
1004560,"Indie,RPG",45,28,17
1177190,"Action,Adventure,Indie,RPG,Strategy",0,0,0
398170,"Indie,Simulation",272,227,45
1893150,"Action,Adventure,Indie",0,0,0
1065920,"Action,Adventure,Indie,RPG,Strategy",1,1,0
1205480,"Racing,Sports",118,86,32
344100,"Action,Adventure,Casual,Indie,RPG",6,3,3
1926800,Indie,15,15,0
1706640,"Casual,Indie",14,10,4
1141700,"Action,Adventure,Indie",0,0,0
631810,"Casual,Indie,Simulation",14,12,2
682590,"Action,Indie",15,12,3
1435480,"Action,Indie",12,9,3
1452770,"Adventure,Indie",7,7,0
650750,"Action,Strategy",34,25,9
1075850,Software Training,1,1,0
1818180,"Adventure,RPG,Simulation,Strategy,Early Access",45,43,2
50000,"Indie,Racing",138,131,7
1457710,"Adventure,Casual,Indie",4,4,0
444250,"Casual,Indie,Strategy",8,6,2
1158990,"Adventure,Indie",0,0,0
814010,"Action,Casual,Indie,Racing,Sports",0,0,0
787110,"Violent,Gore,Adventure,RPG",1,1,0
1443600,Casual,2,2,0
949090,"Action,Indie",0,0,0
1240690,"Casual,Indie",6,6,0
977110,"Action,Adventure,Casual,Indie,Strategy",3,2,1
1044450,"Casual,Indie",46,40,6
1527170,"Adventure,Casual,Indie,RPG",2,2,0
1831530,Simulation,24,14,10
787100,"Action,Adventure,Indie,Strategy",1,0,1
1285020,"Casual,Indie",43,42,1
446310,"Adventure,Indie,RPG",111,104,7
609420,"Action,Adventure,Indie",64,59,5
1424380,"Action,Casual,Indie",2,2,0
495760,"Adventure,Indie",12,9,3
1081850,"Action,Adventure,Indie",11,8,3
994190,"Casual,Free to Play,Indie",0,0,0
485590,"Action,Indie",3,2,1
604510,"Indie,RPG,Simulation,Strategy",45,40,5
1693150,"Action,Adventure,Indie",5,0,5
1355640,"Audio Production,Education,Software Training,Early Access",23,21,2
1274970,"Action,Racing",6,6,0
660030,"Casual,Indie",4,4,0
356370,"Free to Play,Sports",0,0,0
1220160,"Indie,Racing,Simulation",5,3,2
292060,Action,77,43,34
526730,Adventure,0,0,0
1346460,"Adventure,Indie,RPG,Strategy,Early Access",30,25,5
632300,"Adventure,Indie,RPG,Simulation",1496,1192,304
517210,"Action,Indie",21,17,4
1921120,"Adventure,Casual,Indie,Strategy",0,0,0
1249780,"Action,Adventure,Indie",20,10,10
1007970,"Action,Adventure,Indie,Early Access",6,0,6
1087820,"Action,Free to Play",0,0,0
349710,"Action,Casual,Indie",2,2,0
1184900,"Casual,Indie,Strategy",26,26,0
1976450,Indie,0,0,0
1612980,"Adventure,Casual,Indie,Simulation,Sports,Early Access",0,0,0
317620,"RPG,Strategy",488,361,127
376990,Software Training,3,2,1
614890,"Casual,Indie,Strategy",17,13,4
552940,"Action,Indie",1,1,0
2023810,"Casual,Indie,RPG,Simulation,Strategy,Early Access",20,12,8
753590,"Action,Indie",401,278,123
654740,"Action,Adventure,Indie,Early Access",10,7,3
1148930,"Adventure,Casual,Indie",7,7,0
96000,"Adventure,Casual,Indie",1426,1248,178
458410,"Free to Play,Strategy,Early Access",0,0,0
1202820,"Casual,Indie",2,2,0
1207860,Casual,5,5,0
531180,"Action,Indie",64,54,10
1022040,"Casual,Indie",3,1,2
1920760,"Animation & Modeling,Design & Illustration",0,0,0
1653510,"Action,Sports,Strategy",0,0,0
1426120,"Adventure,Casual,Indie,RPG",82,77,5
1271100,"Action,Adventure",111,91,20
241910,"Adventure,Indie",497,407,90
584370,"Adventure,Indie,Simulation",100,67,33
1153570,"Action,Adventure,Indie,RPG,Early Access",1,0,1
831770,"Action,Indie,Racing",19,12,7
1344530,"Casual,Simulation",121,103,18
1346120,"Action,Adventure,Indie",9,4,5
1333890,Adventure,21,19,2
592750,"Adventure,Indie",14,12,2
555320,"Casual,Indie",66,49,17
1490580,"Casual,Indie,Strategy,Early Access",0,0,0
850980,Action,158,137,21
330500,Casual,8,6,2
1210250,"Action,Adventure,Free to Play",7,7,0
1296980,"Adventure,Indie",38,31,7
963000,"Adventure,Indie",1337,1278,59
1438280,"Casual,Indie,Strategy",3,1,2
1256550,"Casual,Indie,Early Access",0,0,0
351860,Strategy,143,108,35
1235110,"Indie,RPG,Simulation",278,266,12
1250350,"Indie,Early Access",1,1,0
1174200,"Action,Adventure,Indie,Strategy",0,0,0
1201000,"Indie,RPG,Simulation,Strategy,Early Access",11,7,4
335700,"Action,Indie,RPG",54,31,23
1395020,Casual,4,2,2
1646710,"Casual,Strategy",4,4,0
1021640,"Casual,Indie",3,3,0
868780,"Adventure,Indie,RPG",28,23,5
332070,"Adventure,Free to Play,Massively Multiplayer,RPG",17,8,9
812860,"Action,Casual,Indie",11,9,2
1714200,"Action,Casual",0,0,0
822530,"Action,Adventure,Casual,Indie",22,11,11
6810,Action,261,221,40
717060,"Action,Indie",3,3,0
385700,"Action,Indie",22,7,15
709020,"Action,Adventure,Simulation",1,0,1
952980,"Action,Adventure,Casual,Indie,RPG",0,0,0
1534000,Action,0,0,0
1867430,"Action,Free to Play,Indie,Racing,Early Access",0,0,0
891480,"Casual,Free to Play,Indie,RPG,Strategy",2,2,0
1189020,"Action,Adventure,Casual,Indie",2,0,2
357070,"Action,Indie",1054,948,106
1898530,"Casual,Indie,Strategy",0,0,0
1547370,"Action,Casual,Indie",1,1,0
1307870,"Adventure,Indie",98,91,7
806610,"Action,Casual",8,6,2
1765990,"Action,Indie,Sports",9,7,2
951740,"Indie,Sports",51,43,8
1017270,"Action,Indie",1,1,0
755590,"Action,Indie",17,16,1
427250,"Indie,Simulation,Strategy",1069,857,212
777340,"Casual,Indie",10,8,2
502810,"Indie,RPG,Simulation,Strategy",4,0,4
408240,"Casual,Indie",5,2,3
274190,"Action,Adventure,Casual,Indie",17467,16891,576
566810,"Action,Indie",0,0,0
1926730,Casual,9,7,2
46720,RPG,13,3,10
766000,"Casual,Indie",17,15,2
1517290,"Action,Adventure,Casual",59172,18905,40267
1268280,"Casual,Indie,Racing,Simulation",1,0,1
849140,"Adventure,Indie,RPG",7,5,2
407150,"Action,Adventure,Casual,Indie,Strategy",7,4,3
1547970,"Action,Adventure,Indie",3,1,2
823700,"Action,Racing,Simulation,Sports",21,12,9
669630,"Action,Adventure,Indie",0,0,0
1726590,"Action,Casual,Indie,Racing",9,8,1
562520,"Action,Casual,Indie",29,13,16
1310840,Casual,0,0,0
1512480,"Action,Indie,RPG,Early Access",133,126,7
1274610,"Casual,Indie",8,5,3
1044820,Action,0,0,0
500480,"Action,Indie,Simulation,Sports,Early Access",31,22,9
1316230,"Action,Adventure,Indie,RPG,Strategy",326,261,65
1846960,"Adventure,RPG,Strategy",3,2,1
726030,"Casual,Indie,Simulation,Strategy",3,0,3
1676530,"Casual,Indie",0,0,0
560300,"Action,Adventure,Indie,RPG",40,38,2
1030060,"Action,Adventure,Indie,RPG",5,4,1
1408220,"Action,Free to Play,Massively Multiplayer,RPG",0,0,0
1921560,"Adventure,Casual",50,45,5
971230,"Adventure,Indie,RPG",0,0,0
642770,"Indie,Simulation,Audio Production,Early Access",94,88,6
691320,"Action,Indie,Simulation",345,259,86
1182530,Adventure,7,7,0
966470,"Action,Adventure,Indie,RPG,Strategy",9,5,4
502720,"Action,Adventure,Indie,RPG,Simulation",87,67,20
1815430,"Casual,Indie",1,1,0
1155660,"Adventure,Indie,RPG",31,26,5
1278670,"Free to Play,Strategy",0,0,0
466100,"Adventure,Casual",8,6,2
752570,"Adventure,Casual",12,6,6
1764390,Simulation,1360,1340,20
869870,"Adventure,Indie",7,4,3
91700,"Action,Indie,RPG",4297,3676,621
300340,"Action,Adventure,Indie",90,79,11
793450,"Adventure,Indie,RPG",43,40,3
357830,"Action,Indie",21,14,7
297490,Indie,67,53,14
600650,"Casual,Indie",19,17,2
534240,"Adventure,Indie,RPG,Early Access",0,0,0
1279770,"Action,Indie,RPG,Simulation,Strategy",2,2,0
878340,"Action,Adventure,Indie,RPG",1,1,0
1468220,"Adventure,Indie",11,10,1
1838250,"Action,Adventure,Indie,Early Access",1,0,1
851980,"Action,Casual,Indie,Sports",12,7,5
1923470,"Casual,Indie",3,3,0
1842190,"Casual,Indie,Strategy",0,0,0
1551760,"Adventure,Casual,Indie",2,1,1
430290,Action,23,21,2
322500,"Action,Indie",12953,11583,1370
1950140,"Indie,RPG",0,0,0
591960,"Adventure,Free to Play,RPG,Strategy",2,2,0
590560,"Action,Indie,Strategy",0,0,0
698600,"Action,Casual,Early Access",2,0,2
1447800,"Action,Indie",0,0,0
1058740,"Indie,Simulation,Strategy",43,33,10
1566680,"Indie,RPG,Simulation",3,1,2
1065650,"Action,Casual,Indie",1,1,0
1463420,"Action,Adventure,Indie",7,5,2
1875980,"Indie,Simulation",0,0,0
1126130,"Action,Adventure,Casual,Indie",20,11,9
1693390,"Action,Casual,Indie,Simulation",2,2,0
284240,"Adventure,Indie",518,450,68
545840,"Action,Adventure,Indie,Early Access",1,1,0
1589260,"Action,Indie,Strategy",0,0,0
340310,"Adventure,Casual,Indie",168,125,43
293960,"Indie,Simulation,Strategy",39,25,14
1340640,"Action,Adventure,Indie",124,108,16
535330,"Action,Casual,Indie,Massively Multiplayer",19,18,1
705500,"Casual,Indie,Simulation,Strategy",25,23,2
1153840,"Action,Casual,Indie",4,3,1
268360,"Indie,Racing",111,79,32
507390,"Adventure,Indie",136,69,67
51030,"Casual,Indie",7,6,1
1960790,"Adventure,Free to Play,Indie,Massively Multiplayer,RPG,Strategy",2,0,2
1217060,"Action,Adventure,Indie,RPG",26098,25307,791
1509770,"Massively Multiplayer,Simulation,Strategy,Early Access",10,6,4
359650,"Action,Adventure,Simulation",90,83,7
906560,"Casual,Indie",2,0,2
1113530,"Action,Indie",0,0,0
882030,Utilities,0,0,0
1375300,"Action,Indie,Massively Multiplayer",0,0,0
258050,"Action,Indie,Strategy",283,173,110
1636070,"Action,Indie",5,5,0
662780,"Action,Indie,Strategy,Early Access",1,1,0
1469910,Casual,36,26,10
404920,"Simulation,Strategy",79,32,47
1578650,"Adventure,Indie,RPG",1570,1500,70
1888010,"Free to Play,Indie,RPG",0,0,0
274520,"Action,Adventure,Indie,RPG",5836,5506,330
524580,"Adventure,RPG",541,451,90
1679530,"Simulation,Sports",0,0,0
1762510,Simulation,2,1,1
1137330,"Adventure,Casual",18,14,4
2023800,"Action,Adventure,Indie,Early Access",11,7,4
530370,Indie,11,10,1
1550990,"Action,Adventure,Casual,Indie,Simulation",13,12,1
1587090,"Adventure,Casual,Simulation",239,236,3
1515950,"Action,Free to Play",102,90,12
307780,Action,8869,6789,2080
1358530,"Adventure,Indie",27,19,8
1587940,"Action,Casual,Indie,Simulation",2,1,1
331190,"Action,Indie",160,132,28
684510,"Action,Adventure,Indie",4,2,2
763070,"Violent,Gore,Action,Adventure,Indie",12,8,4
402160,"Indie,Simulation,Strategy,Early Access",229,98,131
378860,Racing,5499,4416,1083
1245630,"Racing,Sports",4,1,3
711190,"Casual,Indie",0,0,0
443450,"Action,Indie",30,21,9
1782270,"Casual,Indie",4,4,0
635430,"Action,Simulation",8,5,3
1437680,"Casual,Free to Play,Simulation,Early Access",0,0,0
564530,"Simulation,Strategy",1101,1006,95
2001220,"Adventure,Casual,Indie",2,2,0
1255550,"Casual,Free to Play,Indie",0,0,0
698160,"Violent,Action,Adventure,Indie",4,0,4
1427910,Casual,3,2,1
647900,"Adventure,Casual",3,3,0
654610,"Action,Casual,Indie",39,25,14
1208380,"Free to Play,Simulation,Early Access",0,0,0
1719880,"Casual,Indie,Strategy",0,0,0
1216560,Indie,0,0,0
1269620,"Adventure,Casual,Free to Play,Indie",0,0,0
768270,Adventure,11,10,1
1445260,"Casual,Strategy",7,7,0
1084790,"Indie,Simulation,Strategy",66,49,17
816340,"Indie,Strategy",1065,1008,57
1116530,"Adventure,Early Access",0,0,0
1015650,"Indie,Simulation",0,0,0
1135180,Indie,19,17,2
1778470,"Action,Casual,Indie,Simulation",2,0,2
1440910,"Action,Adventure,Early Access",1,1,0
593030,Strategy,120,105,15
968370,"Adventure,Casual,Indie,RPG",51,42,9
382110,Utilities,1308,932,376
597700,"Action,Adventure,Indie",161,144,17
1929930,"Adventure,Indie,RPG,Simulation",5,5,0
585550,"Action,Casual,Indie,Simulation",660,536,124
1058350,"Casual,Indie",19,15,4
709800,"Violent,Gore,Action,Adventure,Casual,Indie,Racing,Sports",14,3,11
1661280,"Action,Adventure,Indie,Simulation",0,0,0
1357410,"Action,Indie,Racing,Simulation",10,8,2
403680,"Action,Indie,Racing",6,3,3
1054340,"Indie,Simulation,Early Access",154,144,10
415740,"Action,Adventure,Casual,Indie,Racing,Simulation",281,218,63
1267120,Action,0,0,0
1949740,"Action,Casual,Free to Play,Indie",0,0,0
616490,"Action,Indie",6,2,4
1728880,Casual,18,12,6
402620,Adventure,545,532,13
1318800,Indie,59,58,1
1462060,"Action,Indie",14,8,6
384010,"Action,Casual,Indie",11,4,7
1690860,"Casual,Free to Play,Indie",0,0,0
666660,"Adventure,Strategy",9,5,4
1330300,"Casual,Strategy",1,1,0
37280,Simulation,30,23,7
490370,Strategy,221,189,32
647820,"Action,Indie",19,4,15
1300190,"Indie,RPG",19,13,6
1327970,"Casual,Indie",0,0,0
717120,"Action,Adventure",14,8,6
271820,"Adventure,Casual,Indie",491,441,50
1504030,"Casual,Indie,Racing,Simulation",0,0,0
1859490,"Casual,Indie,Strategy,Early Access",24,21,3
1084020,"Indie,Simulation,Strategy",404,362,42
534880,"Action,Adventure,Indie",6,5,1
958740,"RPG,Strategy",65,52,13
214830,"Action,Casual,RPG",628,558,70
922480,"Action,Casual,Free to Play,Indie,Massively Multiplayer,Strategy,Early Access",0,0,0
1572040,"Adventure,Indie",81,80,1
1580250,"Adventure,Casual,Indie",1,1,0
1395330,"Action,Casual,Free to Play,Simulation,Early Access",0,0,0
1359310,Adventure,12,11,1
1378180,"Adventure,Indie,RPG,Strategy",0,0,0
649660,"Violent,Gore,Action,Adventure,Indie,Early Access",4,2,2
1034880,"Casual,Indie",0,0,0
1886230,"Casual,Indie,Sports",0,0,0
739980,"Casual,Indie",102,80,22
939400,"Adventure,Indie,RPG,Simulation",600,551,49
940020,"Adventure,Casual,Indie,RPG,Simulation,Strategy,Early Access",1,0,1
497270,"Action,Indie,Massively Multiplayer,Early Access",14,10,4
1958530,"Adventure,Casual",0,0,0
206370,"Action,Indie",176,169,7
285520,"Action,Racing",40,29,11
882910,"Action,Adventure,Massively Multiplayer,Simulation",6,0,6
424260,Action,14,6,8
533950,"Action,Adventure,Indie,RPG",63,48,15
670060,"Action,Adventure,Indie",13,13,0
1482490,Strategy,3,3,0
1708580,Indie,3,0,3
903630,"Adventure,Casual,Indie",55,53,2
1145810,"Action,Adventure,Indie",9,7,2
296180,"Action,Adventure,Indie",42,23,19
1543120,"Adventure,Casual,Indie",3,3,0
1626510,"Action,Adventure,Indie,Early Access",0,0,0
1407240,"Indie,Simulation",3,2,1
1694640,"Casual,Strategy",2,2,0
495980,"Action,Adventure,Casual,Indie",51,32,19
1709180,Casual,17,16,1
723210,"Casual,Strategy",1,0,1
1929910,"Adventure,Casual,Indie",4,4,0
1150590,"Action,Adventure",532,452,80
250700,"Action,Indie",433,385,48
1600280,"Casual,Indie,Simulation",1,0,1
360650,"Casual,Strategy",242,197,45
947390,"Adventure,Casual,Indie,Simulation",11,8,3
384910,"Adventure,Casual,Indie",24,19,5
628030,Strategy,9,6,3
502780,"Adventure,Indie",8,6,2
1130510,Indie,10,9,1
1528080,"Casual,Simulation",0,0,0
455700,"Action,Simulation,Sports,Strategy",32,21,11
1203780,"Action,Indie",1,1,0
279520,"Action,Casual,Indie,Racing,Simulation",14,6,8
1093520,"Adventure,Casual,Indie",36,34,2
1855760,"Indie,RPG",5,4,1
1885880,"Adventure,RPG",2,2,0
1113300,Strategy,32,25,7
226100,"Action,Casual,Indie,Strategy",472,357,115
721890,Action,6,4,2
1779970,"Action,Indie",2,1,1
627910,"Action,Adventure",125,75,50
891790,Action,68,60,8
212160,"Action,Adventure,Free to Play,Massively Multiplayer,RPG",59,15,44
1109490,"Casual,Indie",24,24,0
239660,"Action,Free to Play",5,2,3
1525890,"Action,Adventure,Indie",13,12,1
1295500,Strategy,1570,1423,147
1248550,"Action,Indie,Early Access",5,1,4
1791460,"Casual,Indie",9,9,0
1661920,"Action,Indie",37,31,6
704270,"Action,Adventure",10681,8019,2662
1765130,"Casual,Strategy",2,0,2
884410,"Adventure,Indie,RPG",15,9,6
1378730,"Adventure,Indie",0,0,0
734700,"Action,Adventure,Indie,Early Access",16,15,1
539190,"Action,Casual,Indie,Sports,Early Access",1,1,0
1185490,"RPG,Strategy,Early Access",43,30,13
1804570,"Action,Casual,Indie,RPG,Strategy",1,0,1
1454480,"Action,Adventure,Indie",0,0,0
1689220,"Action,Indie,Strategy",2,2,0
1837200,"Action,Free to Play,Indie",0,0,0
340170,"Action,RPG",1346,824,522
1717050,"Action,Adventure,Casual,Free to Play,Indie,RPG",0,0,0
1932860,Casual,3,2,1
930500,"Indie,Simulation",4,3,1
1049380,"Action,Adventure,Indie,Strategy",0,0,0
540770,"Adventure,Indie",7,6,1
1951050,"Action,Free to Play,Indie",0,0,0
952140,Action,0,0,0
634160,"Casual,Indie,RPG,Simulation",1632,1566,66
1673550,"Casual,Indie,Simulation",8,7,1
1062530,"Action,Indie",0,0,0
983790,"Action,Adventure,Casual,Indie",4,4,0
537060,"Free to Play,Simulation,Early Access",0,0,0
1961930,Casual,1,1,0
417920,"Violent,Action,Adventure,Indie",11,3,8
756650,Action,1,0,1
788820,"Action,Adventure,Indie",0,0,0
346090,"Adventure,Indie",30,24,6
1216610,"Casual,Indie,Strategy",14,11,3
361110,"Action,Adventure,Indie",6,4,2
431600,"Racing,Simulation,Sports",569,489,80
427770,"Action,Indie",8,7,1
1566460,"Action,Adventure,Indie,Early Access",1,1,0
1002930,"Free to Play,RPG,Strategy",0,0,0
1662860,"Action,Adventure,Casual,RPG,Simulation,Strategy,Early Access",0,0,0
697630,"Action,Adventure,Indie,Massively Multiplayer,Racing,RPG,Simulation,Early Access",20,8,12
1783810,Indie,1,0,1
856190,"Action,Indie,Strategy",1,1,0
1107440,"Action,Adventure,Indie,Simulation",5,3,2
1997670,Casual,0,0,0
1043890,Adventure,11,10,1
848300,"Casual,Indie",17,8,9
493770,"Casual,Indie,RPG",2,1,1
1191510,"Action,Casual,Indie",2,1,1
365660,"Action,Indie,Sports",287,245,42
936180,RPG,66,47,19
1313880,Action,0,0,0
1634750,"Casual,Indie",7,7,0
1471510,Casual,1,0,1
920800,"Casual,Indie",3,3,0
1586700,"Action,Adventure",29,27,2
436340,"Free to Play,Indie,Simulation",2,2,0
988080,"Action,Casual,Indie,Simulation,Sports",1,0,1
1467020,"Action,Indie",33,22,11
740950,"Action,Casual,Indie",2,2,0
1202570,"Action,Indie",3,3,0
1180330,"Adventure,Casual",59,45,14
253880,Strategy,186,128,58
1440450,"Animation & Modeling,Audio Production,Design & Illustration,Utilities,Video Production,Early Access",0,0,0
317720,"Action,Indie,Strategy",9,2,7
931680,"Casual,Indie",1,1,0
1911400,"Adventure,Indie,Early Access",1,1,0
1687480,"Action,Casual,Indie,Early Access",1,1,0
1855470,"Action,Adventure,Casual,Indie,Simulation",7,4,3
854030,"Adventure,Casual,Indie",8,3,5
1392570,"Action,Adventure,Indie,Early Access",1,1,0
1546500,"Action,Simulation",245,222,23
1651260,"Action,Indie,Early Access",1,1,0
611710,RPG,26,26,0
1114090,Indie,0,0,0
318690,"Action,Indie",58,9,49
335670,"Adventure,Indie,RPG",8547,8236,311
755610,"Action,Indie",3,3,0
417200,"Action,Adventure,Indie,Simulation,Early Access",32,18,14
552370,"Indie,Sports",12,11,1
1897830,"Casual,Indie",2,1,1
1126550,Indie,1,1,0
1500490,Action,3,3,0
1724670,"Adventure,Indie,Strategy,Early Access",0,0,0
632710,"Sexual Content,Adventure,Casual",41,38,3
1868730,"Simulation,Strategy",0,0,0
769370,"Action,Adventure,Casual,Indie",5,2,3
803840,Indie,1,1,0
1899700,"Casual,Free to Play,Indie",0,0,0
451640,"Adventure,Casual,Indie",41,37,4
1623240,"Action,Adventure,Casual",5,3,2
1048260,"Action,Adventure,Indie",1,0,1
1611640,"Action,Indie,RPG,Strategy",5,5,0
877910,"Action,Adventure,Casual,Free to Play,Indie",0,0,0
409340,"Action,Indie,Early Access",35,20,15
978960,"Simulation,Sports,Strategy",93,67,26
1163610,"Action,Adventure,Casual,Indie,Simulation",0,0,0
590790,"Action,Casual,Indie,Racing,Simulation",6,2,4
1070690,"Action,Adventure,Casual,Indie,Simulation",71,47,24
1782130,Adventure,3,3,0
1488670,"Casual,Indie,Simulation",3,2,1
1449650,"Casual,Indie,Sports,Strategy",2,1,1
1290550,"Casual,Indie,Strategy",0,0,0
1142850,"Action,Indie",7,3,4
828520,Action,2,2,0
1101930,"Adventure,Indie",33,27,6
829760,"Action,Casual,Indie,Sports",1,1,0
1081630,"Adventure,Casual,Indie",2,2,0
1543970,"Indie,RPG,Strategy",0,0,0
1371280,"Action,Adventure",0,0,0
1544110,"Action,Adventure,Indie,Early Access",0,0,0
726340,"Action,Adventure,Indie",36,28,8
1147960,"Action,Adventure,Casual,Indie,Simulation",196,134,62
1298100,"Action,Adventure,Indie,Simulation",3,2,1
1459760,"Action,Adventure,Indie,Racing",0,0,0
883560,"Action,Adventure,Indie",4,4,0
1329480,Casual,2,0,2
397400,"Casual,Free to Play,Indie,Strategy",9,8,1
1343700,"Action,Casual,Indie,Strategy",5,5,0
1802700,Casual,0,0,0
434300,"Action,Adventure,Indie",2,2,0
2013300,"Action,Indie,RPG",40,27,13
958490,"RPG,Strategy",4,3,1
1725440,"Adventure,Indie",27,23,4
1001740,"Action,Indie",4,4,0
857410,Adventure,0,0,0
1005520,"Adventure,Casual,Indie,Simulation",2,2,0
834280,"Casual,Simulation,Sports",349,271,78
593620,"Action,Free to Play,Indie,Massively Multiplayer",0,0,0
1062160,"Indie,Simulation",3012,2901,111
671850,"Action,Adventure,Indie",1,0,1
265210,"Gore,Indie,Simulation",2175,1996,179
966760,Casual,3,2,1
774541,"Simulation,Early Access",661,480,181
1389580,"Action,Casual,Indie",0,0,0
674320,"Action,Indie",1,1,0
1888810,"Casual,Free to Play,Indie,Simulation",0,0,0
396800,"Casual,Indie,Strategy",107,93,14
676210,"Action,Adventure,Indie,RPG,Simulation",2,1,1
793940,"Casual,Simulation",16,11,5
1699870,"Action,Adventure,Free to Play,Indie",0,0,0
1076210,"Casual,Indie",76,58,18
1082930,"Adventure,Indie",97,81,16
863460,"Action,Indie,Simulation,Strategy",51,26,25
19900,Action,6715,5311,1404
921720,"Action,Casual,Indie",0,0,0
1465170,"Casual,Indie",11,6,5
1331080,Casual,0,0,0
446510,"Action,Casual,Indie,Sports,Early Access",2,2,0
724970,RPG,92,69,23
882250,"Action,Adventure,Casual,Indie,RPG,Simulation",163,129,34
740810,"Casual,Indie,Simulation",17,12,5
1808260,"Casual,Indie",1,0,1
459540,"Indie,Simulation,Sports",41,31,10
57800,"Adventure,Casual,Indie",77,26,51
1376640,"Casual,Indie",11,10,1
1900650,"Indie,Simulation",1,1,0
1258640,"Simulation,Strategy",1,0,1
1507720,"Adventure,Indie,RPG",21,20,1
1776160,"Casual,Free to Play,Indie,RPG",0,0,0
850690,"Action,Adventure,Indie",67,37,30
733840,"Casual,Simulation",1,0,1
1743260,"Adventure,Free to Play,Indie",0,0,0
1519000,"Casual,Indie",1,1,0
850930,"Adventure,Casual,Indie,RPG",1,1,0
985090,"Action,Adventure,Casual,Indie",0,0,0
1720740,Indie,2,2,0
538000,Casual,11,8,3
667630,"Action,Casual,Indie",1,0,1
1086990,"Action,Adventure,Indie,Simulation,Strategy",10,3,7
903640,Simulation,0,0,0
13240,Action,1982,1922,60
465870,Action,24,15,9
1527280,"Casual,Indie,Racing,Simulation",0,0,0
466240,"Action,Free to Play,Indie",740,495,245
1264080,"Action,Casual,Indie",2,1,1
1255870,"Action,Adventure,Indie",3,3,0
1190320,"Casual,Simulation,Early Access",0,0,0
1707470,"Indie,RPG,Early Access",0,0,0
65070,"Racing,Simulation",52,28,24
440770,"Adventure,Indie,Early Access",6,1,5
404630,"Casual,Indie,Strategy",9,4,5
70640,Strategy,207,178,29
964350,"Adventure,Casual,Free to Play,Indie,RPG,Simulation,Strategy",1,1,0
1831550,Action,3,3,0
1987150,"Adventure,Casual,Indie,RPG,Strategy",0,0,0
253030,"Action,Indie,Racing",1203,1136,67
1087940,"Adventure,Casual,Indie",7,7,0
1367220,"Action,Casual,Indie",9,9,0
1737280,"Action,Adventure,Casual,Indie,Simulation",4,3,1
1761040,"Casual,Indie,Simulation",2,2,0
682670,"Adventure,Indie,RPG",0,0,0
1522710,"Casual,Indie",8,7,1
992740,"Adventure,Casual,Indie",2,2,0
1584530,"Action,Indie",3,3,0
1702750,Animation & Modeling,0,0,0
340720,"Adventure,Casual,Indie,Strategy",14,11,3
1905080,"Action,Casual,Indie,Simulation,Strategy",1,1,0
1099010,"Indie,Sports",7,4,3
1620340,"Action,Indie,RPG,Simulation,Sports",724,681,43
1011620,"Adventure,Casual,Indie",6,6,0
697330,"Action,Indie,Simulation",0,0,0
375330,"Action,Indie",25,16,9
612510,"Casual,Indie,Strategy",5,1,4
1592240,"Action,Adventure,Casual,Indie,RPG",0,0,0
1048530,"Strategy,Early Access",10,8,2
2018280,Indie,10,9,1
1204880,"Action,Casual,Indie",4,3,1
1137730,"Casual,Indie",14,10,4
671740,"Action,Casual,Indie,Simulation,Sports",41,34,7
1631770,"Action,Adventure,Indie",3,3,0
1532780,"Casual,Indie,Strategy",10,9,1
825320,"Casual,Indie",5,5,0
1749420,"Adventure,Casual,Indie",3,3,0
1003230,"Action,Indie,Strategy",4,3,1
1032230,"Casual,Indie",2,2,0
1601900,Action,0,0,0
1264250,Simulation,1028,771,257
1732750,Indie,44,41,3
1689090,"Indie,Strategy,Early Access",12,8,4
1923060,"Adventure,Free to Play",0,0,0
269710,"Action,Casual,Indie,Strategy",69,63,6
1388530,Adventure,0,0,0
687390,"Casual,Indie,Simulation",3,1,2
1567690,"Adventure,Casual,Indie,Simulation",1,0,1
921960,"Indie,Simulation,Sports",1,0,1
1452480,"Casual,Indie,Simulation,Strategy",6,4,2
916880,"Casual,Indie",3,2,1
717610,"Adventure,Indie",184,157,27
545890,"Action,Adventure,Casual,Indie",8,5,3
1756510,"Action,Adventure,Simulation",0,0,0
944840,"Free to Play,Simulation",0,0,0
925160,Utilities,0,0,0
1686530,"Adventure,Free to Play,Indie,Strategy",0,0,0
1349040,"Action,Adventure,Casual,Indie,RPG,Strategy",236,206,30
1159550,"Casual,Indie",0,0,0
1522970,"Sports,Early Access",6,6,0
1437270,"Action,Adventure,Indie",6,5,1
1745620,"Adventure,Casual,Indie",8,6,2
1600720,Adventure,19,19,0
435440,"Free to Play,Massively Multiplayer,Strategy",0,0,0
641050,Casual,1,1,0
1254110,"Casual,Free to Play",0,0,0
1887020,"Action,Adventure,RPG,Simulation,Early Access",72,51,21
1572190,"Casual,Indie,Racing,Strategy",3,2,1
266150,"Action,Casual,Free to Play",5,4,1
1772730,"Action,Indie",1,1,0
1333950,"Action,Adventure,Indie",0,0,0
396610,"Action,Indie",2,0,2
1539100,"Action,Adventure",2,1,1
2015120,"Casual,Indie",1,1,0
960070,"Casual,Simulation",1,1,0
660570,RPG,13,9,4
1264990,"Casual,Indie,Simulation",1,0,1
1028280,"Casual,Indie,Simulation",1,1,0
853050,"Adventure,Indie,Strategy",25,15,10
22610,Action,377,285,92
1123850,"Casual,Indie",1,1,0
956380,"Adventure,Casual",6,5,1
1265230,"Action,Casual,Free to Play,Indie,Massively Multiplayer,Racing,Simulation,Sports",0,0,0
702820,RPG,1,1,0
1156980,"Casual,Indie",4,3,1
678440,"Adventure,Casual",13,13,0
3400,Casual,36,33,3
334070,"Action,Adventure,Indie",168,108,60
107200,"Action,Indie,RPG,Strategy",1707,1587,120
1251290,"Action,Adventure,Indie,RPG",3,0,3
688930,"Adventure,Indie,Massively Multiplayer,RPG,Strategy",7,6,1
778140,Casual,1,1,0
323220,"Action,Adventure,Indie,RPG",2120,1904,216
882790,RPG,238,223,15
759850,"Action,Casual,Indie,RPG,Sports",1,1,0
962250,Casual,2,2,0
1537390,"Adventure,Casual,Indie,Strategy",4,3,1
1807080,"Action,Indie,Early Access",486,422,64
981990,"Casual,Indie",0,0,0
1466530,"Adventure,Casual,Early Access",2,2,0
465200,"Action,Adventure,Indie,RPG",387,353,34
1008600,"Action,Indie,RPG",1,1,0
619740,"Gore,Adventure,Indie",18,6,12
893690,"Action,Indie",67,62,5
1027190,"Indie,Simulation,Sports",18,17,1
416610,"Action,Adventure,Indie",8,0,8
1362130,"Simulation,Strategy",6,4,2
837240,"Casual,Indie,Simulation",10,5,5
1554110,"Adventure,Indie,RPG",0,0,0
964040,"Casual,Free to Play,Indie",0,0,0
1174420,"Indie,Simulation,Strategy",8,6,2
1552960,"Action,Adventure,Casual,Indie,Strategy",12,8,4
1778270,"Casual,RPG,Simulation",6,5,1
1719220,"Adventure,Casual",4,2,2
1869330,"Casual,Indie",1,1,0
1923420,"Action,Indie",5,5,0
1215180,"Adventure,Indie,Massively Multiplayer,Simulation,Early Access",124,57,67
1801920,Casual,1,0,1
655290,"Action,Adventure,Indie,RPG,Simulation,Early Access",349,258,91
218680,"Adventure,Casual,Strategy",4327,4014,313
1717800,"Action,Adventure,Indie,Strategy",1,0,1
599460,"Adventure,Casual,Indie,RPG,Simulation",247,196,51
1666240,"Action,Adventure,Indie",5,5,0
430230,"Action,Indie,Racing",7,6,1
928440,"Action,Casual,Indie",32,28,4
1405470,"Adventure,Indie,RPG",109,85,24
1675970,Strategy,0,0,0
1847900,"Adventure,Casual,Free to Play,Indie",0,0,0
1201530,RPG,0,0,0
1211950,"Adventure,Indie,RPG,Strategy,Early Access",2,2,0
1204030,"Action,Adventure,Indie,Simulation,Strategy",1,1,0
879530,"Action,Casual,Indie",0,0,0
1844190,Adventure,12,10,2
273730,"Casual,Free to Play,Racing,Simulation",74,16,58
1219080,"Adventure,Indie,RPG,Strategy",1,1,0
569640,"Action,Adventure,RPG",23,11,12
1190480,Action,2,1,1
591560,"Action,Indie",30,24,6
1564140,"Adventure,Casual,Indie,RPG,Strategy",0,0,0
1641340,"Free to Play,Strategy",0,0,0
389310,"Action,Adventure,Indie",14,8,6
1809170,"Adventure,Casual,Indie,RPG,Strategy,Early Access",1,1,0
832520,"Adventure,Indie,Strategy,Early Access",0,0,0
1328570,"Casual,Indie",25,25,0
1555900,"Casual,Indie",0,0,0
1822940,"Casual,Indie,RPG,Strategy",1,1,0
557600,"Adventure,Casual,Indie",3413,3258,155
689460,"Adventure,Indie,Strategy",0,0,0
1841520,"Adventure,Casual,Indie,RPG,Simulation",1,0,1
1366800,"Action,Utilities",2496,2295,201
